epoch,mark,Unused,Ankle Angle,Unused,Measured Torque (R),Unused,Unused,Toe FSR (R),Heel FSR (R),Channel 8,Exoskeleton time (seconds)
1769105897.625328,0,0.000000,49.110000,0.000000,0.000000,0.000000,0.000000,0.000000,-1.000000,8.000000,50.610000
1769105897.654367,0,0.000000,48.860000,0.000000,0.030000,0.000000,0.000000,0.000000,-0.010000,8.000000,50.630000
1769105897.685102,0,0.000000,49.060000,0.000000,0.000000,0.000000,0.000000,0.000000,0.000000,8.000000,50.650000
1769105897.698102,0,0.000000,50.110000,0.000000,0.070000,0.000000,0.000000,0.000000,0.000000,8.000000,50.650000
1769105897.699102,0,0.000000,51.950000,0.000000,0.010000,0.000000,0.000000,0.000000,0.000000,8.000000,50.680000
1769105897.721653,0,0.000000,54.450000,0.000000,0.020000,0.000000,0.000000,0.000000,0.000000,8.000000,50.680000
1769105897.722655,0,0.000000,56.930000,0.000000,-0.050000,0.000000,0.000000,0.000000,0.000000,8.000000,50.700000
1769105897.744163,0,0.000000,59.150000,0.000000,0.020000,0.000000,0.000000,0.000000,0.000000,8.000000,50.720000
1769105897.745163,0,0.000000,60.750000,0.000000,0.150000,0.000000,0.000000,0.000000,0.000000,8.000000,50.740000
1769105897.772745,0,0.000000,61.290000,0.000000,0.100000,0.000000,0.000000,0.000000,0.000000,8.000000,50.750000
1769105897.784745,0,0.000000,61.400000,0.000000,0.090000,0.000000,0.000000,0.000000,0.000000,8.000000,50.770000
1769105897.802259,0,0.000000,61.250000,0.000000,0.070000,0.000000,0.000000,0.000000,0.000000,8.000000,50.770000
1769105897.813259,0,0.000000,60.970000,0.000000,0.070000,0.000000,0.000000,0.000000,0.000000,8.000000,50.790000
1769105897.830262,0,0.000000,60.950000,0.000000,0.000000,0.000000,0.000000,0.000000,0.000000,8.000000,50.810000
1769105897.847562,0,0.000000,61.060000,0.000000,0.020000,0.000000,0.000000,0.000000,0.000000,8.000000,50.830000
1769105897.860562,0,0.000000,61.130000,0.000000,-0.020000,0.000000,0.000000,0.000000,0.000000,8.000000,50.840000
1769105897.871563,0,0.000000,61.110000,0.000000,0.100000,0.000000,0.000000,0.000000,0.030000,8.000000,50.860000
1769105897.887230,0,0.000000,60.720000,0.000000,0.050000,0.000000,0.000000,0.000000,0.100000,8.000000,50.860000
1769105897.887230,0,0.000000,60.380000,0.000000,-0.050000,0.000000,0.000000,0.000000,0.170000,8.000000,50.880000
1769105897.918819,0,0.000000,60.180000,0.000000,0.000000,0.000000,0.000000,0.000000,0.210000,8.000000,50.900000
1769105897.934448,0,0.000000,60.310000,0.000000,0.030000,0.000000,0.000000,0.000000,0.300000,8.000000,50.910000
1769105897.950339,0,0.000000,61.040000,0.000000,-0.010000,0.000000,0.000000,0.000000,0.400000,8.000000,50.930000
1769105897.971730,0,0.000000,61.930000,0.000000,0.120000,0.000000,0.000000,0.000000,0.520000,8.000000,50.950000
1769105897.971730,0,0.000000,62.680000,0.000000,0.140000,0.000000,0.000000,0.000000,0.660000,8.000000,50.970000
1769105897.981874,0,0.000000,62.840000,0.000000,0.100000,0.000000,0.000000,0.000000,0.760000,8.000000,50.970000
1769105898.013341,0,0.000000,62.610000,0.000000,0.000000,0.000000,0.000000,0.000000,0.820000,8.000000,51.000000
1769105898.032284,0,0.000000,62.270000,0.000000,0.100000,0.000000,0.000000,0.000000,0.870000,8.000000,51.000000
1769105898.051648,0,0.000000,62.130000,0.000000,0.010000,0.000000,0.000000,0.000000,0.890000,8.000000,51.020000
1769105898.058950,0,0.000000,62.000000,0.000000,0.050000,0.000000,0.000000,0.000000,0.930000,8.000000,51.040000
1769105898.076529,0,0.000000,61.810000,0.000000,0.020000,0.000000,0.000000,0.000000,0.940000,8.000000,51.060000
1769105898.092187,0,0.000000,61.340000,0.000000,0.000000,0.000000,0.000000,0.000000,0.970000,8.000000,51.060000
1769105898.107923,0,0.000000,61.000000,0.000000,0.000000,0.000000,0.000000,0.000000,0.980000,8.000000,51.090000
1769105898.132134,0,0.000000,61.000000,0.000000,-0.010000,0.000000,0.000000,0.000000,0.990000,8.000000,51.090000
1769105898.132134,0,0.000000,61.240000,0.000000,0.000000,0.000000,0.000000,0.000000,1.000000,8.000000,51.110000
1769105898.154618,0,0.000000,61.630000,0.000000,-0.030000,0.000000,0.000000,0.000000,0.990000,8.000000,51.130000
1769105898.154618,0,0.000000,62.200000,0.000000,0.050000,0.000000,0.000000,0.000000,0.990000,8.000000,51.150000
1769105898.178715,0,0.000000,63.150000,0.000000,0.090000,0.000000,0.000000,0.000000,0.990000,8.000000,51.150000
1769105898.199992,0,0.000000,63.660000,0.000000,0.030000,0.000000,0.000000,0.000000,0.990000,8.000000,51.180000
1769105898.210916,0,0.000000,63.950000,0.000000,0.120000,0.000000,0.000000,0.000000,0.980000,8.000000,51.180000
1769105898.232208,0,0.000000,63.880000,0.000000,0.170000,0.000000,0.000000,0.000000,0.950000,8.000000,51.200000
1769105898.233714,0,0.000000,63.630000,0.000000,0.020000,0.000000,0.000000,0.000000,0.910000,8.000000,51.220000
1769105898.250171,0,0.000000,63.750000,0.000000,0.000000,0.000000,0.000000,0.000000,0.860000,8.000000,51.240000
1769105898.265420,0,0.000000,63.660000,0.000000,0.100000,0.000000,0.000000,0.000000,0.790000,8.000000,51.250000
1769105898.281110,0,0.000000,63.270000,0.000000,0.050000,0.000000,0.000000,0.000000,0.750000,8.000000,51.270000
1769105898.301908,0,0.000000,62.220000,0.000000,0.030000,0.000000,0.000000,0.000000,0.720000,8.000000,51.290000
1769105898.312854,0,0.000000,60.830000,0.000000,-0.070000,0.000000,0.000000,0.000000,0.680000,8.000000,51.290000
1769105898.332290,0,0.000000,59.450000,0.000000,0.000000,0.000000,0.000000,0.000000,0.620000,8.000000,51.310000
1769105898.342402,0,0.000000,58.580000,0.000000,0.000000,0.000000,0.000000,0.000000,0.560000,8.000000,51.330000
1769105898.360106,0,0.000000,57.930000,0.000000,0.000000,0.000000,0.000000,0.000000,0.440000,8.000000,51.340000
1769105898.375850,0,0.000000,57.650000,0.000000,0.000000,0.000000,0.000000,0.000000,0.360000,8.000000,51.360000
1769105898.391772,0,0.000000,57.740000,0.000000,0.000000,0.000000,0.000000,0.000000,0.300000,8.000000,51.380000
1769105898.407526,0,0.000000,58.000000,0.000000,0.050000,0.000000,0.000000,0.000000,0.250000,8.000000,51.380000
1769105898.432386,0,0.000000,57.930000,0.000000,-0.010000,0.000000,0.000000,0.000000,0.230000,8.000000,51.400000
1769105898.440986,0,0.000000,57.250000,0.000000,0.020000,0.000000,0.000000,0.000000,0.200000,8.000000,51.410000
1769105898.440986,0,0.000000,56.520000,0.000000,0.000000,0.000000,0.000000,0.000000,0.170000,8.000000,51.430000
1769105898.472705,0,0.000000,56.020000,0.000000,0.000000,0.000000,0.000000,0.000000,0.150000,8.000000,51.450000
1769105898.486426,0,0.000000,55.770000,0.000000,-0.050000,0.000000,0.000000,0.000000,0.170000,8.000000,51.470000
1769105898.494316,0,0.000000,55.930000,0.000000,0.000000,0.000000,0.000000,0.000000,0.180000,8.000000,51.470000
1769105898.502061,0,0.000000,56.250000,0.000000,-0.020000,0.000000,0.000000,0.000000,0.180000,8.000000,51.500000
1769105898.533983,0,0.000000,56.380000,0.000000,0.000000,0.000000,0.000000,0.000000,0.200000,8.000000,51.500000
1769105898.533983,0,0.000000,56.560000,0.000000,0.030000,0.000000,0.000000,0.000000,0.200000,8.000000,51.520000
1769105898.552210,0,0.000000,56.700000,0.000000,0.000000,0.000000,0.000000,0.000000,0.200000,8.000000,51.540000
1769105898.565479,0,0.000000,56.860000,0.000000,-0.010000,0.000000,0.000000,0.000000,0.200000,8.000000,51.560000
1769105898.596492,0,0.000000,56.880000,0.000000,0.050000,0.000000,0.000000,0.000000,0.210000,8.000000,51.560000
1769105898.607091,0,0.000000,57.000000,0.000000,0.000000,0.000000,0.000000,0.000000,0.210000,8.000000,51.590000
1769105898.627305,0,0.000000,56.840000,0.000000,0.000000,0.000000,0.000000,0.000000,0.230000,8.000000,51.590000
1769105898.631544,0,0.000000,56.400000,0.000000,0.000000,0.000000,0.000000,0.000000,0.250000,8.000000,51.610000
1769105898.652492,0,0.000000,55.840000,0.000000,0.050000,0.000000,0.000000,0.000000,0.250000,8.000000,51.630000
1769105898.674502,0,0.000000,55.180000,0.000000,0.020000,0.000000,0.000000,0.000000,0.270000,8.000000,51.650000
1769105898.675027,0,0.000000,54.590000,0.000000,-0.020000,0.000000,0.000000,0.000000,0.280000,8.000000,51.650000
1769105898.689569,0,0.000000,54.000000,0.000000,0.010000,0.000000,0.000000,0.000000,0.280000,8.000000,51.680000
1769105898.717230,0,0.000000,53.540000,0.000000,0.010000,0.000000,0.000000,0.000000,0.280000,8.000000,51.700000
1769105898.727359,0,0.000000,53.290000,0.000000,0.010000,0.000000,0.000000,0.000000,0.300000,8.000000,51.700000
1769105898.737082,0,0.000000,52.990000,0.000000,0.200000,0.000000,0.000000,0.000000,0.310000,8.000000,51.720000
1769105898.768350,0,0.000000,52.770000,0.000000,0.010000,0.000000,0.000000,0.000000,0.310000,8.000000,51.740000
1769105898.775402,0,0.000000,52.400000,0.000000,0.030000,0.000000,0.000000,0.000000,0.330000,8.000000,51.750000
1769105898.783988,0,0.000000,51.750000,0.000000,0.000000,0.000000,0.000000,0.000000,0.340000,8.000000,51.770000
1769105898.783988,0,0.000000,50.970000,0.000000,0.000000,0.000000,0.000000,0.000000,0.370000,8.000000,51.790000
1769105898.815441,0,0.000000,50.250000,0.000000,0.010000,0.000000,0.000000,0.000000,0.410000,8.000000,51.790000
1769105898.832534,0,0.000000,49.750000,0.000000,0.010000,0.000000,0.000000,0.000000,0.460000,8.000000,51.810000
1769105898.847217,0,0.000000,49.340000,0.000000,0.010000,0.000000,0.000000,0.000000,0.500000,8.000000,51.830000
1769105898.862907,0,0.000000,48.880000,0.000000,0.010000,0.000000,0.000000,0.000000,0.550000,8.000000,51.840000
1769105898.862907,0,0.000000,48.330000,0.000000,0.020000,0.000000,0.000000,0.000000,0.570000,8.000000,51.860000
1769105898.878554,0,0.000000,47.840000,0.000000,0.070000,0.000000,0.000000,0.000000,0.620000,8.000000,51.880000
1769105898.910242,0,0.000000,47.250000,0.000000,0.010000,0.000000,0.000000,0.000000,0.680000,8.000000,51.880000
1769105898.910242,0,0.000000,46.680000,0.000000,0.010000,0.000000,0.000000,0.000000,0.750000,8.000000,51.900000
1769105898.932624,0,0.000000,46.180000,0.000000,0.070000,0.000000,0.000000,0.000000,0.800000,8.000000,51.910000
1769105898.957469,0,0.000000,45.810000,0.000000,0.000000,0.000000,0.000000,0.000000,0.850000,8.000000,51.930000
1769105898.980223,0,0.000000,45.490000,0.000000,0.020000,0.000000,0.000000,0.000000,0.880000,8.000000,51.950000
1769105898.980223,0,0.000000,44.900000,0.000000,0.000000,0.000000,0.000000,0.000000,0.920000,8.000000,51.970000
1769105899.004892,0,0.000000,44.330000,0.000000,0.000000,0.000000,0.000000,0.000000,0.940000,8.000000,51.970000
1769105899.026889,0,0.000000,43.500000,0.000000,0.050000,0.000000,0.000000,0.000000,0.970000,8.000000,52.000000
1769105899.026889,0,0.000000,42.650000,0.000000,-0.100000,0.000000,0.000000,0.000000,0.980000,8.000000,52.000000
1769105899.051462,0,0.000000,41.720000,0.000000,-0.070000,0.000000,0.000000,0.000000,0.990000,8.000000,52.020000
1769105899.068427,0,0.000000,41.060000,0.000000,0.100000,0.000000,0.000000,0.000000,0.990000,8.000000,52.040000
1769105899.073749,0,0.000000,40.410000,0.000000,-0.020000,0.000000,0.000000,0.000000,0.990000,8.000000,52.060000
1769105899.093885,0,0.000000,40.150000,0.000000,0.000000,0.000000,0.000000,0.000000,0.990000,8.000000,52.060000
1769105899.104436,0,0.000000,40.200000,0.000000,0.100000,0.000000,0.000000,0.000000,0.980000,8.000000,52.090000
1769105899.113794,0,0.000000,40.520000,0.000000,0.000000,0.000000,0.000000,0.000000,0.950000,8.000000,52.110000
1769105899.132910,0,0.000000,40.720000,0.000000,0.070000,0.000000,0.000000,0.000000,0.930000,8.000000,52.110000
1769105899.160864,0,0.000000,40.660000,0.000000,0.000000,0.000000,0.000000,0.000000,0.870000,8.000000,52.130000
1769105899.160864,0,0.000000,40.340000,0.000000,0.020000,0.000000,0.000000,0.000000,0.810000,8.000000,52.150000
1769105899.176750,0,0.000000,39.970000,0.000000,-0.070000,0.000000,0.000000,0.000000,0.750000,8.000000,52.160000
1769105899.192567,0,0.000000,38.880000,0.000000,0.010000,0.000000,0.000000,0.000000,0.720000,8.000000,52.180000
1769105899.218900,0,0.000000,37.680000,0.000000,-0.010000,0.000000,0.000000,0.000000,0.670000,8.000000,52.200000
1769105899.232986,0,0.000000,36.150000,0.000000,0.000000,0.000000,0.000000,0.000000,0.610000,8.000000,52.200000
1769105899.232986,0,0.000000,34.700000,0.000000,0.000000,0.000000,0.000000,0.000000,0.540000,8.000000,52.220000
1769105899.255525,0,0.000000,33.380000,0.000000,0.000000,0.000000,0.000000,0.000000,0.440000,8.000000,52.240000
1769105899.281192,0,0.000000,32.150000,0.000000,0.050000,0.000000,0.000000,0.000000,0.360000,8.000000,52.250000
1769105899.281192,0,0.000000,31.380000,0.000000,0.000000,0.000000,0.000000,0.000000,0.280000,8.000000,52.270000
1769105899.302848,0,0.000000,30.970000,0.000000,0.050000,0.000000,0.000000,0.000000,0.230000,8.000000,52.290000
1769105899.318814,0,0.000000,30.720000,0.000000,0.030000,0.000000,0.000000,0.000000,0.200000,8.000000,52.290000
1769105899.334674,0,0.000000,30.680000,0.000000,0.000000,0.000000,0.000000,0.000000,0.200000,8.000000,52.310000
1769105899.334674,0,0.000000,30.720000,0.000000,0.010000,0.000000,0.000000,0.000000,0.210000,8.000000,52.330000
1769105899.363030,0,0.000000,30.650000,0.000000,-0.010000,0.000000,0.000000,0.000000,0.230000,8.000000,52.340000
1769105899.382223,0,0.000000,30.530000,0.000000,0.010000,0.000000,0.000000,0.000000,0.280000,8.000000,52.360000
1769105899.398109,0,0.000000,30.100000,0.000000,0.010000,0.000000,0.000000,0.000000,0.310000,8.000000,52.380000
1769105899.419030,0,0.000000,29.260000,0.000000,0.000000,0.000000,0.000000,0.000000,0.380000,8.000000,52.400000
1769105899.419547,0,0.000000,28.100000,0.000000,-0.010000,0.000000,0.000000,0.000000,0.430000,8.000000,52.400000
1769105899.435802,0,0.000000,26.920000,0.000000,0.000000,0.000000,0.000000,0.000000,0.470000,8.000000,52.430000
1769105899.454995,0,0.000000,25.620000,0.000000,-0.070000,0.000000,0.000000,0.000000,0.520000,8.000000,52.430000
1769105899.476959,0,0.000000,24.050000,0.000000,-0.020000,0.000000,0.000000,0.000000,0.560000,8.000000,52.450000
1769105899.476959,0,0.000000,22.120000,0.000000,-0.050000,0.000000,0.000000,0.000000,0.610000,8.000000,52.470000
1769105899.493907,0,0.000000,20.210000,0.000000,0.000000,0.000000,0.000000,0.000000,0.620000,8.000000,52.490000
1769105899.507739,0,0.000000,18.350000,0.000000,-0.070000,0.000000,0.000000,0.000000,0.640000,8.000000,52.500000
1769105899.533112,0,0.000000,16.320000,0.000000,-0.100000,0.000000,0.000000,0.000000,0.670000,8.000000,52.520000
1769105899.555732,0,0.000000,14.430000,0.000000,-0.030000,0.000000,0.000000,0.000000,0.680000,8.000000,52.520000
1769105899.565678,0,0.000000,12.190000,0.000000,-0.100000,0.000000,0.000000,0.000000,0.690000,8.000000,52.540000
1769105899.587209,0,0.000000,10.110000,0.000000,-0.070000,0.000000,0.000000,0.000000,0.720000,8.000000,52.560000
1769105899.597579,0,0.000000,8.190000,0.000000,-0.100000,0.000000,0.000000,0.000000,0.730000,8.000000,52.580000
1769105899.619227,0,0.000000,6.230000,0.000000,-0.070000,0.000000,0.000000,0.000000,0.740000,8.000000,52.590000
1769105899.635013,0,0.000000,4.130000,0.000000,-0.200000,0.000000,0.000000,0.000000,0.750000,8.000000,52.610000
1769105899.640927,0,0.000000,2.560000,0.000000,-0.050000,0.000000,0.000000,0.000000,0.750000,8.000000,52.610000
1769105899.667084,0,0.000000,1.110000,0.000000,-0.020000,0.000000,0.000000,0.000000,0.760000,8.000000,52.630000
1769105899.682823,0,0.000000,0.050000,0.000000,-0.030000,0.000000,0.000000,0.000000,0.770000,8.000000,52.650000
1769105899.691141,0,0.000000,0.070000,0.000000,-0.140000,0.000000,0.000000,0.000000,0.770000,8.000000,52.660000
1769105899.698604,0,0.000000,0.100000,0.000000,-0.070000,0.000000,0.000000,0.000000,0.790000,8.000000,52.680000
1769105899.713557,0,0.000000,0.050000,0.000000,-0.100000,0.000000,0.000000,0.000000,0.790000,8.000000,52.700000
1769105899.730193,0,0.000000,0.100000,0.000000,-0.210000,0.000000,0.000000,0.000000,0.800000,8.000000,52.720000
1769105899.745850,0,0.000000,0.070000,0.000000,-0.540000,0.000000,0.000000,0.000000,0.810000,8.000000,52.720000
1769105899.745850,0,0.000000,0.050000,0.000000,-0.310000,0.000000,0.000000,0.000000,0.810000,8.000000,52.750000
1769105899.777409,0,0.000000,0.070000,0.000000,-0.620000,0.000000,0.000000,0.000000,0.820000,8.000000,52.750000
1769105899.792493,0,0.000000,0.110000,0.000000,-0.500000,0.000000,0.000000,0.000000,0.830000,8.000000,52.770000
1769105899.801833,0,0.000000,0.100000,0.000000,-0.570000,0.000000,0.000000,0.000000,0.830000,8.000000,52.790000
1769105899.808132,0,0.000000,0.070000,0.000000,-0.660000,0.000000,0.000000,0.000000,0.850000,8.000000,52.810000
1769105899.839674,0,0.000000,0.100000,0.000000,-0.610000,0.000000,0.000000,0.000000,0.850000,8.000000,52.810000
1769105899.868553,0,0.000000,0.100000,0.000000,-0.680000,0.000000,0.000000,0.000000,0.860000,8.000000,52.840000
1769105899.868553,0,0.000000,0.070000,0.000000,-0.740000,0.000000,0.000000,0.000000,0.860000,8.000000,52.840000
1769105899.887066,0,0.000000,0.100000,0.000000,-0.830000,0.000000,0.000000,0.000000,0.860000,8.000000,52.860000
1769105899.902712,0,0.000000,0.100000,0.000000,-0.760000,0.000000,0.000000,0.000000,0.860000,8.000000,52.880000
1769105899.918384,0,0.000000,0.070000,0.000000,-0.830000,0.000000,0.000000,0.000000,0.870000,8.000000,52.900000
1769105899.934449,0,0.000000,0.100000,0.000000,-0.850000,0.000000,0.000000,0.000000,0.870000,8.000000,52.900000
1769105899.934449,0,0.000000,0.050000,0.000000,-0.940000,0.000000,0.000000,0.000000,0.870000,8.000000,52.930000
1769105899.950134,0,0.000000,0.100000,0.000000,-0.990000,0.000000,0.000000,0.000000,0.870000,8.000000,52.930000
1769105899.950134,0,0.000000,0.050000,0.000000,-0.990000,0.000000,0.000000,0.000000,0.870000,8.000000,52.950000
1769105899.981744,0,0.000000,0.110000,0.000000,-1.070000,0.000000,0.000000,0.000000,0.880000,8.000000,52.970000
1769105900.001594,0,0.000000,0.100000,0.000000,-1.190000,0.000000,0.000000,0.000000,0.880000,8.000000,52.990000
1769105900.028952,0,0.000000,0.150000,0.000000,-1.120000,0.000000,0.000000,0.000000,0.880000,8.000000,53.000000
1769105900.033561,0,0.000000,0.100000,0.000000,-1.140000,0.000000,0.000000,0.000000,0.880000,8.000000,53.020000
1769105900.060290,0,0.000000,0.050000,0.000000,-1.160000,0.000000,0.000000,0.000000,0.880000,8.000000,53.040000
1769105900.067049,0,0.000000,0.110000,0.000000,-1.210000,0.000000,0.000000,0.000000,0.880000,8.000000,53.040000
1769105900.076019,0,0.000000,0.100000,0.000000,-1.150000,0.000000,0.000000,0.000000,0.880000,8.000000,53.060000
1769105900.091653,0,0.000000,0.070000,0.000000,-1.120000,0.000000,0.000000,0.000000,0.880000,8.000000,53.080000
1769105900.107353,0,0.000000,0.070000,0.000000,-1.120000,0.000000,0.000000,0.000000,0.880000,8.000000,53.090000
1769105900.122994,0,0.000000,0.100000,0.000000,-1.250000,0.000000,0.000000,0.000000,0.880000,8.000000,53.110000
1769105900.138750,0,0.000000,0.150000,0.000000,-1.200000,0.000000,0.000000,0.000000,0.870000,8.000000,53.130000
1769105900.138750,0,0.000000,0.070000,0.000000,-1.140000,0.000000,0.000000,0.000000,0.870000,8.000000,53.130000
1769105900.170067,0,0.000000,0.050000,0.000000,-1.040000,0.000000,0.000000,0.000000,0.870000,8.000000,53.150000
1769105900.176101,0,0.000000,0.050000,0.000000,-0.970000,0.000000,0.000000,0.000000,0.860000,8.000000,53.160000
1769105900.202119,0,0.000000,0.050000,0.000000,-0.870000,0.000000,0.000000,0.000000,0.830000,8.000000,53.180000
1769105900.217783,0,0.000000,0.050000,0.000000,-0.770000,0.000000,0.000000,0.000000,0.820000,8.000000,53.200000
1769105900.233584,0,0.000000,0.070000,0.000000,-0.810000,0.000000,0.000000,0.000000,0.810000,8.000000,53.220000
1769105900.261523,0,0.000000,0.070000,0.000000,-0.640000,0.000000,0.000000,0.000000,0.800000,8.000000,53.220000
1769105900.284351,0,0.000000,0.050000,0.000000,-0.700000,0.000000,0.000000,0.000000,0.770000,8.000000,53.250000
1769105900.285389,0,0.000000,0.050000,0.000000,-0.660000,0.000000,0.000000,0.000000,0.750000,8.000000,53.250000
1769105900.304145,0,0.000000,0.110000,0.000000,-0.490000,0.000000,0.000000,0.000000,0.720000,8.000000,53.270000
1769105900.309499,0,0.000000,0.070000,0.000000,-0.460000,0.000000,0.000000,0.000000,0.680000,8.000000,53.290000
1769105900.327140,0,0.000000,0.150000,0.000000,-0.340000,0.000000,0.000000,0.000000,0.660000,8.000000,53.310000
1769105900.343774,0,0.000000,0.100000,0.000000,-0.340000,0.000000,0.000000,0.000000,0.630000,8.000000,53.310000
1769105900.354645,0,0.000000,0.100000,0.000000,-0.300000,0.000000,0.000000,0.000000,0.620000,8.000000,53.340000
1769105900.375156,0,0.000000,0.050000,0.000000,-0.310000,0.000000,0.000000,0.000000,0.600000,8.000000,53.340000
1769105900.390795,0,0.000000,0.070000,0.000000,-0.300000,0.000000,0.000000,0.000000,0.560000,8.000000,53.360000
1769105900.400414,0,0.000000,0.070000,0.000000,-0.230000,0.000000,0.000000,0.000000,0.510000,8.000000,53.380000
1769105900.422812,0,0.000000,0.100000,0.000000,-0.230000,0.000000,0.000000,0.000000,0.500000,8.000000,53.400000
1769105900.457265,0,0.000000,0.070000,0.000000,-0.270000,0.000000,0.000000,0.000000,0.470000,8.000000,53.410000
1769105900.458267,0,0.000000,0.070000,0.000000,-0.110000,0.000000,0.000000,0.000000,0.460000,8.000000,53.430000
1769105900.459267,0,0.000000,0.070000,0.000000,-0.200000,0.000000,0.000000,0.000000,0.460000,8.000000,53.450000
1769105900.481265,0,0.000000,0.050000,0.000000,-0.150000,0.000000,0.000000,0.000000,0.440000,8.000000,53.450000
1769105900.501772,0,0.000000,0.070000,0.000000,-0.150000,0.000000,0.000000,0.000000,0.410000,8.000000,53.470000
1769105900.522075,0,0.000000,0.100000,0.000000,-0.140000,0.000000,0.000000,0.000000,0.370000,8.000000,53.490000
1769105900.523077,0,0.000000,0.100000,0.000000,-0.180000,0.000000,0.000000,0.000000,0.360000,8.000000,53.500000
1769105900.543588,0,0.000000,0.100000,0.000000,-0.180000,0.000000,0.000000,0.000000,0.340000,8.000000,53.520000
1769105900.563615,0,0.000000,0.070000,0.000000,-0.150000,0.000000,0.000000,0.000000,0.340000,8.000000,53.540000
1769105900.564616,0,0.000000,0.100000,0.000000,-0.070000,0.000000,0.000000,0.000000,0.330000,8.000000,53.540000
1769105900.585615,0,0.000000,0.050000,0.000000,-0.140000,0.000000,0.000000,0.000000,0.310000,8.000000,53.560000
1769105900.607617,0,0.000000,0.070000,0.000000,-0.110000,0.000000,0.000000,0.000000,0.300000,8.000000,53.580000
1769105900.621079,0,0.000000,0.050000,0.000000,-0.150000,0.000000,0.000000,0.000000,0.280000,8.000000,53.590000
1769105900.634342,0,0.000000,0.070000,0.000000,-0.120000,0.000000,0.000000,0.000000,0.230000,8.000000,53.610000
1769105900.655095,0,0.000000,0.050000,0.000000,-0.100000,0.000000,0.000000,0.000000,0.230000,8.000000,53.630000
1769105900.655095,0,0.000000,0.070000,0.000000,-0.200000,0.000000,0.000000,0.000000,0.210000,8.000000,53.630000
1769105900.670258,0,0.000000,0.050000,0.000000,-0.100000,0.000000,0.000000,0.000000,0.200000,8.000000,53.650000
1769105900.689942,0,0.000000,0.050000,0.000000,-0.210000,0.000000,0.000000,0.000000,0.210000,8.000000,53.660000
1769105900.712942,0,0.000000,0.110000,0.000000,-0.150000,0.000000,0.000000,0.000000,0.210000,8.000000,53.680000
1769105900.725944,0,0.000000,0.110000,0.000000,-0.210000,0.000000,0.000000,0.000000,0.210000,8.000000,53.700000
1769105900.746455,0,0.000000,0.050000,0.000000,-0.150000,0.000000,0.000000,0.000000,0.210000,8.000000,53.720000
1769105900.768012,0,0.000000,0.070000,0.000000,-0.170000,0.000000,0.000000,0.000000,0.210000,8.000000,53.720000
1769105900.768012,0,0.000000,0.070000,0.000000,-0.150000,0.000000,0.000000,0.000000,0.210000,8.000000,53.750000
1769105900.790584,0,0.000000,0.070000,0.000000,-0.140000,0.000000,0.000000,0.000000,0.200000,8.000000,53.750000
1769105900.812090,0,0.000000,0.070000,0.000000,-0.140000,0.000000,0.000000,0.000000,0.200000,8.000000,53.770000
1769105900.813091,0,0.000000,0.100000,0.000000,-0.200000,0.000000,0.000000,0.000000,0.200000,8.000000,53.790000
1769105900.834597,0,0.000000,0.070000,0.000000,-0.140000,0.000000,0.000000,0.000000,0.180000,8.000000,53.810000
1769105900.835603,0,0.000000,0.070000,0.000000,-0.250000,0.000000,0.000000,0.000000,0.170000,8.000000,53.830000
1769105900.870604,0,0.000000,0.070000,0.000000,-0.120000,0.000000,0.000000,0.000000,0.170000,8.000000,53.840000
1769105900.884603,0,0.000000,0.100000,0.000000,-0.200000,0.000000,0.000000,0.000000,0.170000,8.000000,53.860000
1769105900.897603,0,0.000000,0.050000,0.000000,-0.150000,0.000000,0.000000,0.000000,0.170000,8.000000,53.860000
1769105900.919606,0,0.000000,0.030000,0.000000,-0.150000,0.000000,0.000000,0.000000,0.150000,8.000000,53.880000
1769105900.920605,0,0.000000,0.070000,0.000000,-0.120000,0.000000,0.000000,0.000000,0.150000,8.000000,53.900000
1769105900.941332,0,0.000000,0.100000,0.000000,-0.120000,0.000000,0.000000,0.000000,0.110000,8.000000,53.910000
1769105900.942331,0,0.000000,0.100000,0.000000,-0.140000,0.000000,0.000000,0.000000,0.100000,8.000000,53.930000
1769105900.963330,0,0.000000,0.070000,0.000000,-0.100000,0.000000,0.000000,0.000000,0.100000,8.000000,53.950000
1769105900.983927,0,0.000000,0.070000,0.000000,-0.180000,0.000000,0.000000,0.000000,0.100000,8.000000,53.950000
1769105900.984928,0,0.000000,0.070000,0.000000,-0.150000,0.000000,0.000000,0.000000,0.100000,8.000000,53.970000
1769105901.006932,0,0.000000,0.070000,0.000000,-0.110000,0.000000,0.000000,0.000000,0.100000,8.000000,53.990000
1769105901.029920,0,0.000000,0.070000,0.000000,-0.100000,0.000000,0.000000,0.000000,0.100000,8.000000,54.000000
1769105901.051437,0,0.000000,0.100000,0.000000,-0.200000,0.000000,0.000000,0.000000,0.100000,8.000000,54.020000
1769105901.052437,0,0.000000,0.100000,0.000000,-0.170000,0.000000,0.000000,0.000000,0.100000,8.000000,54.040000
1769105901.074947,0,0.000000,0.070000,0.000000,-0.150000,0.000000,0.000000,0.000000,0.100000,8.000000,54.040000
1769105901.097950,0,0.000000,0.070000,0.000000,-0.180000,0.000000,0.000000,0.000000,0.100000,8.000000,54.060000
1769105901.098948,0,0.000000,0.100000,0.000000,-0.100000,0.000000,0.000000,0.000000,0.100000,8.000000,54.080000
1769105901.120951,0,0.000000,0.100000,0.000000,-0.180000,0.000000,0.000000,0.000000,0.100000,8.000000,54.090000
1769105901.122954,0,0.000000,0.050000,0.000000,-0.210000,0.000000,0.000000,0.000000,0.090000,8.000000,54.110000
1769105901.148901,0,0.000000,0.070000,0.000000,-0.180000,0.000000,0.000000,0.000000,0.070000,8.000000,54.130000
1769105901.171865,0,0.000000,0.100000,0.000000,-0.210000,0.000000,0.000000,0.000000,0.070000,8.000000,54.130000
1769105901.195116,0,0.000000,0.070000,0.000000,-0.180000,0.000000,0.000000,0.000000,0.070000,8.000000,54.150000
1769105901.196117,0,0.000000,0.050000,0.000000,-0.180000,0.000000,0.000000,0.000000,0.070000,8.000000,54.180000
1769105901.197116,0,0.000000,0.070000,0.000000,-0.150000,0.000000,0.000000,0.000000,0.070000,8.000000,54.180000
1769105901.224697,0,0.000000,0.050000,0.000000,-0.180000,0.000000,0.000000,0.000000,0.070000,8.000000,54.200000
1769105901.238065,0,0.000000,0.070000,0.000000,-0.200000,0.000000,0.000000,0.000000,0.070000,8.000000,54.220000
1769105901.261065,0,0.000000,0.100000,0.000000,-0.150000,0.000000,0.000000,0.000000,0.070000,8.000000,54.240000
1769105901.274066,0,0.000000,0.070000,0.000000,-0.270000,0.000000,0.000000,0.000000,0.050000,8.000000,54.250000
1769105901.288065,0,0.000000,0.050000,0.000000,-0.150000,0.000000,0.000000,0.000000,0.050000,8.000000,54.270000
1769105901.310580,0,0.000000,0.050000,0.000000,-0.210000,0.000000,0.000000,0.000000,0.050000,8.000000,54.270000
1769105901.333585,0,0.000000,0.050000,0.000000,-0.170000,0.000000,0.000000,0.000000,0.050000,8.000000,54.290000
1769105901.333585,0,0.000000,0.070000,0.000000,-0.120000,0.000000,0.000000,0.000000,0.030000,8.000000,54.310000
1769105901.354868,0,0.000000,0.100000,0.000000,-0.120000,0.000000,0.000000,0.000000,0.030000,8.000000,54.330000
1769105901.377868,0,0.000000,0.110000,0.000000,-0.180000,0.000000,0.000000,0.000000,0.020000,8.000000,54.340000
1769105901.378869,0,0.000000,0.110000,0.000000,-0.140000,0.000000,0.000000,0.000000,0.010000,8.000000,54.360000
1769105901.400869,0,0.000000,0.180000,0.000000,-0.090000,0.000000,0.000000,0.000000,0.010000,8.000000,54.360000
1769105901.401869,0,0.000000,0.100000,0.000000,-0.180000,0.000000,0.000000,0.000000,0.010000,8.000000,54.380000
1769105901.423871,0,0.000000,0.050000,0.000000,-0.180000,0.000000,0.000000,0.000000,0.010000,8.000000,54.400000
1769105901.445946,0,0.000000,0.100000,0.000000,-0.180000,0.000000,0.000000,0.000000,0.010000,8.000000,54.410000
1769105901.445946,0,0.000000,0.050000,0.000000,-0.120000,0.000000,0.000000,0.000000,0.010000,8.000000,54.430000
1769105901.468735,0,0.000000,0.100000,0.000000,-0.170000,0.000000,0.000000,0.000000,0.010000,8.000000,54.450000
1769105901.491734,0,0.000000,0.100000,0.000000,-0.180000,0.000000,0.000000,0.000000,0.010000,8.000000,54.450000
1769105901.492733,0,0.000000,0.050000,0.000000,-0.200000,0.000000,0.000000,0.000000,0.000000,8.000000,54.470000
1769105901.515740,0,0.000000,0.100000,0.000000,-0.150000,0.000000,0.000000,0.000000,0.000000,8.000000,54.490000
1769105901.538948,0,0.000000,0.100000,0.000000,-0.150000,0.000000,0.000000,0.000000,0.000000,8.000000,54.500000
1769105901.539949,0,0.000000,0.110000,0.000000,-0.170000,0.000000,0.000000,0.000000,0.000000,8.000000,54.520000
1769105901.562464,0,0.000000,0.050000,0.000000,-0.250000,0.000000,0.000000,0.000000,0.000000,8.000000,54.540000
1769105901.584464,0,0.000000,0.100000,0.000000,-0.170000,0.000000,0.000000,0.000000,0.000000,8.000000,54.540000
1769105901.585464,0,0.000000,0.100000,0.000000,-0.120000,0.000000,0.000000,0.000000,0.000000,8.000000,54.560000
1769105901.607464,0,0.000000,0.100000,0.000000,-0.200000,0.000000,0.000000,0.000000,0.000000,8.000000,54.580000
1769105901.608464,0,0.000000,0.110000,0.000000,-0.150000,0.000000,0.000000,0.000000,0.000000,8.000000,54.590000
1769105901.629468,0,0.000000,0.070000,0.000000,-0.150000,0.000000,0.000000,0.000000,0.000000,8.000000,54.610000
1769105901.650976,0,0.000000,0.070000,0.000000,-0.170000,0.000000,0.000000,0.000000,0.000000,8.000000,54.630000
1769105901.663976,0,0.000000,0.070000,0.000000,-0.180000,0.000000,0.000000,0.000000,0.000000,8.000000,54.650000
1769105901.686625,0,0.000000,0.030000,0.000000,-0.250000,0.000000,0.000000,0.000000,0.000000,8.000000,54.650000
1769105901.686625,0,0.000000,0.100000,0.000000,-0.200000,0.000000,0.000000,0.000000,0.000000,8.000000,54.680000
1769105901.702307,0,0.000000,0.070000,0.000000,-0.200000,0.000000,0.000000,0.000000,0.000000,8.000000,54.680000
1769105901.732804,0,0.000000,0.050000,0.000000,-0.200000,0.000000,0.000000,0.000000,0.000000,8.000000,54.700000
1769105901.734367,0,0.000000,0.070000,0.000000,-0.140000,0.000000,0.000000,0.000000,0.000000,8.000000,54.720000
1769105901.757755,0,0.000000,0.050000,0.000000,-0.180000,0.000000,0.000000,0.000000,0.000000,8.000000,54.740000
1769105901.780755,0,0.000000,0.100000,0.000000,-0.230000,0.000000,0.000000,0.000000,0.000000,8.000000,54.750000
1769105901.803315,0,0.000000,0.100000,0.000000,-0.210000,0.000000,0.000000,0.000000,0.000000,8.000000,54.770000
1769105901.804315,0,0.000000,0.100000,0.000000,-0.210000,0.000000,0.000000,0.000000,0.000000,8.000000,54.770000
1769105901.826830,0,0.000000,0.050000,0.000000,-0.200000,0.000000,0.000000,0.000000,0.000000,8.000000,54.790000
1769105901.827829,0,0.000000,0.050000,0.000000,-0.210000,0.000000,0.000000,0.000000,0.000000,8.000000,54.810000
1769105901.848855,0,0.000000,0.050000,0.000000,-0.210000,0.000000,0.000000,0.000000,0.000000,8.000000,54.830000
1769105901.870857,0,0.000000,0.050000,0.000000,-0.180000,0.000000,0.000000,0.000000,0.000000,8.000000,54.840000
1769105901.871856,0,0.000000,0.100000,0.000000,-0.230000,0.000000,0.000000,0.000000,0.000000,8.000000,54.860000
1769105901.892857,0,0.000000,0.070000,0.000000,-0.180000,0.000000,0.000000,0.000000,0.000000,8.000000,54.860000
1769105901.914951,0,0.000000,0.100000,0.000000,-0.200000,0.000000,0.000000,0.000000,0.000000,8.000000,54.880000
1769105901.936982,0,0.000000,0.100000,0.000000,-0.230000,0.000000,0.000000,0.000000,0.000000,8.000000,54.900000
1769105901.959981,0,0.000000,0.070000,0.000000,-0.180000,0.000000,0.000000,0.000000,0.000000,8.000000,54.910000
1769105901.960982,0,0.000000,0.110000,0.000000,-0.170000,0.000000,0.000000,0.000000,0.000000,8.000000,54.930000
1769105901.961981,0,0.000000,0.050000,0.000000,-0.170000,0.000000,0.000000,0.000000,0.000000,8.000000,54.950000
1769105901.987981,0,0.000000,0.100000,0.000000,-0.170000,0.000000,0.000000,0.000000,0.000000,8.000000,54.970000
1769105902.004981,0,0.000000,0.070000,0.000000,-0.100000,0.000000,0.000000,0.000000,0.000000,8.000000,54.970000
1769105902.004981,0,0.000000,0.100000,0.000000,-0.200000,0.000000,0.000000,0.000000,0.000000,8.000000,55.000000
1769105902.032016,0,0.000000,0.100000,0.000000,-0.170000,0.000000,0.000000,0.000000,0.000000,8.000000,55.000000
1769105902.056527,0,0.000000,0.100000,0.000000,-0.170000,0.000000,0.000000,0.000000,0.000000,8.000000,55.020000
1769105902.078658,0,0.000000,0.110000,0.000000,-0.150000,0.000000,0.000000,0.000000,0.000000,8.000000,55.040000
1769105902.093658,0,0.000000,0.100000,0.000000,-0.210000,0.000000,0.000000,0.000000,0.000000,8.000000,55.060000
1769105902.108657,0,0.000000,0.100000,0.000000,-0.180000,0.000000,0.000000,0.000000,0.000000,8.000000,55.060000
1769105902.122663,0,0.000000,0.100000,0.000000,-0.150000,0.000000,0.000000,0.000000,0.000000,8.000000,55.090000
1769105902.123663,0,0.000000,0.070000,0.000000,-0.210000,0.000000,0.000000,0.000000,0.000000,8.000000,55.090000
1769105902.138172,0,0.000000,0.100000,0.000000,-0.170000,0.000000,0.000000,0.000000,0.000000,8.000000,55.110000
1769105902.162172,0,0.000000,0.110000,0.000000,-0.200000,0.000000,0.000000,0.000000,0.000000,8.000000,55.130000
1769105902.163172,0,0.000000,0.050000,0.000000,-0.180000,0.000000,0.000000,0.000000,0.000000,8.000000,55.150000
1769105902.185171,0,0.000000,0.070000,0.000000,-0.150000,0.000000,0.000000,0.000000,0.000000,8.000000,55.150000
1769105902.208191,0,0.000000,0.030000,0.000000,-0.200000,0.000000,0.000000,0.000000,0.000000,8.000000,55.180000
1769105902.209244,0,0.000000,0.050000,0.000000,-0.170000,0.000000,0.000000,0.000000,0.000000,8.000000,55.180000
1769105902.234254,0,0.000000,0.100000,0.000000,-0.180000,0.000000,0.000000,0.000000,0.000000,8.000000,55.200000
1769105902.234758,0,0.000000,0.100000,0.000000,-0.210000,0.000000,0.000000,0.000000,0.000000,8.000000,55.220000
1769105902.258841,0,0.000000,0.100000,0.000000,-0.200000,0.000000,0.000000,0.000000,0.000000,8.000000,55.240000
1769105902.272389,0,0.000000,0.100000,0.000000,-0.110000,0.000000,0.000000,0.000000,0.000000,8.000000,55.250000
1769105902.286387,0,0.000000,0.070000,0.000000,-0.180000,0.000000,0.000000,0.000000,0.000000,8.000000,55.270000
1769105902.310082,0,0.000000,0.070000,0.000000,-0.200000,0.000000,0.000000,0.000000,0.000000,8.000000,55.270000
1769105902.332086,0,0.000000,0.050000,0.000000,-0.180000,0.000000,0.000000,0.000000,0.000000,8.000000,55.290000
1769105902.333084,0,0.000000,0.100000,0.000000,-0.180000,0.000000,0.000000,0.000000,0.000000,8.000000,55.310000
1769105902.356959,0,0.000000,0.110000,0.000000,-0.150000,0.000000,0.000000,0.000000,0.000000,8.000000,55.330000
1769105902.356959,0,0.000000,0.100000,0.000000,-0.250000,0.000000,0.000000,0.000000,0.000000,8.000000,55.340000
1769105902.384959,0,0.000000,0.070000,0.000000,-0.120000,0.000000,0.000000,0.000000,0.000000,8.000000,55.360000
1769105902.386961,0,0.000000,0.110000,0.000000,-0.180000,0.000000,0.000000,0.000000,0.000000,8.000000,55.360000
1769105902.417960,0,0.000000,0.100000,0.000000,-0.170000,0.000000,0.000000,0.000000,0.000000,8.000000,55.380000
1769105902.448473,0,0.000000,0.050000,0.000000,-0.170000,0.000000,0.000000,0.000000,0.000000,8.000000,55.400000
1769105902.449474,0,0.000000,0.100000,0.000000,-0.070000,0.000000,0.000000,0.000000,0.000000,8.000000,55.410000
1769105902.450473,0,0.000000,0.070000,0.000000,-0.180000,0.000000,0.000000,0.000000,0.000000,8.000000,55.430000
1769105902.480474,0,0.000000,0.070000,0.000000,-0.180000,0.000000,0.000000,0.000000,0.000000,8.000000,55.450000
1769105902.481473,0,0.000000,0.050000,0.000000,-0.140000,0.000000,0.000000,0.000000,0.000000,8.000000,55.470000
1769105902.507475,0,0.000000,0.110000,0.000000,-0.180000,0.000000,0.000000,0.000000,0.000000,8.000000,55.470000
1769105902.508474,0,0.000000,0.110000,0.000000,-0.150000,0.000000,0.000000,0.000000,0.000000,8.000000,55.500000
1769105902.537388,0,0.000000,0.070000,0.000000,-0.200000,0.000000,0.000000,0.000000,0.000000,8.000000,55.500000
1769105902.538394,0,0.000000,0.070000,0.000000,-0.250000,0.000000,0.000000,0.000000,0.000000,8.000000,55.520000
1769105902.567525,0,0.000000,0.070000,0.000000,-0.150000,0.000000,0.000000,0.000000,0.000000,8.000000,55.540000
1769105902.568525,0,0.000000,0.100000,0.000000,-0.140000,0.000000,0.000000,0.000000,0.000000,8.000000,55.560000
1769105902.600526,0,0.000000,0.100000,0.000000,-0.200000,0.000000,0.000000,0.000000,0.000000,8.000000,55.560000
1769105902.632237,0,0.000000,0.110000,0.000000,-0.210000,0.000000,0.000000,0.000000,0.000000,8.000000,55.590000
1769105902.633245,0,0.000000,0.030000,0.000000,-0.210000,0.000000,0.000000,0.000000,0.000000,8.000000,55.590000
1769105902.634057,0,0.000000,0.070000,0.000000,-0.250000,0.000000,0.000000,0.000000,0.000000,8.000000,55.610000
1769105902.665051,0,0.000000,0.030000,0.000000,-0.170000,0.000000,0.000000,0.000000,0.000000,8.000000,55.630000
1769105902.666055,0,0.000000,0.110000,0.000000,-0.180000,0.000000,0.000000,0.000000,0.010000,8.000000,55.650000
1769105902.698320,0,0.000000,0.070000,0.000000,-0.250000,0.000000,0.000000,0.000000,0.010000,8.000000,55.650000
1769105902.699320,0,0.000000,0.070000,0.000000,-0.170000,0.000000,0.000000,0.000000,0.010000,8.000000,55.680000
1769105902.718480,0,0.000000,0.110000,0.000000,-0.200000,0.000000,0.000000,0.000000,0.010000,8.000000,55.680000
1769105902.750975,0,0.000000,0.030000,0.000000,-0.150000,0.000000,0.000000,0.000000,0.010000,8.000000,55.700000
1769105902.751497,0,0.000000,0.100000,0.000000,-0.200000,0.000000,0.000000,0.000000,0.010000,8.000000,55.720000
1769105902.783232,0,0.000000,0.070000,0.000000,-0.200000,0.000000,0.000000,0.000000,0.010000,8.000000,55.740000
1769105902.784239,0,0.000000,0.100000,0.000000,-0.170000,0.000000,0.000000,0.000000,0.010000,8.000000,55.750000
1769105902.817616,0,0.000000,0.070000,0.000000,-0.210000,0.000000,0.000000,0.000000,0.010000,8.000000,55.770000
1769105902.818848,0,0.000000,0.110000,0.000000,-0.150000,0.000000,0.000000,0.000000,0.010000,8.000000,55.770000
1769105902.819853,0,0.000000,0.100000,0.000000,-0.200000,0.000000,0.000000,0.000000,0.010000,8.000000,55.790000
1769105902.840811,0,0.000000,0.100000,0.000000,-0.180000,0.000000,0.000000,0.000000,0.010000,8.000000,55.810000
1769105902.861284,0,0.000000,0.100000,0.000000,-0.180000,0.000000,0.000000,0.000000,0.010000,8.000000,55.830000
1769105902.885497,0,0.000000,0.070000,0.000000,-0.170000,0.000000,0.000000,0.000000,0.010000,8.000000,55.840000
1769105902.904610,0,0.000000,0.050000,0.000000,-0.150000,0.000000,0.000000,0.000000,0.010000,8.000000,55.860000
1769105902.925850,0,0.000000,0.100000,0.000000,-0.250000,0.000000,0.000000,0.000000,0.020000,8.000000,55.880000
1769105902.927512,0,0.000000,0.050000,0.000000,-0.200000,0.000000,0.000000,0.000000,0.020000,8.000000,55.880000
1769105902.947103,0,0.000000,0.070000,0.000000,-0.180000,0.000000,0.000000,0.000000,0.020000,8.000000,55.900000
1769105902.966045,0,0.000000,0.100000,0.000000,-0.200000,0.000000,0.000000,0.000000,0.020000,8.000000,55.910000
1769105902.982817,0,0.000000,0.110000,0.000000,-0.180000,0.000000,0.000000,0.000000,0.020000,8.000000,55.930000
1769105902.999845,0,0.000000,0.070000,0.000000,-0.140000,0.000000,0.000000,0.000000,0.020000,8.000000,55.950000
1769105903.000577,0,0.000000,0.100000,0.000000,-0.140000,0.000000,0.000000,0.000000,0.020000,8.000000,55.970000
1769105903.018868,0,0.000000,0.150000,0.000000,-0.270000,0.000000,0.000000,0.000000,0.020000,8.000000,55.990000
1769105903.039192,0,0.000000,0.100000,0.000000,-0.170000,0.000000,0.000000,0.000000,0.020000,8.000000,56.000000
1769105903.058386,0,0.000000,0.110000,0.000000,-0.200000,0.000000,0.000000,0.000000,0.020000,8.000000,56.020000
1769105903.059901,0,0.000000,0.150000,0.000000,-0.200000,0.000000,0.000000,0.000000,0.020000,8.000000,56.020000
1769105903.087823,0,0.000000,0.150000,0.000000,-0.150000,0.000000,0.000000,0.000000,0.020000,8.000000,56.040000
1769105903.089993,0,0.000000,0.070000,0.000000,-0.140000,0.000000,0.000000,0.000000,0.020000,8.000000,56.060000
1769105903.091506,0,0.000000,0.110000,0.000000,-0.140000,0.000000,0.000000,0.000000,0.020000,8.000000,56.080000
1769105903.120802,0,0.000000,0.100000,0.000000,-0.150000,0.000000,0.000000,0.000000,0.020000,8.000000,56.090000
1769105903.122612,0,0.000000,0.100000,0.000000,-0.210000,0.000000,0.000000,0.000000,0.020000,8.000000,56.110000
1769105903.153592,0,0.000000,0.100000,0.000000,-0.180000,0.000000,0.000000,0.000000,0.020000,8.000000,56.130000
1769105903.186671,0,0.000000,0.100000,0.000000,-0.200000,0.000000,0.000000,0.000000,0.020000,8.000000,56.130000
1769105903.187679,0,0.000000,0.070000,0.000000,-0.180000,0.000000,0.000000,0.000000,0.020000,8.000000,56.150000
1769105903.188398,0,0.000000,0.070000,0.000000,-0.200000,0.000000,0.000000,0.000000,0.020000,8.000000,56.160000
1769105903.221048,0,0.000000,0.110000,0.000000,-0.140000,0.000000,0.000000,0.000000,0.020000,8.000000,56.180000
1769105903.222054,0,0.000000,0.070000,0.000000,-0.180000,0.000000,0.000000,0.000000,0.020000,8.000000,56.200000
1769105903.253024,0,0.000000,0.030000,0.000000,-0.170000,0.000000,0.000000,0.000000,0.020000,8.000000,56.220000
1769105903.285624,0,0.000000,0.110000,0.000000,-0.180000,0.000000,0.000000,0.000000,0.020000,8.000000,56.220000
1769105903.286623,0,0.000000,0.070000,0.000000,-0.200000,0.000000,0.000000,0.000000,0.020000,8.000000,56.250000
1769105903.287624,0,0.000000,0.070000,0.000000,-0.230000,0.000000,0.000000,0.000000,0.020000,8.000000,56.250000
1769105903.308982,0,0.000000,0.150000,0.000000,-0.230000,0.000000,0.000000,0.000000,0.020000,8.000000,56.270000
1769105903.331254,0,0.000000,0.050000,0.000000,-0.200000,0.000000,0.000000,0.000000,0.020000,8.000000,56.290000
1769105903.356934,0,0.000000,0.070000,0.000000,-0.170000,0.000000,0.000000,0.000000,0.020000,8.000000,56.310000
1769105903.357944,0,0.000000,0.070000,0.000000,-0.150000,0.000000,0.000000,0.000000,0.030000,8.000000,56.310000
1769105903.387782,0,0.000000,0.070000,0.000000,-0.120000,0.000000,0.000000,0.000000,0.030000,8.000000,56.340000
1769105903.389788,0,0.000000,0.100000,0.000000,-0.150000,0.000000,0.000000,0.000000,0.030000,8.000000,56.340000
1769105903.390789,0,0.000000,0.050000,0.000000,-0.200000,0.000000,0.000000,0.000000,0.030000,8.000000,56.360000
1769105903.410373,0,0.000000,0.070000,0.000000,-0.200000,0.000000,0.000000,0.000000,0.030000,8.000000,56.380000
1769105903.442291,0,0.000000,0.100000,0.000000,-0.250000,0.000000,0.000000,0.000000,0.020000,8.000000,56.400000
1769105903.443290,0,0.000000,0.070000,0.000000,-0.230000,0.000000,0.000000,0.000000,0.030000,8.000000,56.410000
1769105903.461208,0,0.000000,0.070000,0.000000,-0.210000,0.000000,0.000000,0.000000,0.030000,8.000000,56.430000
1769105903.482061,0,0.000000,0.050000,0.000000,-0.090000,0.000000,0.000000,0.000000,0.030000,8.000000,56.450000
1769105903.500380,0,0.000000,0.070000,0.000000,-0.140000,0.000000,0.000000,0.000000,0.020000,8.000000,56.450000
1769105903.501858,0,0.000000,0.070000,0.000000,-0.150000,0.000000,0.000000,0.000000,0.020000,8.000000,56.470000
1769105903.533798,0,0.000000,0.070000,0.000000,-0.200000,0.000000,0.000000,0.000000,0.030000,8.000000,56.490000
1769105903.534802,0,0.000000,0.070000,0.000000,-0.230000,0.000000,0.000000,0.000000,0.030000,8.000000,56.500000
1769105903.564376,0,0.000000,0.070000,0.000000,-0.230000,0.000000,0.000000,0.000000,0.030000,8.000000,56.520000
1769105903.565169,0,0.000000,0.070000,0.000000,-0.180000,0.000000,0.000000,0.000000,0.030000,8.000000,56.540000
1769105903.591857,0,0.000000,0.100000,0.000000,-0.180000,0.000000,0.000000,0.000000,0.030000,8.000000,56.540000
1769105903.591857,0,0.000000,0.100000,0.000000,-0.170000,0.000000,0.000000,0.000000,0.030000,8.000000,56.560000
1769105903.625695,0,0.000000,0.070000,0.000000,-0.200000,0.000000,0.000000,0.000000,0.030000,8.000000,56.580000
1769105903.626702,0,0.000000,0.050000,0.000000,-0.180000,0.000000,0.000000,0.000000,0.030000,8.000000,56.590000
1769105903.661250,0,0.000000,0.070000,0.000000,-0.180000,0.000000,0.000000,0.000000,0.030000,8.000000,56.610000
1769105903.662004,0,0.000000,0.110000,0.000000,-0.180000,0.000000,0.000000,0.000000,0.030000,8.000000,56.630000
1769105903.663010,0,0.000000,0.070000,0.000000,-0.200000,0.000000,0.000000,0.000000,0.030000,8.000000,56.630000
1769105903.695003,0,0.000000,0.070000,0.000000,-0.200000,0.000000,0.000000,0.000000,0.030000,8.000000,56.650000
1769105903.696003,0,0.000000,0.100000,0.000000,-0.250000,0.000000,0.000000,0.000000,0.030000,8.000000,56.660000
1769105903.730576,0,0.000000,0.070000,0.000000,-0.180000,0.000000,0.000000,0.000000,0.030000,8.000000,56.680000
1769105903.731583,0,0.000000,0.100000,0.000000,-0.200000,0.000000,0.000000,0.000000,0.030000,8.000000,56.700000
1769105903.762366,0,0.000000,0.050000,0.000000,-0.170000,0.000000,0.000000,0.000000,0.030000,8.000000,56.720000
1769105903.763372,0,0.000000,0.050000,0.000000,-0.180000,0.000000,0.000000,0.000000,0.050000,8.000000,56.720000
1769105903.797143,0,0.000000,0.100000,0.000000,-0.200000,0.000000,0.000000,0.000000,0.050000,8.000000,56.750000
1769105903.798194,0,0.000000,0.050000,0.000000,-0.110000,0.000000,0.000000,0.000000,0.050000,8.000000,56.750000
1769105903.816572,0,0.000000,0.070000,0.000000,-0.100000,0.000000,0.000000,0.000000,0.050000,8.000000,56.770000
1769105903.817572,0,0.000000,0.100000,0.000000,-0.070000,0.000000,0.000000,0.000000,0.050000,8.000000,56.790000
1769105903.854504,0,0.000000,0.100000,0.000000,-0.090000,0.000000,0.000000,0.000000,0.050000,8.000000,56.810000
1769105903.855510,0,0.000000,0.100000,0.000000,-0.020000,0.000000,0.000000,0.000000,0.050000,8.000000,56.810000
1769105903.856293,0,0.000000,0.050000,0.000000,0.000000,0.000000,0.000000,0.000000,0.050000,8.000000,56.840000
1769105903.886482,0,0.000000,0.100000,0.000000,0.010000,0.000000,0.000000,0.000000,0.050000,8.000000,56.840000
1769105903.887523,0,0.000000,0.100000,0.000000,-0.050000,0.000000,0.000000,0.000000,0.050000,8.000000,56.860000
1769105903.920002,0,0.000000,0.100000,0.000000,-0.010000,0.000000,0.000000,0.000000,0.050000,8.000000,56.880000
1769105903.922008,0,0.000000,0.050000,0.000000,0.000000,0.000000,0.000000,0.000000,0.030000,8.000000,56.900000
1769105903.954335,0,0.000000,0.150000,0.000000,0.030000,0.000000,0.000000,0.000000,0.020000,8.000000,56.910000
1769105903.954839,0,0.000000,0.100000,0.000000,0.010000,0.000000,0.000000,0.000000,0.020000,8.000000,56.930000
1769105903.990644,0,0.000000,0.070000,0.000000,0.050000,0.000000,0.000000,0.000000,0.030000,8.000000,56.950000
1769105903.991420,0,0.000000,1.270000,0.000000,0.000000,0.000000,0.000000,0.000000,0.050000,8.000000,56.950000
1769105903.993159,0,0.000000,2.610000,0.000000,0.020000,0.000000,0.000000,0.000000,0.070000,8.000000,56.970000
1769105904.025828,0,0.000000,3.790000,0.000000,0.000000,0.000000,0.000000,0.000000,0.100000,8.000000,56.990000
1769105904.026826,0,0.000000,5.130000,0.000000,0.020000,0.000000,0.000000,0.000000,0.170000,8.000000,57.000000
1769105904.049910,0,0.000000,6.420000,0.000000,0.070000,0.000000,0.000000,0.000000,0.250000,8.000000,57.020000
1769105904.071980,0,0.000000,8.050000,0.000000,0.070000,0.000000,0.000000,0.000000,0.340000,8.000000,57.040000
1769105904.092035,0,0.000000,9.610000,0.000000,0.050000,0.000000,0.000000,0.000000,0.430000,8.000000,57.040000
1769105904.093044,0,0.000000,11.650000,0.000000,0.070000,0.000000,0.000000,0.000000,0.510000,8.000000,57.060000
1769105904.113097,0,0.000000,13.770000,0.000000,0.030000,0.000000,0.000000,0.000000,0.570000,8.000000,57.080000
1769105904.131606,0,0.000000,16.090000,0.000000,0.050000,0.000000,0.000000,0.000000,0.630000,8.000000,57.090000
1769105904.132609,0,0.000000,18.400000,0.000000,0.050000,0.000000,0.000000,0.000000,0.680000,8.000000,57.110000
1769105904.152579,0,0.000000,21.250000,0.000000,0.020000,0.000000,0.000000,0.000000,0.700000,8.000000,57.130000
1769105904.172163,0,0.000000,24.570000,0.000000,0.120000,0.000000,0.000000,0.000000,0.740000,8.000000,57.130000
1769105904.193206,0,0.000000,27.950000,0.000000,0.020000,0.000000,0.000000,0.000000,0.760000,8.000000,57.150000
1769105904.213557,0,0.000000,31.840000,0.000000,0.070000,0.000000,0.000000,0.000000,0.800000,8.000000,57.160000
1769105904.234161,0,0.000000,35.580000,0.000000,0.050000,0.000000,0.000000,0.000000,0.810000,8.000000,57.180000
1769105904.234987,0,0.000000,39.470000,0.000000,0.030000,0.000000,0.000000,0.000000,0.830000,8.000000,57.200000
1769105904.258783,0,0.000000,43.220000,0.000000,0.010000,0.000000,0.000000,0.000000,0.860000,8.000000,57.220000
1769105904.277619,0,0.000000,46.580000,0.000000,0.010000,0.000000,0.000000,0.000000,0.870000,8.000000,57.220000
1769105904.279381,0,0.000000,49.310000,0.000000,0.000000,0.000000,0.000000,0.000000,0.890000,8.000000,57.250000
1769105904.301853,0,0.000000,51.430000,0.000000,0.100000,0.000000,0.000000,0.000000,0.910000,8.000000,57.250000
1769105904.322911,0,0.000000,52.720000,0.000000,0.020000,0.000000,0.000000,0.000000,0.920000,8.000000,57.270000
1769105904.344078,0,0.000000,54.150000,0.000000,0.020000,0.000000,0.000000,0.000000,0.930000,8.000000,57.290000
1769105904.346172,0,0.000000,55.200000,0.000000,0.000000,0.000000,0.000000,0.000000,0.930000,8.000000,57.310000
1769105904.366587,0,0.000000,56.220000,0.000000,0.090000,0.000000,0.000000,0.000000,0.940000,8.000000,57.330000
1769105904.367587,0,0.000000,57.340000,0.000000,0.000000,0.000000,0.000000,0.000000,0.950000,8.000000,57.340000
1769105904.387971,0,0.000000,58.340000,0.000000,0.020000,0.000000,0.000000,0.000000,0.970000,8.000000,57.360000
1769105904.408761,0,0.000000,59.130000,0.000000,0.050000,0.000000,0.000000,0.000000,0.970000,8.000000,57.360000
1769105904.429572,0,0.000000,59.740000,0.000000,0.050000,0.000000,0.000000,0.000000,0.980000,8.000000,57.380000
1769105904.431352,0,0.000000,60.410000,0.000000,0.000000,0.000000,0.000000,0.000000,0.980000,8.000000,57.400000
1769105904.461302,0,0.000000,61.240000,0.000000,0.050000,0.000000,0.000000,0.000000,0.980000,8.000000,57.410000
1769105904.461807,0,0.000000,62.180000,0.000000,0.050000,0.000000,0.000000,0.000000,0.970000,8.000000,57.430000
1769105904.463566,0,0.000000,63.270000,0.000000,0.150000,0.000000,0.000000,0.000000,0.940000,8.000000,57.450000
1769105904.500781,0,0.000000,64.440000,0.000000,0.100000,0.000000,0.000000,0.000000,0.910000,8.000000,57.450000
1769105904.500781,0,0.000000,65.230000,0.000000,0.120000,0.000000,0.000000,0.000000,0.860000,8.000000,57.470000
1769105904.533744,0,0.000000,65.620000,0.000000,0.200000,0.000000,0.000000,0.000000,0.800000,8.000000,57.490000
1769105904.534753,0,0.000000,65.380000,0.000000,0.090000,0.000000,0.000000,0.000000,0.730000,8.000000,57.500000
1769105904.566883,0,0.000000,64.550000,0.000000,0.100000,0.000000,0.000000,0.000000,0.640000,8.000000,57.520000
1769105904.568269,0,0.000000,63.580000,0.000000,0.050000,0.000000,0.000000,0.000000,0.560000,8.000000,57.540000
1769105904.568773,0,0.000000,62.790000,0.000000,0.090000,0.000000,0.000000,0.000000,0.460000,8.000000,57.560000
1769105904.598593,0,0.000000,62.290000,0.000000,0.090000,0.000000,0.000000,0.000000,0.340000,8.000000,57.560000
1769105904.600357,0,0.000000,62.060000,0.000000,-0.030000,0.000000,0.000000,0.000000,0.200000,8.000000,57.590000
1769105904.630142,0,0.000000,61.810000,0.000000,0.050000,0.000000,0.000000,0.000000,0.090000,8.000000,57.590000
1769105904.630971,0,0.000000,61.580000,0.000000,0.070000,0.000000,0.000000,0.000000,0.000000,8.000000,57.610000
1769105904.662776,0,0.000000,61.380000,0.000000,0.050000,0.000000,0.000000,0.000000,-0.050000,8.000000,57.630000
1769105904.664607,0,0.000000,61.380000,0.000000,0.050000,0.000000,0.000000,0.000000,-0.100000,8.000000,57.650000
1769105904.694789,0,0.000000,61.250000,0.000000,0.020000,0.000000,0.000000,0.000000,-0.120000,8.000000,57.650000
1769105904.696601,0,0.000000,61.330000,0.000000,0.050000,0.000000,0.000000,0.000000,-0.150000,8.000000,57.680000
1769105904.716641,0,0.000000,61.430000,0.000000,0.000000,0.000000,0.000000,0.000000,-0.150000,8.000000,57.680000
1769105904.749354,0,0.000000,61.380000,0.000000,0.070000,0.000000,0.000000,0.000000,-0.110000,8.000000,57.700000
1769105904.750363,0,0.000000,61.400000,0.000000,0.090000,0.000000,0.000000,0.000000,-0.030000,8.000000,57.720000
1769105904.751685,0,0.000000,61.500000,0.000000,0.000000,0.000000,0.000000,0.000000,0.090000,8.000000,57.740000
1769105904.799351,0,0.000000,61.270000,0.000000,0.000000,0.000000,0.000000,0.000000,0.250000,8.000000,57.750000
1769105904.801249,0,0.000000,60.790000,0.000000,0.000000,0.000000,0.000000,0.000000,0.400000,8.000000,57.770000
1769105904.802255,0,0.000000,59.430000,0.000000,-0.010000,0.000000,0.000000,0.000000,0.510000,8.000000,57.770000
1769105904.838123,0,0.000000,57.310000,0.000000,0.000000,0.000000,0.000000,0.000000,0.600000,8.000000,57.790000
1769105904.839806,0,0.000000,54.610000,0.000000,0.000000,0.000000,0.000000,0.000000,0.640000,8.000000,57.810000
1769105904.864007,0,0.000000,51.250000,0.000000,0.020000,0.000000,0.000000,0.000000,0.690000,8.000000,57.830000
1769105904.886014,0,0.000000,47.650000,0.000000,0.030000,0.000000,0.000000,0.000000,0.740000,8.000000,57.840000
1769105904.904143,0,0.000000,44.090000,0.000000,0.000000,0.000000,0.000000,0.000000,0.760000,8.000000,57.860000
1769105904.905526,0,0.000000,41.060000,0.000000,-0.050000,0.000000,0.000000,0.000000,0.790000,8.000000,57.860000
1769105904.939852,0,0.000000,38.400000,0.000000,0.050000,0.000000,0.000000,0.000000,0.810000,8.000000,57.880000
1769105904.940854,0,0.000000,36.410000,0.000000,0.000000,0.000000,0.000000,0.000000,0.820000,8.000000,57.900000
1769105904.941853,0,0.000000,34.770000,0.000000,-0.020000,0.000000,0.000000,0.000000,0.850000,8.000000,57.910000
1769105904.973793,0,0.000000,33.250000,0.000000,0.010000,0.000000,0.000000,0.000000,0.870000,8.000000,57.930000
1769105904.974572,0,0.000000,31.790000,0.000000,0.000000,0.000000,0.000000,0.000000,0.870000,8.000000,57.950000
1769105905.006422,0,0.000000,30.620000,0.000000,0.020000,0.000000,0.000000,0.000000,0.880000,8.000000,57.970000
1769105905.007428,0,0.000000,29.290000,0.000000,0.000000,0.000000,0.000000,0.000000,0.890000,8.000000,57.970000
1769105905.036597,0,0.000000,28.340000,0.000000,0.070000,0.000000,0.000000,0.000000,0.920000,8.000000,58.000000
1769105905.037597,0,0.000000,27.540000,0.000000,-0.020000,0.000000,0.000000,0.000000,0.930000,8.000000,58.000000
1769105905.038599,0,0.000000,26.550000,0.000000,0.000000,0.000000,0.000000,0.000000,0.930000,8.000000,58.020000
1769105905.069339,0,0.000000,25.590000,0.000000,-0.020000,0.000000,0.000000,0.000000,0.940000,8.000000,58.040000
1769105905.101527,0,0.000000,24.620000,0.000000,-0.020000,0.000000,0.000000,0.000000,0.940000,8.000000,58.060000
1769105905.102530,0,0.000000,23.540000,0.000000,0.000000,0.000000,0.000000,0.000000,0.950000,8.000000,58.060000
1769105905.124005,0,0.000000,22.720000,0.000000,0.000000,0.000000,0.000000,0.000000,0.950000,8.000000,58.090000
1769105905.141870,0,0.000000,22.210000,0.000000,0.010000,0.000000,0.000000,0.000000,0.970000,8.000000,58.090000
1769105905.143883,0,0.000000,21.680000,0.000000,-0.030000,0.000000,0.000000,0.000000,0.970000,8.000000,58.110000
1769105905.167927,0,0.000000,21.360000,0.000000,0.000000,0.000000,0.000000,0.000000,0.970000,8.000000,58.130000
1769105905.187566,0,0.000000,21.100000,0.000000,0.000000,0.000000,0.000000,0.000000,0.980000,8.000000,58.150000
1769105905.208623,0,0.000000,20.620000,0.000000,-0.050000,0.000000,0.000000,0.000000,0.980000,8.000000,58.150000
1769105905.209630,0,0.000000,20.170000,0.000000,-0.010000,0.000000,0.000000,0.000000,0.980000,8.000000,58.180000
1769105905.232036,0,0.000000,19.540000,0.000000,-0.010000,0.000000,0.000000,0.000000,0.980000,8.000000,58.180000
1769105905.251557,0,0.000000,18.900000,0.000000,0.020000,0.000000,0.000000,0.000000,0.980000,8.000000,58.200000
1769105905.252566,0,0.000000,18.350000,0.000000,0.010000,0.000000,0.000000,0.000000,0.980000,8.000000,58.220000
1769105905.276294,0,0.000000,17.920000,0.000000,0.000000,0.000000,0.000000,0.000000,0.980000,8.000000,58.240000
1769105905.297534,0,0.000000,17.560000,0.000000,0.000000,0.000000,0.000000,0.000000,0.980000,8.000000,58.250000
1769105905.298573,0,0.000000,17.310000,0.000000,-0.010000,0.000000,0.000000,0.000000,0.980000,8.000000,58.270000
1769105905.319766,0,0.000000,17.100000,0.000000,-0.010000,0.000000,0.000000,0.000000,0.980000,8.000000,58.270000
1769105905.341554,0,0.000000,17.040000,0.000000,0.050000,0.000000,0.000000,0.000000,0.980000,8.000000,58.290000
1769105905.342552,0,0.000000,16.700000,0.000000,-0.020000,0.000000,0.000000,0.000000,0.980000,8.000000,58.310000
1769105905.361158,0,0.000000,16.350000,0.000000,0.000000,0.000000,0.000000,0.000000,0.980000,8.000000,58.330000
1769105905.395640,0,0.000000,15.680000,0.000000,0.000000,0.000000,0.000000,0.000000,0.980000,8.000000,58.340000
1769105905.396644,0,0.000000,15.350000,0.000000,-0.050000,0.000000,0.000000,0.000000,0.970000,8.000000,58.360000
1769105905.397641,0,0.000000,15.220000,0.000000,0.000000,0.000000,0.000000,0.000000,0.950000,8.000000,58.360000
1769105905.399761,0,0.000000,15.300000,0.000000,0.030000,0.000000,0.000000,0.000000,0.930000,8.000000,58.380000
1769105905.426590,0,0.000000,15.750000,0.000000,0.070000,0.000000,0.000000,0.000000,0.870000,8.000000,58.400000
1769105905.427588,0,0.000000,16.520000,0.000000,0.090000,0.000000,0.000000,0.000000,0.810000,8.000000,58.410000
1769105905.458730,0,0.000000,17.460000,0.000000,0.010000,0.000000,0.000000,0.000000,0.740000,8.000000,58.430000
1769105905.460732,0,0.000000,18.350000,0.000000,0.070000,0.000000,0.000000,0.000000,0.680000,8.000000,58.450000
1769105905.489766,0,0.000000,18.930000,0.000000,0.020000,0.000000,0.000000,0.000000,0.620000,8.000000,58.470000
1769105905.489766,0,0.000000,19.360000,0.000000,0.050000,0.000000,0.000000,0.000000,0.560000,8.000000,58.470000
1769105905.520166,0,0.000000,19.510000,0.000000,0.070000,0.000000,0.000000,0.000000,0.470000,8.000000,58.500000
1769105905.537393,0,0.000000,19.710000,0.000000,0.090000,0.000000,0.000000,0.000000,0.370000,8.000000,58.500000
1769105905.568592,0,0.000000,19.880000,0.000000,0.000000,0.000000,0.000000,0.000000,0.280000,8.000000,58.520000
1769105905.570109,0,0.000000,20.460000,0.000000,0.050000,0.000000,0.000000,0.000000,0.200000,8.000000,58.540000
1769105905.570756,0,0.000000,21.010000,0.000000,0.070000,0.000000,0.000000,0.000000,0.150000,8.000000,58.560000
1769105905.600536,0,0.000000,21.630000,0.000000,0.000000,0.000000,0.000000,0.000000,0.140000,8.000000,58.560000
1769105905.602313,0,0.000000,22.460000,0.000000,0.050000,0.000000,0.000000,0.000000,0.110000,8.000000,58.590000
1769105905.634139,0,0.000000,23.270000,0.000000,0.070000,0.000000,0.000000,0.000000,0.100000,8.000000,58.590000
1769105905.651749,0,0.000000,24.170000,0.000000,0.020000,0.000000,0.000000,0.000000,0.100000,8.000000,58.610000
1769105905.670139,0,0.000000,25.010000,0.000000,0.030000,0.000000,0.000000,0.000000,0.100000,8.000000,58.630000
1769105905.689772,0,0.000000,25.970000,0.000000,0.070000,0.000000,0.000000,0.000000,0.120000,8.000000,58.650000
1769105905.711094,0,0.000000,26.940000,0.000000,0.050000,0.000000,0.000000,0.000000,0.150000,8.000000,58.650000
1769105905.712456,0,0.000000,28.000000,0.000000,0.020000,0.000000,0.000000,0.000000,0.180000,8.000000,58.680000
1769105905.733356,0,0.000000,29.120000,0.000000,0.050000,0.000000,0.000000,0.000000,0.200000,8.000000,58.680000
1769105905.753884,0,0.000000,30.130000,0.000000,0.050000,0.000000,0.000000,0.000000,0.250000,8.000000,58.700000
1769105905.754925,0,0.000000,31.090000,0.000000,0.050000,0.000000,0.000000,0.000000,0.300000,8.000000,58.720000
1769105905.773481,0,0.000000,32.080000,0.000000,0.100000,0.000000,0.000000,0.000000,0.340000,8.000000,58.740000
1769105905.792817,0,0.000000,32.790000,0.000000,-0.030000,0.000000,0.000000,0.000000,0.370000,8.000000,58.750000
1769105905.812314,0,0.000000,33.840000,0.000000,0.050000,0.000000,0.000000,0.000000,0.410000,8.000000,58.770000
1769105905.813348,0,0.000000,34.720000,0.000000,0.100000,0.000000,0.000000,0.000000,0.460000,8.000000,58.790000
1769105905.834318,0,0.000000,35.590000,0.000000,0.050000,0.000000,0.000000,0.000000,0.510000,8.000000,58.790000
1769105905.853571,0,0.000000,36.330000,0.000000,0.000000,0.000000,0.000000,0.000000,0.550000,8.000000,58.810000
1769105905.854572,0,0.000000,37.110000,0.000000,0.030000,0.000000,0.000000,0.000000,0.570000,8.000000,58.830000
1769105905.871117,0,0.000000,37.700000,0.000000,0.000000,0.000000,0.000000,0.000000,0.620000,8.000000,58.840000
1769105905.899692,0,0.000000,38.410000,0.000000,0.020000,0.000000,0.000000,0.000000,0.640000,8.000000,58.860000
1769105905.900690,0,0.000000,38.970000,0.000000,0.000000,0.000000,0.000000,0.000000,0.680000,8.000000,58.880000
1769105905.931842,0,0.000000,39.450000,0.000000,0.000000,0.000000,0.000000,0.000000,0.690000,8.000000,58.880000
1769105905.933842,0,0.000000,40.020000,0.000000,0.000000,0.000000,0.000000,0.000000,0.720000,8.000000,58.900000
1769105905.953197,0,0.000000,40.650000,0.000000,0.070000,0.000000,0.000000,0.000000,0.740000,8.000000,58.910000
1769105905.976177,0,0.000000,41.450000,0.000000,0.070000,0.000000,0.000000,0.000000,0.760000,8.000000,58.930000
1769105905.993713,0,0.000000,42.110000,0.000000,0.000000,0.000000,0.000000,0.000000,0.790000,8.000000,58.950000
1769105906.012128,0,0.000000,42.790000,0.000000,0.050000,0.000000,0.000000,0.000000,0.810000,8.000000,58.970000
1769105906.013129,0,0.000000,43.490000,0.000000,0.000000,0.000000,0.000000,0.000000,0.810000,8.000000,58.970000
1769105906.031770,0,0.000000,44.310000,0.000000,0.050000,0.000000,0.000000,0.000000,0.830000,8.000000,59.000000
1769105906.047948,0,0.000000,45.080000,0.000000,0.050000,0.000000,0.000000,0.000000,0.860000,8.000000,59.000000
1769105906.047948,0,0.000000,45.900000,0.000000,0.070000,0.000000,0.000000,0.000000,0.870000,8.000000,59.020000
1769105906.078249,0,0.000000,46.430000,0.000000,0.000000,0.000000,0.000000,0.000000,0.880000,8.000000,59.040000
1769105906.079254,0,0.000000,46.860000,0.000000,0.070000,0.000000,0.000000,0.000000,0.890000,8.000000,59.060000
1769105906.112176,0,0.000000,47.360000,0.000000,0.020000,0.000000,0.000000,0.000000,0.910000,8.000000,59.060000
1769105906.113178,0,0.000000,48.020000,0.000000,0.000000,0.000000,0.000000,0.000000,0.910000,8.000000,59.090000
1769105906.134748,0,0.000000,48.650000,0.000000,0.050000,0.000000,0.000000,0.000000,0.910000,8.000000,59.090000
1769105906.154782,0,0.000000,49.680000,0.000000,0.000000,0.000000,0.000000,0.000000,0.920000,8.000000,59.110000
1769105906.173140,0,0.000000,50.660000,0.000000,-0.050000,0.000000,0.000000,0.000000,0.920000,8.000000,59.130000
1769105906.173814,0,0.000000,51.970000,0.000000,0.050000,0.000000,0.000000,0.000000,0.920000,8.000000,59.150000
1769105906.206790,0,0.000000,53.500000,0.000000,0.030000,0.000000,0.000000,0.000000,0.920000,8.000000,59.160000
1769105906.208584,0,0.000000,54.840000,0.000000,0.000000,0.000000,0.000000,0.000000,0.920000,8.000000,59.180000
1769105906.210312,0,0.000000,56.310000,0.000000,-0.020000,0.000000,0.000000,0.000000,0.920000,8.000000,59.180000
1769105906.244023,0,0.000000,57.680000,0.000000,0.000000,0.000000,0.000000,0.000000,0.920000,8.000000,59.200000
1769105906.245073,0,0.000000,58.700000,0.000000,0.000000,0.000000,0.000000,0.000000,0.920000,8.000000,59.220000
1769105906.271322,0,0.000000,59.450000,0.000000,0.020000,0.000000,0.000000,0.000000,0.910000,8.000000,59.240000
1769105906.272675,0,0.000000,60.180000,0.000000,0.100000,0.000000,0.000000,0.000000,0.880000,8.000000,59.250000
1769105906.300301,0,0.000000,60.880000,0.000000,0.050000,0.000000,0.000000,0.000000,0.850000,8.000000,59.270000
1769105906.318509,0,0.000000,61.930000,0.000000,0.100000,0.000000,0.000000,0.000000,0.810000,8.000000,59.270000
1769105906.338094,0,0.000000,62.560000,0.000000,0.100000,0.000000,0.000000,0.000000,0.770000,8.000000,59.290000
1769105906.338768,0,0.000000,63.090000,0.000000,0.100000,0.000000,0.000000,0.000000,0.740000,8.000000,59.310000
1769105906.368724,0,0.000000,63.500000,0.000000,0.140000,0.000000,0.000000,0.000000,0.690000,8.000000,59.330000
1769105906.369727,0,0.000000,64.020000,0.000000,0.150000,0.000000,0.000000,0.000000,0.630000,8.000000,59.340000
1769105906.399807,0,0.000000,64.690000,0.000000,0.150000,0.000000,0.000000,0.000000,0.560000,8.000000,59.360000
1769105906.400505,0,0.000000,65.410000,0.000000,0.230000,0.000000,0.000000,0.000000,0.490000,8.000000,59.360000
1769105906.430945,0,0.000000,66.090000,0.000000,0.200000,0.000000,0.000000,0.000000,0.430000,8.000000,59.380000
1769105906.430945,0,0.000000,66.580000,0.000000,0.200000,0.000000,0.000000,0.000000,0.400000,8.000000,59.400000
1769105906.432749,0,0.000000,67.120000,0.000000,0.230000,0.000000,0.000000,0.000000,0.370000,8.000000,59.410000
1769105906.460569,0,0.000000,67.410000,0.000000,0.230000,0.000000,0.000000,0.000000,0.310000,8.000000,59.430000
1769105906.490560,0,0.000000,67.410000,0.000000,0.280000,0.000000,0.000000,0.000000,0.250000,8.000000,59.450000
1769105906.492284,0,0.000000,67.270000,0.000000,0.180000,0.000000,0.000000,0.000000,0.180000,8.000000,59.450000
1769105906.515095,0,0.000000,67.410000,0.000000,0.210000,0.000000,0.000000,0.000000,0.120000,8.000000,59.470000
1769105906.532733,0,0.000000,67.470000,0.000000,0.230000,0.000000,0.000000,0.000000,0.070000,8.000000,59.490000
1769105906.552504,0,0.000000,67.550000,0.000000,0.230000,0.000000,0.000000,0.000000,0.050000,8.000000,59.500000
1769105906.553294,0,0.000000,67.690000,0.000000,0.250000,0.000000,0.000000,0.000000,0.030000,8.000000,59.520000
1769105906.577132,0,0.000000,67.660000,0.000000,0.310000,0.000000,0.000000,0.000000,0.020000,8.000000,59.540000
1769105906.599504,0,0.000000,67.690000,0.000000,0.200000,0.000000,0.000000,0.000000,0.000000,8.000000,59.540000
1769105906.619195,0,0.000000,67.700000,0.000000,0.210000,0.000000,0.000000,0.000000,0.000000,8.000000,59.560000
1769105906.620199,0,0.000000,67.790000,0.000000,0.250000,0.000000,0.000000,0.000000,-0.020000,8.000000,59.580000
1769105906.639740,0,0.000000,67.900000,0.000000,0.230000,0.000000,0.000000,0.000000,-0.030000,8.000000,59.590000
1769105906.664991,0,0.000000,67.970000,0.000000,0.250000,0.000000,0.000000,0.000000,-0.030000,8.000000,59.610000
1769105906.686747,0,0.000000,67.870000,0.000000,0.250000,0.000000,0.000000,0.000000,-0.020000,8.000000,59.630000
1769105906.688477,0,0.000000,67.730000,0.000000,0.210000,0.000000,0.000000,0.000000,-0.010000,8.000000,59.650000
1769105906.712341,0,0.000000,67.760000,0.000000,0.230000,0.000000,0.000000,0.000000,0.000000,8.000000,59.650000
1769105906.713904,0,0.000000,67.730000,0.000000,0.200000,0.000000,0.000000,0.000000,0.000000,8.000000,59.680000
1769105906.732460,0,0.000000,67.700000,0.000000,0.180000,0.000000,0.000000,0.000000,0.010000,8.000000,59.680000
1769105906.733777,0,0.000000,67.910000,0.000000,0.250000,0.000000,0.000000,0.000000,0.050000,8.000000,59.700000
1769105906.751103,0,0.000000,68.060000,0.000000,0.230000,0.000000,0.000000,0.000000,0.090000,8.000000,59.720000
1769105906.771538,0,0.000000,68.250000,0.000000,0.230000,0.000000,0.000000,0.000000,0.140000,8.000000,59.740000
1769105906.790799,0,0.000000,68.580000,0.000000,0.270000,0.000000,0.000000,0.000000,0.180000,8.000000,59.750000
1769105906.792591,0,0.000000,68.800000,0.000000,0.230000,0.000000,0.000000,0.000000,0.230000,8.000000,59.770000
1769105906.824757,0,0.000000,69.330000,0.000000,0.280000,0.000000,0.000000,0.000000,0.270000,8.000000,59.770000
1769105906.825481,0,0.000000,69.690000,0.000000,0.270000,0.000000,0.000000,0.000000,0.310000,8.000000,59.790000
1769105906.826487,0,0.000000,70.120000,0.000000,0.280000,0.000000,0.000000,0.000000,0.340000,8.000000,59.810000
1769105906.860910,0,0.000000,70.550000,0.000000,0.370000,0.000000,0.000000,0.000000,0.370000,8.000000,59.830000
1769105906.862909,0,0.000000,70.910000,0.000000,0.360000,0.000000,0.000000,0.000000,0.400000,8.000000,59.840000
1769105906.885756,0,0.000000,71.200000,0.000000,0.340000,0.000000,0.000000,0.000000,0.430000,8.000000,59.860000
1769105906.904522,0,0.000000,71.550000,0.000000,0.400000,0.000000,0.000000,0.000000,0.460000,8.000000,59.860000
1769105906.939720,0,0.000000,71.730000,0.000000,0.360000,0.000000,0.000000,0.000000,0.500000,8.000000,59.880000
1769105906.940756,0,0.000000,71.940000,0.000000,0.430000,0.000000,0.000000,0.000000,0.540000,8.000000,59.900000
1769105906.942272,0,0.000000,71.940000,0.000000,0.380000,0.000000,0.000000,0.000000,0.570000,8.000000,59.910000
1769105906.974095,0,0.000000,71.830000,0.000000,0.380000,0.000000,0.000000,0.000000,0.620000,8.000000,59.930000
1769105906.975099,0,0.000000,71.800000,0.000000,0.310000,0.000000,0.000000,0.000000,0.640000,8.000000,59.950000
1769105906.994717,0,0.000000,71.790000,0.000000,0.300000,0.000000,0.000000,0.000000,0.670000,8.000000,59.950000
1769105907.014694,0,0.000000,71.860000,0.000000,0.340000,0.000000,0.000000,0.000000,0.680000,8.000000,59.970000
1769105907.033899,0,0.000000,71.750000,0.000000,0.340000,0.000000,0.000000,0.000000,0.690000,8.000000,59.990000
1769105907.034899,0,0.000000,71.630000,0.000000,0.250000,0.000000,0.000000,0.000000,0.720000,8.000000,60.000000
1769105907.056907,0,0.000000,71.440000,0.000000,0.230000,0.000000,0.000000,0.000000,0.730000,8.000000,60.020000
1769105907.079295,0,0.000000,70.980000,0.000000,0.280000,0.000000,0.000000,0.000000,0.750000,8.000000,60.040000
1769105907.080302,0,0.000000,70.230000,0.000000,0.270000,0.000000,0.000000,0.000000,0.750000,8.000000,60.040000
1769105907.100748,0,0.000000,69.310000,0.000000,0.050000,0.000000,0.000000,0.000000,0.760000,8.000000,60.060000
1769105907.123750,0,0.000000,68.220000,0.000000,0.020000,0.000000,0.000000,0.000000,0.770000,8.000000,60.080000
1769105907.144066,0,0.000000,66.830000,0.000000,-0.020000,0.000000,0.000000,0.000000,0.790000,8.000000,60.090000
1769105907.145070,0,0.000000,65.190000,0.000000,0.050000,0.000000,0.000000,0.000000,0.790000,8.000000,60.110000
1769105907.166139,0,0.000000,63.150000,0.000000,0.000000,0.000000,0.000000,0.000000,0.800000,8.000000,60.130000
1769105907.185499,0,0.000000,60.950000,0.000000,-0.020000,0.000000,0.000000,0.000000,0.800000,8.000000,60.130000
1769105907.207151,0,0.000000,58.290000,0.000000,0.000000,0.000000,0.000000,0.000000,0.800000,8.000000,60.150000
1769105907.208159,0,0.000000,55.650000,0.000000,0.000000,0.000000,0.000000,0.000000,0.810000,8.000000,60.160000
1769105907.233465,0,0.000000,53.130000,0.000000,0.000000,0.000000,0.000000,0.000000,0.810000,8.000000,60.180000
1769105907.257243,0,0.000000,50.790000,0.000000,0.010000,0.000000,0.000000,0.000000,0.810000,8.000000,60.200000
1769105907.258347,0,0.000000,49.400000,0.000000,0.000000,0.000000,0.000000,0.000000,0.810000,8.000000,60.220000
1769105907.280528,0,0.000000,48.630000,0.000000,-0.010000,0.000000,0.000000,0.000000,0.810000,8.000000,60.220000
1769105907.302523,0,0.000000,48.200000,0.000000,0.000000,0.000000,0.000000,0.000000,0.820000,8.000000,60.250000
1769105907.303771,0,0.000000,47.950000,0.000000,0.000000,0.000000,0.000000,0.000000,0.830000,8.000000,60.250000
1769105907.326516,0,0.000000,47.500000,0.000000,0.020000,0.000000,0.000000,0.000000,0.850000,8.000000,60.270000
1769105907.350789,0,0.000000,47.000000,0.000000,0.000000,0.000000,0.000000,0.000000,0.860000,8.000000,60.290000
1769105907.352302,0,0.000000,46.580000,0.000000,0.000000,0.000000,0.000000,0.000000,0.870000,8.000000,60.310000
1769105907.371288,0,0.000000,46.340000,0.000000,0.050000,0.000000,0.000000,0.000000,0.870000,8.000000,60.310000
1769105907.373081,0,0.000000,46.180000,0.000000,0.000000,0.000000,0.000000,0.000000,0.880000,8.000000,60.340000
1769105907.392709,0,0.000000,46.020000,0.000000,-0.020000,0.000000,0.000000,0.000000,0.890000,8.000000,60.340000
1769105907.423698,0,0.000000,45.910000,0.000000,0.010000,0.000000,0.000000,0.000000,0.910000,8.000000,60.360000
1769105907.424696,0,0.000000,45.700000,0.000000,0.000000,0.000000,0.000000,0.000000,0.930000,8.000000,60.380000
1769105907.426709,0,0.000000,45.630000,0.000000,-0.030000,0.000000,0.000000,0.000000,0.930000,8.000000,60.400000
1769105907.464287,0,0.000000,45.060000,0.000000,0.000000,0.000000,0.000000,0.000000,0.940000,8.000000,60.410000
1769105907.501100,0,0.000000,44.180000,0.000000,0.050000,0.000000,0.000000,0.000000,0.950000,8.000000,60.430000
1769105907.519440,0,0.000000,43.020000,0.000000,-0.010000,0.000000,0.000000,0.000000,0.950000,8.000000,60.450000
1769105907.520256,0,0.000000,41.910000,0.000000,-0.010000,0.000000,0.000000,0.000000,0.970000,8.000000,60.450000
1769105907.542536,0,0.000000,40.840000,0.000000,-0.020000,0.000000,0.000000,0.000000,0.970000,8.000000,60.470000
1769105907.559892,0,0.000000,38.220000,0.000000,0.050000,0.000000,0.000000,0.000000,0.980000,8.000000,60.500000
1769105907.559892,0,0.000000,36.930000,0.000000,-0.030000,0.000000,0.000000,0.000000,0.990000,8.000000,60.520000
1769105907.579239,0,0.000000,35.840000,0.000000,0.010000,0.000000,0.000000,0.000000,0.990000,8.000000,60.540000
1769105907.614600,0,0.000000,34.650000,0.000000,0.010000,0.000000,0.000000,0.000000,0.990000,8.000000,60.540000
1769105907.639032,0,0.000000,33.560000,0.000000,0.050000,0.000000,0.000000,0.000000,1.000000,8.000000,60.560000
1769105907.640334,0,0.000000,32.490000,0.000000,0.010000,0.000000,0.000000,0.000000,1.000000,8.000000,60.580000
1769105907.640334,0,0.000000,31.860000,0.000000,0.000000,0.000000,0.000000,0.000000,1.000000,8.000000,60.590000
1769105907.663828,0,0.000000,31.370000,0.000000,0.000000,0.000000,0.000000,0.000000,1.000000,8.000000,60.610000
1769105907.699774,0,0.000000,31.200000,0.000000,0.020000,0.000000,0.000000,0.000000,1.000000,8.000000,60.630000
1769105907.700809,0,0.000000,31.210000,0.000000,-0.030000,0.000000,0.000000,0.000000,1.000000,8.000000,60.630000
1769105907.701563,0,0.000000,31.350000,0.000000,0.000000,0.000000,0.000000,0.000000,1.000000,8.000000,60.650000
1769105907.702600,0,0.000000,31.620000,0.000000,0.000000,0.000000,0.000000,0.000000,1.000000,8.000000,60.660000
1769105907.739981,0,0.000000,32.290000,0.000000,0.000000,0.000000,0.000000,0.000000,0.980000,8.000000,60.700000
1769105907.741555,0,0.000000,32.700000,0.000000,0.000000,0.000000,0.000000,0.000000,0.950000,8.000000,60.720000
1769105907.801838,0,0.000000,32.950000,0.000000,0.030000,0.000000,0.000000,0.000000,0.920000,8.000000,60.720000
1769105907.821221,0,0.000000,33.540000,0.000000,-0.050000,0.000000,0.000000,0.000000,0.860000,8.000000,60.750000
1769105907.844713,0,0.000000,34.410000,0.000000,0.000000,0.000000,0.000000,0.000000,0.760000,8.000000,60.750000
1769105907.845712,0,0.000000,35.580000,0.000000,0.000000,0.000000,0.000000,0.000000,0.640000,8.000000,60.770000
1769105907.866727,0,0.000000,37.490000,0.000000,-0.020000,0.000000,0.000000,0.000000,0.400000,8.000000,60.810000
1769105907.867439,0,0.000000,38.310000,0.000000,-0.010000,0.000000,0.000000,0.000000,0.310000,8.000000,60.830000
1769105907.886265,0,0.000000,38.650000,0.000000,0.010000,0.000000,0.000000,0.000000,0.200000,8.000000,60.840000
1769105907.910774,0,0.000000,38.900000,0.000000,0.030000,0.000000,0.000000,0.000000,0.120000,8.000000,60.840000
1769105907.911778,0,0.000000,39.060000,0.000000,0.000000,0.000000,0.000000,0.000000,0.030000,8.000000,60.860000
1769105907.934319,0,0.000000,39.310000,0.000000,0.050000,0.000000,0.000000,0.000000,-0.010000,8.000000,60.880000
1769105907.959512,0,0.000000,39.290000,0.000000,0.010000,0.000000,0.000000,0.000000,-0.090000,8.000000,60.900000
1769105907.960278,0,0.000000,39.450000,0.000000,0.050000,0.000000,0.000000,0.000000,-0.120000,8.000000,60.910000
1769105907.983879,0,0.000000,39.580000,0.000000,0.050000,0.000000,0.000000,0.000000,-0.150000,8.000000,60.930000
1769105907.984878,0,0.000000,39.880000,0.000000,0.050000,0.000000,0.000000,0.000000,-0.170000,8.000000,60.950000
1769105908.007525,0,0.000000,40.450000,0.000000,0.050000,0.000000,0.000000,0.000000,-0.170000,8.000000,60.950000
1769105908.026863,0,0.000000,41.180000,0.000000,0.090000,0.000000,0.000000,0.000000,-0.180000,8.000000,60.970000
1769105908.027871,0,0.000000,41.930000,0.000000,0.000000,0.000000,0.000000,0.000000,-0.180000,8.000000,60.990000
1769105908.057311,0,0.000000,42.900000,0.000000,0.050000,0.000000,0.000000,0.000000,-0.180000,8.000000,61.000000
1769105908.057311,0,0.000000,43.860000,0.000000,0.010000,0.000000,0.000000,0.000000,-0.180000,8.000000,61.020000
1769105908.058312,0,0.000000,44.790000,0.000000,-0.070000,0.000000,0.000000,0.000000,-0.180000,8.000000,61.040000
1769105908.089691,0,0.000000,45.560000,0.000000,0.050000,0.000000,0.000000,0.000000,-0.170000,8.000000,61.040000
1769105908.090696,0,0.000000,46.450000,0.000000,0.050000,0.000000,0.000000,0.000000,-0.150000,8.000000,61.060000
1769105908.125255,0,0.000000,47.290000,0.000000,-0.010000,0.000000,0.000000,0.000000,-0.110000,8.000000,61.080000
1769105908.162894,0,0.000000,48.290000,0.000000,0.100000,0.000000,0.000000,0.000000,-0.070000,8.000000,61.090000
1769105908.164899,0,0.000000,49.290000,0.000000,0.020000,0.000000,0.000000,0.000000,-0.010000,8.000000,61.110000
1769105908.165899,0,0.000000,50.380000,0.000000,0.070000,0.000000,0.000000,0.000000,0.050000,8.000000,61.130000
1769105908.166898,0,0.000000,51.610000,0.000000,0.010000,0.000000,0.000000,0.000000,0.150000,8.000000,61.130000
1769105908.198899,0,0.000000,52.450000,0.000000,0.000000,0.000000,0.000000,0.000000,0.230000,8.000000,61.150000
1769105908.199898,0,0.000000,53.110000,0.000000,0.030000,0.000000,0.000000,0.000000,0.330000,8.000000,61.160000
1769105908.220063,0,0.000000,53.900000,0.000000,0.100000,0.000000,0.000000,0.000000,0.430000,8.000000,61.180000
1769105908.251182,0,0.000000,54.580000,0.000000,0.050000,0.000000,0.000000,0.000000,0.500000,8.000000,61.200000
1769105908.251694,0,0.000000,55.240000,0.000000,0.010000,0.000000,0.000000,0.000000,0.570000,8.000000,61.220000
1769105908.253454,0,0.000000,56.090000,0.000000,0.030000,0.000000,0.000000,0.000000,0.630000,8.000000,61.220000
1769105908.289911,0,0.000000,57.020000,0.000000,0.110000,0.000000,0.000000,0.000000,0.680000,8.000000,61.250000
1769105908.290714,0,0.000000,58.020000,0.000000,0.100000,0.000000,0.000000,0.000000,0.720000,8.000000,61.270000
1769105908.330122,0,0.000000,59.180000,0.000000,0.100000,0.000000,0.000000,0.000000,0.750000,8.000000,61.270000
1769105908.331122,0,0.000000,60.490000,0.000000,-0.010000,0.000000,0.000000,0.000000,0.760000,8.000000,61.290000
1769105908.331122,0,0.000000,61.790000,0.000000,0.070000,0.000000,0.000000,0.000000,0.800000,8.000000,61.310000
1769105908.362894,0,0.000000,63.090000,0.000000,0.100000,0.000000,0.000000,0.000000,0.810000,8.000000,61.310000
1769105908.364891,0,0.000000,64.360000,0.000000,0.250000,0.000000,0.000000,0.000000,0.820000,8.000000,61.340000
1769105908.389884,0,0.000000,65.150000,0.000000,0.030000,0.000000,0.000000,0.000000,0.830000,8.000000,61.340000
1769105908.415055,0,0.000000,65.550000,0.000000,0.180000,0.000000,0.000000,0.000000,0.850000,8.000000,61.360000
1769105908.438085,0,0.000000,65.690000,0.000000,0.110000,0.000000,0.000000,0.000000,0.860000,8.000000,61.380000
1769105908.440087,0,0.000000,65.940000,0.000000,0.120000,0.000000,0.000000,0.000000,0.870000,8.000000,61.400000
1769105908.462963,0,0.000000,65.930000,0.000000,0.110000,0.000000,0.000000,0.000000,0.870000,8.000000,61.400000
1769105908.463961,0,0.000000,65.800000,0.000000,0.100000,0.000000,0.000000,0.000000,0.880000,8.000000,61.430000
1769105908.484770,0,0.000000,65.580000,0.000000,0.010000,0.000000,0.000000,0.000000,0.880000,8.000000,61.430000
1769105908.485480,0,0.000000,65.580000,0.000000,0.100000,0.000000,0.000000,0.000000,0.890000,8.000000,61.450000
1769105908.517181,0,0.000000,65.300000,0.000000,0.090000,0.000000,0.000000,0.000000,0.910000,8.000000,61.470000
1769105908.518691,0,0.000000,65.160000,0.000000,0.110000,0.000000,0.000000,0.000000,0.920000,8.000000,61.490000
1769105908.519437,0,0.000000,64.950000,0.000000,0.050000,0.000000,0.000000,0.000000,0.930000,8.000000,61.500000
1769105908.567514,0,0.000000,65.010000,0.000000,0.010000,0.000000,0.000000,0.000000,0.930000,8.000000,61.520000
1769105908.584276,0,0.000000,65.120000,0.000000,0.050000,0.000000,0.000000,0.000000,0.940000,8.000000,61.520000
1769105908.585275,0,0.000000,65.110000,0.000000,0.100000,0.000000,0.000000,0.000000,0.940000,8.000000,61.540000
1769105908.608553,0,0.000000,64.840000,0.000000,0.050000,0.000000,0.000000,0.000000,0.950000,8.000000,61.560000
1769105908.629731,0,0.000000,64.550000,0.000000,0.030000,0.000000,0.000000,0.000000,0.950000,8.000000,61.580000
1769105908.649026,0,0.000000,64.160000,0.000000,0.000000,0.000000,0.000000,0.000000,0.950000,8.000000,61.590000
1769105908.649688,0,0.000000,63.700000,0.000000,0.000000,0.000000,0.000000,0.000000,0.940000,8.000000,61.610000
1769105908.670239,0,0.000000,63.130000,0.000000,0.070000,0.000000,0.000000,0.000000,0.930000,8.000000,61.610000
1769105908.707070,0,0.000000,62.150000,0.000000,0.050000,0.000000,0.000000,0.000000,0.890000,8.000000,61.630000
1769105908.708726,0,0.000000,61.060000,0.000000,-0.010000,0.000000,0.000000,0.000000,0.850000,8.000000,61.650000
1769105908.710456,0,0.000000,59.990000,0.000000,0.050000,0.000000,0.000000,0.000000,0.760000,8.000000,61.660000
1769105908.711461,0,0.000000,59.180000,0.000000,0.000000,0.000000,0.000000,0.000000,0.670000,8.000000,61.680000
1769105908.745415,0,0.000000,58.270000,0.000000,0.010000,0.000000,0.000000,0.000000,0.560000,8.000000,61.700000
1769105908.764921,0,0.000000,57.680000,0.000000,0.030000,0.000000,0.000000,0.000000,0.440000,8.000000,61.720000
1769105908.765954,0,0.000000,57.310000,0.000000,0.030000,0.000000,0.000000,0.000000,0.370000,8.000000,61.720000
1769105908.789297,0,0.000000,57.150000,0.000000,0.050000,0.000000,0.000000,0.000000,0.310000,8.000000,61.750000
1769105908.808313,0,0.000000,57.150000,0.000000,0.070000,0.000000,0.000000,0.000000,0.250000,8.000000,61.750000
1769105908.809311,0,0.000000,57.090000,0.000000,0.000000,0.000000,0.000000,0.000000,0.230000,8.000000,61.770000
1769105908.830856,0,0.000000,57.220000,0.000000,0.070000,0.000000,0.000000,0.000000,0.200000,8.000000,61.790000
1769105908.862770,0,0.000000,57.250000,0.000000,0.050000,0.000000,0.000000,0.000000,0.170000,8.000000,61.790000
1769105908.863777,0,0.000000,57.310000,0.000000,0.090000,0.000000,0.000000,0.000000,0.140000,8.000000,61.810000
1769105908.864464,0,0.000000,57.290000,0.000000,0.000000,0.000000,0.000000,0.000000,0.100000,8.000000,61.830000
1769105908.880415,0,0.000000,57.200000,0.000000,0.030000,0.000000,0.000000,0.000000,0.100000,8.000000,61.840000
1769105908.912933,0,0.000000,56.990000,0.000000,0.020000,0.000000,0.000000,0.000000,0.090000,8.000000,61.860000
1769105908.913939,0,0.000000,56.500000,0.000000,0.000000,0.000000,0.000000,0.000000,0.090000,8.000000,61.880000
1769105908.931211,0,0.000000,55.840000,0.000000,-0.050000,0.000000,0.000000,0.000000,0.100000,8.000000,61.900000
1769105908.961264,0,0.000000,55.240000,0.000000,-0.100000,0.000000,0.000000,0.000000,0.100000,8.000000,61.900000
1769105908.962264,0,0.000000,54.500000,0.000000,0.030000,0.000000,0.000000,0.000000,0.110000,8.000000,61.930000
1769105908.964266,0,0.000000,53.680000,0.000000,-0.100000,0.000000,0.000000,0.000000,0.150000,8.000000,61.930000
1769105908.999427,0,0.000000,52.790000,0.000000,-0.050000,0.000000,0.000000,0.000000,0.180000,8.000000,61.950000
1769105909.000223,0,0.000000,51.930000,0.000000,-0.010000,0.000000,0.000000,0.000000,0.250000,8.000000,61.970000
1769105909.021415,0,0.000000,50.750000,0.000000,-0.010000,0.000000,0.000000,0.000000,0.300000,8.000000,61.990000
1769105909.053246,0,0.000000,49.250000,0.000000,-0.070000,0.000000,0.000000,0.000000,0.340000,8.000000,62.000000
1769105909.054247,0,0.000000,47.520000,0.000000,0.020000,0.000000,0.000000,0.000000,0.370000,8.000000,62.020000
1769105909.055246,0,0.000000,45.720000,0.000000,0.000000,0.000000,0.000000,0.000000,0.380000,8.000000,62.020000
1769105909.074717,0,0.000000,43.770000,0.000000,0.000000,0.000000,0.000000,0.000000,0.410000,8.000000,62.040000
1769105909.096457,0,0.000000,42.150000,0.000000,-0.100000,0.000000,0.000000,0.000000,0.460000,8.000000,62.060000
1769105909.133681,0,0.000000,40.630000,0.000000,-0.010000,0.000000,0.000000,0.000000,0.490000,8.000000,62.080000
1769105909.135439,0,0.000000,39.610000,0.000000,0.000000,0.000000,0.000000,0.000000,0.510000,8.000000,62.090000
1769105909.137231,0,0.000000,38.520000,0.000000,0.000000,0.000000,0.000000,0.000000,0.560000,8.000000,62.110000
1769105909.159459,0,0.000000,37.470000,0.000000,-0.100000,0.000000,0.000000,0.000000,0.570000,8.000000,62.110000
1769105909.178202,0,0.000000,36.630000,0.000000,0.000000,0.000000,0.000000,0.000000,0.610000,8.000000,62.130000
1769105909.210481,0,0.000000,35.470000,0.000000,-0.050000,0.000000,0.000000,0.000000,0.620000,8.000000,62.150000
1769105909.211486,0,0.000000,34.150000,0.000000,-0.050000,0.000000,0.000000,0.000000,0.640000,8.000000,62.160000
1769105909.245715,0,0.000000,32.770000,0.000000,-0.010000,0.000000,0.000000,0.000000,0.680000,8.000000,62.180000
1769105909.246245,0,0.000000,31.060000,0.000000,-0.110000,0.000000,0.000000,0.000000,0.690000,8.000000,62.200000
1769105909.247423,0,0.000000,29.300000,0.000000,-0.030000,0.000000,0.000000,0.000000,0.700000,8.000000,62.200000
1769105909.283221,0,0.000000,27.560000,0.000000,0.000000,0.000000,0.000000,0.000000,0.730000,8.000000,62.220000
1769105909.285044,0,0.000000,25.520000,0.000000,-0.110000,0.000000,0.000000,0.000000,0.740000,8.000000,62.240000
1769105909.286049,0,0.000000,23.650000,0.000000,-0.020000,0.000000,0.000000,0.000000,0.740000,8.000000,62.250000
1769105909.320017,0,0.000000,21.590000,0.000000,-0.030000,0.000000,0.000000,0.000000,0.750000,8.000000,62.270000
1769105909.321338,0,0.000000,19.540000,0.000000,-0.140000,0.000000,0.000000,0.000000,0.750000,8.000000,62.290000
1769105909.356831,0,0.000000,17.510000,0.000000,-0.030000,0.000000,0.000000,0.000000,0.750000,8.000000,62.290000
1769105909.358833,0,0.000000,15.440000,0.000000,-0.010000,0.000000,0.000000,0.000000,0.760000,8.000000,62.310000
1769105909.359738,0,0.000000,13.520000,0.000000,-0.020000,0.000000,0.000000,0.000000,0.770000,8.000000,62.330000
1769105909.361450,0,0.000000,11.780000,0.000000,-0.050000,0.000000,0.000000,0.000000,0.790000,8.000000,62.340000
1769105909.390440,0,0.000000,10.180000,0.000000,-0.010000,0.000000,0.000000,0.000000,0.800000,8.000000,62.360000
1769105909.410664,0,0.000000,8.890000,0.000000,-0.050000,0.000000,0.000000,0.000000,0.810000,8.000000,62.380000
1769105909.429847,0,0.000000,7.820000,0.000000,0.020000,0.000000,0.000000,0.000000,0.810000,8.000000,62.380000
1769105909.463899,0,0.000000,6.820000,0.000000,-0.020000,0.000000,0.000000,0.000000,0.820000,8.000000,62.400000
1769105909.465899,0,0.000000,6.090000,0.000000,0.000000,0.000000,0.000000,0.000000,0.830000,8.000000,62.410000
1769105909.466900,0,0.000000,5.630000,0.000000,0.000000,0.000000,0.000000,0.000000,0.830000,8.000000,62.430000
1769105909.467901,0,0.000000,5.320000,0.000000,-0.050000,0.000000,0.000000,0.000000,0.850000,8.000000,62.450000
1769105909.504640,0,0.000000,5.280000,0.000000,0.030000,0.000000,0.000000,0.000000,0.850000,8.000000,62.470000
1769105909.506641,0,0.000000,5.380000,0.000000,-0.010000,0.000000,0.000000,0.000000,0.860000,8.000000,62.470000
1769105909.543344,0,0.000000,5.840000,0.000000,-0.020000,0.000000,0.000000,0.000000,0.860000,8.000000,62.500000
1769105909.543859,0,0.000000,6.320000,0.000000,0.070000,0.000000,0.000000,0.000000,0.860000,8.000000,62.500000
1769105909.583575,0,0.000000,7.070000,0.000000,-0.050000,0.000000,0.000000,0.000000,0.870000,8.000000,62.520000
1769105909.585574,0,0.000000,7.820000,0.000000,0.020000,0.000000,0.000000,0.000000,0.870000,8.000000,62.540000
1769105909.586574,0,0.000000,8.590000,0.000000,0.050000,0.000000,0.000000,0.000000,0.870000,8.000000,62.560000
1769105909.625406,0,0.000000,9.430000,0.000000,0.070000,0.000000,0.000000,0.000000,0.870000,8.000000,62.560000
1769105909.626414,0,0.000000,10.270000,0.000000,0.050000,0.000000,0.000000,0.000000,0.870000,8.000000,62.590000
1769105909.628414,0,0.000000,11.210000,0.000000,0.070000,0.000000,0.000000,0.000000,0.870000,8.000000,62.590000
1769105909.651005,0,0.000000,12.280000,0.000000,0.100000,0.000000,0.000000,0.000000,0.870000,8.000000,62.610000
1769105909.721460,0,0.000000,13.520000,0.000000,0.050000,0.000000,0.000000,0.000000,0.870000,8.000000,62.630000
1769105909.762148,0,0.000000,14.800000,0.000000,0.070000,0.000000,0.000000,0.000000,0.870000,8.000000,62.650000
1769105909.763737,0,0.000000,16.620000,0.000000,0.100000,0.000000,0.000000,0.000000,0.870000,8.000000,62.650000
1769105909.765295,0,0.000000,18.720000,0.000000,0.120000,0.000000,0.000000,0.000000,0.860000,8.000000,62.680000
1769105909.800999,0,0.000000,21.130000,0.000000,0.070000,0.000000,0.000000,0.000000,0.850000,8.000000,62.700000
1769105909.801503,0,0.000000,29.150000,0.000000,0.010000,0.000000,0.000000,0.000000,0.790000,8.000000,62.740000
1769105909.802508,0,0.000000,31.960000,0.000000,0.070000,0.000000,0.000000,0.000000,0.750000,8.000000,62.750000
1769105909.803232,0,0.000000,35.130000,0.000000,0.000000,0.000000,0.000000,0.000000,0.680000,8.000000,62.770000
1769105909.805008,0,0.000000,38.150000,0.000000,0.100000,0.000000,0.000000,0.000000,0.620000,8.000000,62.790000
1769105909.840817,0,0.000000,41.340000,0.000000,0.100000,0.000000,0.000000,0.000000,0.560000,8.000000,62.790000
1769105909.873839,0,0.000000,44.040000,0.000000,0.070000,0.000000,0.000000,0.000000,0.490000,8.000000,62.810000
1769105909.875839,0,0.000000,46.580000,0.000000,0.120000,0.000000,0.000000,0.000000,0.410000,8.000000,62.830000
1769105909.876730,0,0.000000,48.930000,0.000000,0.070000,0.000000,0.000000,0.000000,0.340000,8.000000,62.840000
1769105909.878467,0,0.000000,50.930000,0.000000,0.000000,0.000000,0.000000,0.000000,0.250000,8.000000,62.860000
1769105909.911072,0,0.000000,52.560000,0.000000,0.070000,0.000000,0.000000,0.000000,0.200000,8.000000,62.880000
1769105909.912084,0,0.000000,53.770000,0.000000,0.030000,0.000000,0.000000,0.000000,0.150000,8.000000,62.880000
1769105909.947127,0,0.000000,54.900000,0.000000,0.070000,0.000000,0.000000,0.000000,0.110000,8.000000,62.900000
1769105909.947666,0,0.000000,55.900000,0.000000,0.010000,0.000000,0.000000,0.000000,0.070000,8.000000,62.910000
1769105909.983227,0,0.000000,56.790000,0.000000,0.110000,0.000000,0.000000,0.000000,0.050000,8.000000,62.930000
1769105909.984025,0,0.000000,57.650000,0.000000,0.070000,0.000000,0.000000,0.000000,0.020000,8.000000,62.950000
1769105909.985034,0,0.000000,58.540000,0.000000,0.090000,0.000000,0.000000,0.000000,0.020000,8.000000,62.970000
1769105910.018646,0,0.000000,59.380000,0.000000,0.100000,0.000000,0.000000,0.000000,0.030000,8.000000,62.970000
1769105910.019652,0,0.000000,60.310000,0.000000,0.050000,0.000000,0.000000,0.000000,0.030000,8.000000,63.000000
1769105910.038740,0,0.000000,61.500000,0.000000,0.050000,0.000000,0.000000,0.000000,0.050000,8.000000,63.000000
1769105910.073685,0,0.000000,62.740000,0.000000,0.090000,0.000000,0.000000,0.000000,0.050000,8.000000,63.020000
1769105910.074423,0,0.000000,64.020000,0.000000,0.180000,0.000000,0.000000,0.000000,0.090000,8.000000,63.040000
1769105910.075428,0,0.000000,64.870000,0.000000,0.200000,0.000000,0.000000,0.000000,0.120000,8.000000,63.060000
1769105910.114743,0,0.000000,65.590000,0.000000,0.200000,0.000000,0.000000,0.000000,0.180000,8.000000,63.080000
1769105910.115440,0,0.000000,66.180000,0.000000,0.170000,0.000000,0.000000,0.000000,0.230000,8.000000,63.090000
1769105910.154128,0,0.000000,66.330000,0.000000,0.150000,0.000000,0.000000,0.000000,0.300000,8.000000,63.110000
1769105910.154632,0,0.000000,66.610000,0.000000,0.280000,0.000000,0.000000,0.000000,0.370000,8.000000,63.110000
1769105910.156639,0,0.000000,66.840000,0.000000,0.250000,0.000000,0.000000,0.000000,0.440000,8.000000,63.130000
1769105910.179583,0,0.000000,67.050000,0.000000,0.180000,0.000000,0.000000,0.000000,0.510000,8.000000,63.150000
1769105910.202288,0,0.000000,67.480000,0.000000,0.200000,0.000000,0.000000,0.000000,0.580000,8.000000,63.160000
1769105910.225688,0,0.000000,67.700000,0.000000,0.280000,0.000000,0.000000,0.000000,0.640000,8.000000,63.180000
1769105910.226423,0,0.000000,67.970000,0.000000,0.230000,0.000000,0.000000,0.000000,0.760000,8.000000,63.200000
1769105910.249371,0,0.000000,67.970000,0.000000,0.200000,0.000000,0.000000,0.000000,0.810000,8.000000,63.200000
1769105910.269797,0,0.000000,67.790000,0.000000,0.230000,0.000000,0.000000,0.000000,0.820000,8.000000,63.220000
1769105910.270804,0,0.000000,67.760000,0.000000,0.200000,0.000000,0.000000,0.000000,0.850000,8.000000,63.240000
1769105910.298539,0,0.000000,67.750000,0.000000,0.150000,0.000000,0.000000,0.000000,0.870000,8.000000,63.250000
1769105910.325654,0,0.000000,67.660000,0.000000,0.170000,0.000000,0.000000,0.000000,0.870000,8.000000,63.270000
1769105910.326453,0,0.000000,67.970000,0.000000,0.150000,0.000000,0.000000,0.000000,0.890000,8.000000,63.290000
1769105910.348205,0,0.000000,68.160000,0.000000,0.250000,0.000000,0.000000,0.000000,0.910000,8.000000,63.290000
1769105910.349846,0,0.000000,68.330000,0.000000,0.200000,0.000000,0.000000,0.000000,0.930000,8.000000,63.310000
1769105910.372193,0,0.000000,68.340000,0.000000,0.230000,0.000000,0.000000,0.000000,0.930000,8.000000,63.330000
1769105910.394366,0,0.000000,68.340000,0.000000,0.170000,0.000000,0.000000,0.000000,0.940000,8.000000,63.340000
1769105910.417881,0,0.000000,68.060000,0.000000,0.140000,0.000000,0.000000,0.000000,0.950000,8.000000,63.360000
1769105910.418881,0,0.000000,67.550000,0.000000,0.140000,0.000000,0.000000,0.000000,0.950000,8.000000,63.380000
1769105910.442831,0,0.000000,67.010000,0.000000,0.070000,0.000000,0.000000,0.000000,0.950000,8.000000,63.380000
1769105910.444340,0,0.000000,66.720000,0.000000,0.100000,0.000000,0.000000,0.000000,0.940000,8.000000,63.400000
1769105910.466807,0,0.000000,66.190000,0.000000,0.050000,0.000000,0.000000,0.000000,0.930000,8.000000,63.410000
1769105910.489964,0,0.000000,65.700000,0.000000,-0.020000,0.000000,0.000000,0.000000,0.920000,8.000000,63.430000
1769105910.491477,0,0.000000,65.120000,0.000000,0.000000,0.000000,0.000000,0.000000,0.870000,8.000000,63.450000
1769105910.513056,0,0.000000,64.480000,0.000000,0.100000,0.000000,0.000000,0.000000,0.820000,8.000000,63.470000
1769105910.532501,0,0.000000,63.750000,0.000000,0.000000,0.000000,0.000000,0.000000,0.750000,8.000000,63.470000
1769105910.533499,0,0.000000,63.240000,0.000000,0.000000,0.000000,0.000000,0.000000,0.670000,8.000000,63.500000
1769105910.558640,0,0.000000,62.930000,0.000000,0.050000,0.000000,0.000000,0.000000,0.580000,8.000000,63.500000
1769105910.559646,0,0.000000,62.650000,0.000000,0.050000,0.000000,0.000000,0.000000,0.510000,8.000000,63.520000
1769105910.577424,0,0.000000,62.220000,0.000000,0.010000,0.000000,0.000000,0.000000,0.460000,8.000000,63.540000
1769105910.579425,0,0.000000,61.900000,0.000000,0.000000,0.000000,0.000000,0.000000,0.430000,8.000000,63.560000
1769105910.611668,0,0.000000,61.540000,0.000000,0.010000,0.000000,0.000000,0.000000,0.400000,8.000000,63.560000
1769105910.612528,0,0.000000,61.150000,0.000000,0.050000,0.000000,0.000000,0.000000,0.340000,8.000000,63.590000
1769105910.630605,0,0.000000,60.880000,0.000000,0.050000,0.000000,0.000000,0.000000,0.280000,8.000000,63.590000
1769105910.653812,0,0.000000,60.720000,0.000000,0.030000,0.000000,0.000000,0.000000,0.210000,8.000000,63.610000
1769105910.677415,0,0.000000,60.700000,0.000000,-0.020000,0.000000,0.000000,0.000000,0.150000,8.000000,63.630000
1769105910.697407,0,0.000000,60.470000,0.000000,0.020000,0.000000,0.000000,0.000000,0.120000,8.000000,63.650000
1769105910.698407,0,0.000000,60.310000,0.000000,0.020000,0.000000,0.000000,0.000000,0.110000,8.000000,63.650000
1769105910.723503,0,0.000000,60.200000,0.000000,-0.100000,0.000000,0.000000,0.000000,0.100000,8.000000,63.680000
1769105910.724010,0,0.000000,59.950000,0.000000,0.000000,0.000000,0.000000,0.000000,0.100000,8.000000,63.680000
1769105910.745918,0,0.000000,59.630000,0.000000,0.000000,0.000000,0.000000,0.000000,0.100000,8.000000,63.700000
1769105910.770005,0,0.000000,59.310000,0.000000,0.030000,0.000000,0.000000,0.000000,0.100000,8.000000,63.720000
1769105910.771008,0,0.000000,58.860000,0.000000,0.050000,0.000000,0.000000,0.000000,0.070000,8.000000,63.740000
1769105910.806787,0,0.000000,58.610000,0.000000,0.050000,0.000000,0.000000,0.000000,0.050000,8.000000,63.750000
1769105910.808789,0,0.000000,58.180000,0.000000,0.000000,0.000000,0.000000,0.000000,0.050000,8.000000,63.770000
1769105910.809787,0,0.000000,57.770000,0.000000,-0.020000,0.000000,0.000000,0.000000,0.030000,8.000000,63.770000
1769105910.832180,0,0.000000,57.470000,0.000000,0.000000,0.000000,0.000000,0.000000,0.010000,8.000000,63.790000
1769105910.855746,0,0.000000,57.110000,0.000000,0.000000,0.000000,0.000000,0.000000,0.000000,8.000000,63.810000
1769105910.883079,0,0.000000,56.840000,0.000000,0.000000,0.000000,0.000000,0.000000,0.000000,8.000000,63.830000
1769105910.909540,0,0.000000,56.680000,0.000000,0.000000,0.000000,0.000000,0.000000,-0.020000,8.000000,63.840000
1769105910.911144,0,0.000000,56.520000,0.000000,0.020000,0.000000,0.000000,0.000000,-0.050000,8.000000,63.860000
1769105910.912185,0,0.000000,56.450000,0.000000,0.000000,0.000000,0.000000,0.000000,-0.070000,8.000000,63.880000
1769105910.934436,0,0.000000,56.430000,0.000000,0.010000,0.000000,0.000000,0.000000,-0.070000,8.000000,63.880000
1769105910.959865,0,0.000000,56.360000,0.000000,-0.010000,0.000000,0.000000,0.000000,-0.070000,8.000000,63.900000
1769105910.960863,0,0.000000,56.270000,0.000000,-0.090000,0.000000,0.000000,0.000000,-0.070000,8.000000,63.910000
1769105910.981721,0,0.000000,56.150000,0.000000,0.010000,0.000000,0.000000,0.000000,-0.090000,8.000000,63.930000
1769105910.983230,0,0.000000,56.160000,0.000000,-0.010000,0.000000,0.000000,0.000000,-0.100000,8.000000,63.950000
1769105911.006644,0,0.000000,56.160000,0.000000,0.000000,0.000000,0.000000,0.000000,-0.100000,8.000000,63.970000
1769105911.029969,0,0.000000,56.160000,0.000000,0.000000,0.000000,0.000000,0.000000,-0.100000,8.000000,63.970000
1769105911.030977,0,0.000000,56.150000,0.000000,0.020000,0.000000,0.000000,0.000000,-0.100000,8.000000,64.000000
1769105911.053614,0,0.000000,56.200000,0.000000,0.030000,0.000000,0.000000,0.000000,-0.100000,8.000000,64.010000
1769105911.078596,0,0.000000,56.160000,0.000000,0.010000,0.000000,0.000000,0.000000,-0.100000,8.000000,64.020000
1769105911.080374,0,0.000000,56.040000,0.000000,0.000000,0.000000,0.000000,0.000000,-0.090000,8.000000,64.040000
1769105911.103976,0,0.000000,55.840000,0.000000,-0.110000,0.000000,0.000000,0.000000,-0.070000,8.000000,64.050000
1769105911.128640,0,0.000000,55.740000,0.000000,0.050000,0.000000,0.000000,0.000000,-0.070000,8.000000,64.080000
1769105911.129647,0,0.000000,55.590000,0.000000,0.010000,0.000000,0.000000,0.000000,-0.070000,8.000000,64.080000
1769105911.156878,0,0.000000,55.340000,0.000000,0.000000,0.000000,0.000000,0.000000,-0.070000,8.000000,64.110000
1769105911.157879,0,0.000000,55.290000,0.000000,0.020000,0.000000,0.000000,0.000000,-0.070000,8.000000,64.120000
1769105911.178365,0,0.000000,55.270000,0.000000,0.000000,0.000000,0.000000,0.000000,-0.070000,8.000000,64.130000
1769105911.179215,0,0.000000,55.240000,0.000000,-0.010000,0.000000,0.000000,0.000000,-0.070000,8.000000,64.150000
1769105911.199937,0,0.000000,55.200000,0.000000,0.030000,0.000000,0.000000,0.000000,-0.070000,8.000000,64.160000
1769105911.223030,0,0.000000,55.000000,0.000000,0.000000,0.000000,0.000000,0.000000,-0.070000,8.000000,64.180000
1769105911.243526,0,0.000000,55.040000,0.000000,0.000000,0.000000,0.000000,0.000000,-0.070000,8.000000,64.190000
1769105911.244030,0,0.000000,55.040000,0.000000,-0.020000,0.000000,0.000000,0.000000,-0.070000,8.000000,64.200000
1769105911.282231,0,0.000000,55.130000,0.000000,0.000000,0.000000,0.000000,0.000000,-0.070000,8.000000,64.230000
1769105911.283240,0,0.000000,54.970000,0.000000,0.030000,0.000000,0.000000,0.000000,-0.090000,8.000000,64.230000
1769105911.284067,0,0.000000,54.900000,0.000000,0.010000,0.000000,0.000000,0.000000,-0.070000,8.000000,64.260000
1769105911.285072,0,0.000000,54.840000,0.000000,0.050000,0.000000,0.000000,0.000000,-0.070000,8.000000,64.260000
1769105911.320457,0,0.000000,54.680000,0.000000,0.020000,0.000000,0.000000,0.000000,-0.070000,8.000000,64.290000
1769105911.323326,0,0.000000,54.560000,0.000000,0.010000,0.000000,0.000000,0.000000,-0.070000,8.000000,64.300000
1769105911.324327,0,0.000000,54.380000,0.000000,0.000000,0.000000,0.000000,0.000000,-0.070000,8.000000,64.310000
1769105911.360093,0,0.000000,54.220000,0.000000,0.050000,0.000000,0.000000,0.000000,-0.070000,8.000000,64.330000
1769105911.394554,0,0.000000,54.200000,0.000000,-0.030000,0.000000,0.000000,0.000000,-0.090000,8.000000,64.340000
1769105911.395907,0,0.000000,54.180000,0.000000,0.000000,0.000000,0.000000,0.000000,-0.090000,8.000000,64.360000
1769105911.432941,0,0.000000,54.060000,0.000000,0.070000,0.000000,0.000000,0.000000,-0.090000,8.000000,64.370000
1769105911.433574,0,0.000000,54.130000,0.000000,0.000000,0.000000,0.000000,0.000000,-0.100000,8.000000,64.380000
1769105911.434580,0,0.000000,54.150000,0.000000,0.000000,0.000000,0.000000,0.000000,-0.100000,8.000000,64.410000
1769105911.472283,0,0.000000,54.060000,0.000000,0.000000,0.000000,0.000000,0.000000,-0.100000,8.000000,64.410000
1769105911.472791,0,0.000000,54.130000,0.000000,-0.020000,0.000000,0.000000,0.000000,-0.100000,8.000000,64.440000
1769105911.475578,0,0.000000,54.110000,0.000000,0.020000,0.000000,0.000000,0.000000,-0.100000,8.000000,64.440000
1769105911.497624,0,0.000000,54.130000,0.000000,0.010000,0.000000,0.000000,0.000000,-0.090000,8.000000,64.470000
1769105911.520431,0,0.000000,54.130000,0.000000,0.000000,0.000000,0.000000,0.000000,-0.090000,8.000000,64.480000
1769105911.543589,0,0.000000,54.180000,0.000000,0.010000,0.000000,0.000000,0.000000,-0.090000,8.000000,64.500000
1769105911.545104,0,0.000000,54.160000,0.000000,0.030000,0.000000,0.000000,0.000000,-0.100000,8.000000,64.510000
1769105911.569668,0,0.000000,54.180000,0.000000,0.000000,0.000000,0.000000,0.000000,-0.100000,8.000000,64.520000
1769105911.591671,0,0.000000,54.310000,0.000000,0.010000,0.000000,0.000000,0.000000,-0.100000,8.000000,64.550000
1769105911.592376,0,0.000000,54.380000,0.000000,0.000000,0.000000,0.000000,0.000000,-0.100000,8.000000,64.550000
1769105911.613601,0,0.000000,54.580000,0.000000,0.010000,0.000000,0.000000,0.000000,-0.090000,8.000000,64.580000
1769105911.633215,0,0.000000,54.790000,0.000000,0.000000,0.000000,0.000000,0.000000,-0.090000,8.000000,64.580000
1769105911.634221,0,0.000000,54.840000,0.000000,-0.010000,0.000000,0.000000,0.000000,-0.090000,8.000000,64.610000
1769105911.661597,0,0.000000,54.900000,0.000000,-0.050000,0.000000,0.000000,0.000000,-0.090000,8.000000,64.620000
1769105911.682992,0,0.000000,55.060000,0.000000,-0.100000,0.000000,0.000000,0.000000,-0.090000,8.000000,64.630000
1769105911.683753,0,0.000000,55.200000,0.000000,-0.010000,0.000000,0.000000,0.000000,-0.090000,8.000000,64.650000
1769105911.704764,0,0.000000,55.290000,0.000000,-0.030000,0.000000,0.000000,0.000000,-0.090000,8.000000,64.660000
1769105911.729154,0,0.000000,55.410000,0.000000,0.050000,0.000000,0.000000,0.000000,-0.090000,8.000000,64.680000
1769105911.758946,0,0.000000,55.540000,0.000000,-0.030000,0.000000,0.000000,0.000000,-0.090000,8.000000,64.690000
1769105911.759952,0,0.000000,55.650000,0.000000,-0.050000,0.000000,0.000000,0.000000,-0.090000,8.000000,64.700000
1769105911.784220,0,0.000000,55.720000,0.000000,0.000000,0.000000,0.000000,0.000000,-0.090000,8.000000,64.730000
1769105911.785090,0,0.000000,55.700000,0.000000,0.000000,0.000000,0.000000,0.000000,-0.090000,8.000000,64.730000
1769105911.807223,0,0.000000,55.630000,0.000000,0.020000,0.000000,0.000000,0.000000,-0.090000,8.000000,64.760000
1769105911.831303,0,0.000000,55.610000,0.000000,0.020000,0.000000,0.000000,0.000000,-0.090000,8.000000,64.770000
1769105911.832304,0,0.000000,55.630000,0.000000,0.010000,0.000000,0.000000,0.000000,-0.090000,8.000000,64.790000
1769105911.855803,0,0.000000,55.500000,0.000000,0.000000,0.000000,0.000000,0.000000,-0.090000,8.000000,64.800000
1769105911.856811,0,0.000000,55.590000,0.000000,-0.030000,0.000000,0.000000,0.000000,-0.090000,8.000000,64.810000
1769105911.879589,0,0.000000,55.540000,0.000000,0.070000,0.000000,0.000000,0.000000,-0.090000,8.000000,64.830000
1769105911.880324,0,0.000000,55.470000,0.000000,0.030000,0.000000,0.000000,0.000000,-0.090000,8.000000,64.840000
1769105911.903568,0,0.000000,55.340000,0.000000,-0.010000,0.000000,0.000000,0.000000,-0.090000,8.000000,64.870000
1769105911.927022,0,0.000000,55.340000,0.000000,0.000000,0.000000,0.000000,0.000000,-0.090000,8.000000,64.870000
1769105911.950007,0,0.000000,55.310000,0.000000,0.050000,0.000000,0.000000,0.000000,-0.070000,8.000000,64.900000
1769105911.951007,0,0.000000,55.220000,0.000000,0.000000,0.000000,0.000000,0.000000,-0.070000,8.000000,64.910000
1769105911.975224,0,0.000000,55.060000,0.000000,0.050000,0.000000,0.000000,0.000000,-0.070000,8.000000,64.930000
1769105911.976578,0,0.000000,55.000000,0.000000,0.000000,0.000000,0.000000,0.000000,-0.070000,8.000000,64.940000
1769105911.998335,0,0.000000,55.020000,0.000000,0.000000,0.000000,0.000000,0.000000,-0.070000,8.000000,64.950000
1769105912.021378,0,0.000000,55.020000,0.000000,0.070000,0.000000,0.000000,0.000000,-0.070000,8.000000,64.970000
1769105912.022385,0,0.000000,55.020000,0.000000,0.030000,0.000000,0.000000,0.000000,-0.070000,8.000000,64.980000
1769105912.046599,0,0.000000,54.990000,0.000000,0.020000,0.000000,0.000000,0.000000,-0.070000,8.000000,65.010000
1769105912.070493,0,0.000000,54.910000,0.000000,0.000000,0.000000,0.000000,0.000000,-0.070000,8.000000,65.010000
1769105912.071501,0,0.000000,54.970000,0.000000,0.020000,0.000000,0.000000,0.000000,-0.070000,8.000000,65.020000
1769105912.094970,0,0.000000,54.810000,0.000000,0.050000,0.000000,0.000000,0.000000,-0.070000,8.000000,65.050000
1769105912.096766,0,0.000000,54.840000,0.000000,0.030000,0.000000,0.000000,0.000000,-0.070000,8.000000,65.050000
1769105912.118376,0,0.000000,54.810000,0.000000,0.030000,0.000000,0.000000,0.000000,-0.070000,8.000000,65.080000
1769105912.120036,0,0.000000,54.750000,0.000000,0.070000,0.000000,0.000000,0.000000,-0.070000,8.000000,65.090000
1769105912.141930,0,0.000000,54.720000,0.000000,0.070000,0.000000,0.000000,0.000000,-0.070000,8.000000,65.110000
1769105912.162317,0,0.000000,54.610000,0.000000,0.070000,0.000000,0.000000,0.000000,-0.070000,8.000000,65.120000
1769105912.184901,0,0.000000,54.590000,0.000000,0.000000,0.000000,0.000000,0.000000,-0.090000,8.000000,65.130000
1769105912.209017,0,0.000000,54.680000,0.000000,0.050000,0.000000,0.000000,0.000000,-0.090000,8.000000,65.160000
1769105912.210016,0,0.000000,54.750000,0.000000,0.020000,0.000000,0.000000,0.000000,-0.100000,8.000000,65.160000
1769105912.228571,0,0.000000,54.700000,0.000000,0.000000,0.000000,0.000000,0.000000,-0.100000,8.000000,65.190000
1769105912.230341,0,0.000000,54.590000,0.000000,0.020000,0.000000,0.000000,0.000000,-0.100000,8.000000,65.190000
1769105912.263162,0,0.000000,54.560000,0.000000,-0.020000,0.000000,0.000000,0.000000,-0.100000,8.000000,65.220000
1769105912.264672,0,0.000000,54.490000,0.000000,0.000000,0.000000,0.000000,0.000000,-0.100000,8.000000,65.230000
1769105912.265339,0,0.000000,54.380000,0.000000,0.000000,0.000000,0.000000,0.000000,-0.100000,8.000000,65.250000
1769105912.285173,0,0.000000,54.430000,0.000000,0.050000,0.000000,0.000000,0.000000,-0.090000,8.000000,65.260000
1769105912.305593,0,0.000000,54.400000,0.000000,0.050000,0.000000,0.000000,0.000000,-0.090000,8.000000,65.270000
1769105912.326377,0,0.000000,54.430000,0.000000,0.050000,0.000000,0.000000,0.000000,-0.090000,8.000000,65.290000
1769105912.346364,0,0.000000,54.380000,0.000000,0.000000,0.000000,0.000000,0.000000,-0.090000,8.000000,65.300000
1769105912.370045,0,0.000000,54.360000,0.000000,0.000000,0.000000,0.000000,0.000000,-0.090000,8.000000,65.330000
1769105912.370599,0,0.000000,54.310000,0.000000,0.000000,0.000000,0.000000,0.000000,-0.090000,8.000000,65.330000
1769105912.394957,0,0.000000,54.290000,0.000000,0.090000,0.000000,0.000000,0.000000,-0.090000,8.000000,65.360000
1769105912.417272,0,0.000000,54.310000,0.000000,0.030000,0.000000,0.000000,0.000000,-0.090000,8.000000,65.370000
1769105912.557216,0,0.000000,54.310000,0.000000,0.050000,0.000000,0.000000,0.000000,-0.090000,8.000000,65.370000
1769105912.558089,0,0.000000,54.340000,0.000000,0.050000,0.000000,0.000000,0.000000,-0.090000,8.000000,65.400000
1769105912.559603,0,0.000000,54.290000,0.000000,0.050000,0.000000,0.000000,0.000000,-0.090000,8.000000,65.410000
1769105912.560333,0,0.000000,54.340000,0.000000,0.000000,0.000000,0.000000,0.000000,-0.090000,8.000000,65.430000
1769105912.560333,0,0.000000,54.290000,0.000000,-0.020000,0.000000,0.000000,0.000000,-0.090000,8.000000,65.440000
1769105912.561340,0,0.000000,54.250000,0.000000,0.030000,0.000000,0.000000,0.000000,-0.100000,8.000000,65.450000
1769105912.562120,0,0.000000,54.430000,0.000000,0.000000,0.000000,0.000000,0.000000,-0.100000,8.000000,65.480000
1769105912.563454,0,0.000000,54.360000,0.000000,0.100000,0.000000,0.000000,0.000000,-0.100000,8.000000,65.480000
1769105912.563960,0,0.000000,54.360000,0.000000,-0.010000,0.000000,0.000000,0.000000,-0.100000,8.000000,65.510000
1769105912.565770,0,0.000000,54.310000,0.000000,-0.050000,0.000000,0.000000,0.000000,-0.100000,8.000000,65.510000
1769105912.567084,0,0.000000,54.310000,0.000000,0.000000,0.000000,0.000000,0.000000,-0.100000,8.000000,65.540000
1769105912.567589,0,0.000000,54.380000,0.000000,0.000000,0.000000,0.000000,0.000000,-0.100000,8.000000,65.550000
1769105912.605342,0,0.000000,54.430000,0.000000,0.010000,0.000000,0.000000,0.000000,-0.100000,8.000000,65.560000
1769105912.641027,0,0.000000,54.470000,0.000000,0.000000,0.000000,0.000000,0.000000,-0.100000,8.000000,65.580000
1769105912.643795,0,0.000000,54.540000,0.000000,0.000000,0.000000,0.000000,0.000000,-0.100000,8.000000,65.590000
1769105912.677898,0,0.000000,54.630000,0.000000,0.070000,0.000000,0.000000,0.000000,-0.100000,8.000000,65.610000
1769105912.678897,0,0.000000,54.750000,0.000000,0.000000,0.000000,0.000000,0.000000,-0.100000,8.000000,65.620000
1769105912.712392,0,0.000000,54.790000,0.000000,0.050000,0.000000,0.000000,0.000000,-0.100000,8.000000,65.630000
1769105912.713391,0,0.000000,54.930000,0.000000,-0.020000,0.000000,0.000000,0.000000,-0.110000,8.000000,65.660000
1769105912.715598,0,0.000000,55.130000,0.000000,-0.200000,0.000000,0.000000,0.000000,-0.100000,8.000000,65.660000
1769105912.746769,0,0.000000,55.290000,0.000000,-0.050000,0.000000,0.000000,0.000000,-0.110000,8.000000,65.690000
1769105912.780529,0,0.000000,55.500000,0.000000,0.000000,0.000000,0.000000,0.000000,-0.100000,8.000000,65.690000
1769105912.781534,0,0.000000,55.720000,0.000000,0.030000,0.000000,0.000000,0.000000,-0.100000,8.000000,65.720000
1769105912.782316,0,0.000000,55.880000,0.000000,0.000000,0.000000,0.000000,0.000000,-0.100000,8.000000,65.730000
1769105912.811928,0,0.000000,56.290000,0.000000,0.050000,0.000000,0.000000,0.000000,-0.100000,8.000000,65.750000
1769105912.812934,0,0.000000,56.520000,0.000000,0.070000,0.000000,0.000000,0.000000,-0.100000,8.000000,65.760000
1769105912.813709,0,0.000000,56.990000,0.000000,0.000000,0.000000,0.000000,0.000000,-0.100000,8.000000,65.770000
1769105912.843556,0,0.000000,57.310000,0.000000,0.030000,0.000000,0.000000,0.000000,-0.100000,8.000000,65.790000
1769105912.875395,0,0.000000,57.770000,0.000000,0.050000,0.000000,0.000000,0.000000,-0.090000,8.000000,65.800000
1769105912.875926,0,0.000000,58.180000,0.000000,0.020000,0.000000,0.000000,0.000000,-0.090000,8.000000,65.830000
1769105912.905300,0,0.000000,58.610000,0.000000,0.070000,0.000000,0.000000,0.000000,-0.070000,8.000000,65.830000
1769105912.906302,0,0.000000,58.910000,0.000000,0.000000,0.000000,0.000000,0.000000,-0.070000,8.000000,65.860000
1769105912.907300,0,0.000000,59.220000,0.000000,-0.010000,0.000000,0.000000,0.000000,-0.070000,8.000000,65.870000
1769105912.939229,0,0.000000,59.590000,0.000000,0.000000,0.000000,0.000000,0.000000,-0.070000,8.000000,65.880000
1769105912.968744,0,0.000000,59.990000,0.000000,0.010000,0.000000,0.000000,0.000000,-0.070000,8.000000,65.900000
1769105912.969744,0,0.000000,60.180000,0.000000,-0.010000,0.000000,0.000000,0.000000,-0.050000,8.000000,65.910000
1769105913.000581,0,0.000000,60.130000,0.000000,0.050000,0.000000,0.000000,0.000000,-0.050000,8.000000,65.930000
1769105913.001586,0,0.000000,60.250000,0.000000,0.050000,0.000000,0.000000,0.000000,-0.050000,8.000000,65.940000
1769105913.002324,0,0.000000,60.220000,0.000000,0.010000,0.000000,0.000000,0.000000,-0.050000,8.000000,65.950000
1769105913.034125,0,0.000000,60.220000,0.000000,0.000000,0.000000,0.000000,0.000000,-0.050000,8.000000,65.980000
1769105913.035993,0,0.000000,60.290000,0.000000,0.100000,0.000000,0.000000,0.000000,-0.050000,8.000000,65.980000
1769105913.066150,0,0.000000,60.250000,0.000000,0.090000,0.000000,0.000000,0.000000,-0.050000,8.000000,66.010000
1769105913.096613,0,0.000000,60.270000,0.000000,0.000000,0.000000,0.000000,0.000000,-0.050000,8.000000,66.010000
1769105913.097619,0,0.000000,60.270000,0.000000,0.030000,0.000000,0.000000,0.000000,-0.050000,8.000000,66.040000
1769105913.098324,0,0.000000,60.200000,0.000000,0.050000,0.000000,0.000000,0.000000,-0.050000,8.000000,66.050000
1769105913.127666,0,0.000000,60.220000,0.000000,0.000000,0.000000,0.000000,0.000000,-0.070000,8.000000,66.060000
1769105913.128673,0,0.000000,60.130000,0.000000,0.000000,0.000000,0.000000,0.000000,-0.070000,8.000000,66.080000
1769105913.158608,0,0.000000,60.020000,0.000000,0.030000,0.000000,0.000000,0.000000,-0.070000,8.000000,66.090000
1769105913.159615,0,0.000000,60.020000,0.000000,0.050000,0.000000,0.000000,0.000000,-0.070000,8.000000,66.110000
1769105913.188917,0,0.000000,59.900000,0.000000,-0.050000,0.000000,0.000000,0.000000,-0.070000,8.000000,66.120000
1769105913.189916,0,0.000000,59.900000,0.000000,-0.070000,0.000000,0.000000,0.000000,-0.090000,8.000000,66.130000
1769105913.219554,0,0.000000,59.810000,0.000000,0.030000,0.000000,0.000000,0.000000,-0.090000,8.000000,66.160000
1769105913.220327,0,0.000000,59.740000,0.000000,0.010000,0.000000,0.000000,0.000000,-0.090000,8.000000,66.180000
1769105913.250607,0,0.000000,59.750000,0.000000,-0.010000,0.000000,0.000000,0.000000,-0.090000,8.000000,66.190000
1769105913.251728,0,0.000000,59.680000,0.000000,0.050000,0.000000,0.000000,0.000000,-0.090000,8.000000,66.200000
1769105913.280510,0,0.000000,59.540000,0.000000,0.020000,0.000000,0.000000,0.000000,-0.100000,8.000000,66.220000
1769105913.281046,0,0.000000,59.470000,0.000000,0.010000,0.000000,0.000000,0.000000,-0.100000,8.000000,66.230000
1769105913.282619,0,0.000000,59.470000,0.000000,0.030000,0.000000,0.000000,0.000000,-0.100000,8.000000,66.250000
1769105913.309936,0,0.000000,59.360000,0.000000,0.010000,0.000000,0.000000,0.000000,-0.100000,8.000000,66.260000
1769105913.340069,0,0.000000,59.500000,0.000000,-0.020000,0.000000,0.000000,0.000000,-0.100000,8.000000,66.270000
1769105913.367572,0,0.000000,59.310000,0.000000,0.070000,0.000000,0.000000,0.000000,-0.100000,8.000000,66.300000
1769105913.368568,0,0.000000,59.250000,0.000000,0.020000,0.000000,0.000000,0.000000,-0.100000,8.000000,66.300000
1769105913.369550,0,0.000000,59.250000,0.000000,-0.020000,0.000000,0.000000,0.000000,-0.100000,8.000000,66.330000
1769105913.400011,0,0.000000,59.110000,0.000000,0.020000,0.000000,0.000000,0.000000,-0.100000,8.000000,66.330000
1769105913.401590,0,0.000000,59.040000,0.000000,0.050000,0.000000,0.000000,0.000000,-0.100000,8.000000,66.360000
1769105913.431379,0,0.000000,59.060000,0.000000,0.180000,0.000000,0.000000,0.000000,-0.100000,8.000000,66.370000
1769105913.433108,0,0.000000,59.060000,0.000000,0.020000,0.000000,0.000000,0.000000,-0.100000,8.000000,66.380000
1769105913.461955,0,0.000000,59.060000,0.000000,0.050000,0.000000,0.000000,0.000000,-0.100000,8.000000,66.400000
1769105913.462720,0,0.000000,59.060000,0.000000,-0.030000,0.000000,0.000000,0.000000,-0.100000,8.000000,66.410000
1769105913.492347,0,0.000000,59.090000,0.000000,0.000000,0.000000,0.000000,0.000000,-0.100000,8.000000,66.430000
1769105913.493142,0,0.000000,59.000000,0.000000,-0.010000,0.000000,0.000000,0.000000,-0.100000,8.000000,66.440000
1769105913.494963,0,0.000000,58.970000,0.000000,0.000000,0.000000,0.000000,0.000000,-0.100000,8.000000,66.450000
1769105913.495969,0,0.000000,59.020000,0.000000,-0.010000,0.000000,0.000000,0.000000,-0.100000,8.000000,66.480000
1769105913.514942,0,0.000000,59.000000,0.000000,0.000000,0.000000,0.000000,0.000000,-0.100000,8.000000,66.480000
1769105913.524971,0,0.000000,59.020000,0.000000,0.020000,0.000000,0.000000,0.000000,-0.100000,8.000000,66.510000
1769105913.531533,0,0.000000,58.970000,0.000000,-0.030000,0.000000,0.000000,0.000000,-0.100000,8.000000,66.510000
1769105913.546351,0,0.000000,59.000000,0.000000,-0.010000,0.000000,0.000000,0.000000,-0.100000,8.000000,66.540000
1769105913.584785,0,0.000000,58.970000,0.000000,0.000000,0.000000,0.000000,0.000000,-0.100000,8.000000,66.550000
1769105913.585623,0,0.000000,58.950000,0.000000,0.020000,0.000000,0.000000,0.000000,-0.100000,8.000000,66.560000
1769105913.587456,0,0.000000,58.970000,0.000000,0.020000,0.000000,0.000000,0.000000,-0.100000,8.000000,66.580000
1769105913.622074,0,0.000000,59.020000,0.000000,0.050000,0.000000,0.000000,0.000000,-0.100000,8.000000,66.590000
1769105913.636753,0,0.000000,58.950000,0.000000,0.000000,0.000000,0.000000,0.000000,-0.100000,8.000000,66.620000
1769105913.638755,0,0.000000,59.000000,0.000000,0.020000,0.000000,0.000000,0.000000,-0.100000,8.000000,66.620000
1769105913.659818,0,0.000000,58.930000,0.000000,0.020000,0.000000,0.000000,0.000000,-0.100000,8.000000,66.650000
1769105913.681188,0,0.000000,58.860000,0.000000,-0.030000,0.000000,0.000000,0.000000,-0.100000,8.000000,66.660000
1769105913.685034,0,0.000000,58.880000,0.000000,0.000000,0.000000,0.000000,0.000000,-0.100000,8.000000,66.680000
1769105913.704335,0,0.000000,58.930000,0.000000,0.030000,0.000000,0.000000,0.000000,-0.100000,8.000000,66.690000
1769105913.711573,0,0.000000,58.880000,0.000000,-0.070000,0.000000,0.000000,0.000000,-0.100000,8.000000,66.700000
1769105913.734660,0,0.000000,58.810000,0.000000,0.000000,0.000000,0.000000,0.000000,-0.100000,8.000000,66.720000
1769105913.748913,0,0.000000,58.880000,0.000000,0.050000,0.000000,0.000000,0.000000,-0.100000,8.000000,66.730000
1769105913.771950,0,0.000000,58.770000,0.000000,0.000000,0.000000,0.000000,0.000000,-0.100000,8.000000,66.750000
1769105913.772950,0,0.000000,58.810000,0.000000,-0.050000,0.000000,0.000000,0.000000,-0.100000,8.000000,66.760000
1769105913.802976,0,0.000000,58.790000,0.000000,-0.010000,0.000000,0.000000,0.000000,-0.100000,8.000000,66.770000
1769105913.809218,0,0.000000,58.810000,0.000000,0.000000,0.000000,0.000000,0.000000,-0.100000,8.000000,66.800000
1769105913.816566,0,0.000000,58.830000,0.000000,-0.010000,0.000000,0.000000,0.000000,-0.100000,8.000000,66.800000
1769105913.847366,0,0.000000,58.720000,0.000000,0.000000,0.000000,0.000000,0.000000,-0.100000,8.000000,66.830000
1769105913.848364,0,0.000000,58.720000,0.000000,0.000000,0.000000,0.000000,0.000000,-0.100000,8.000000,66.830000
1769105913.870765,0,0.000000,58.700000,0.000000,-0.100000,0.000000,0.000000,0.000000,-0.100000,8.000000,66.860000
1769105913.883925,0,0.000000,58.750000,0.000000,0.070000,0.000000,0.000000,0.000000,-0.100000,8.000000,66.870000
1769105913.892149,0,0.000000,58.790000,0.000000,-0.010000,0.000000,0.000000,0.000000,-0.100000,8.000000,66.880000
1769105913.921726,0,0.000000,58.650000,0.000000,0.000000,0.000000,0.000000,0.000000,-0.100000,8.000000,66.900000
1769105913.929108,0,0.000000,58.750000,0.000000,0.000000,0.000000,0.000000,0.000000,-0.100000,8.000000,66.910000
1769105913.936285,0,0.000000,58.700000,0.000000,0.030000,0.000000,0.000000,0.000000,-0.100000,8.000000,66.930000
1769105913.958923,0,0.000000,58.610000,0.000000,0.010000,0.000000,0.000000,0.000000,-0.100000,8.000000,66.940000
1769105913.973320,0,0.000000,58.700000,0.000000,0.020000,0.000000,0.000000,0.000000,-0.100000,8.000000,66.950000
1769105913.981735,0,0.000000,58.630000,0.000000,0.010000,0.000000,0.000000,0.000000,-0.100000,8.000000,66.980000
1769105914.004298,0,0.000000,58.610000,0.000000,0.030000,0.000000,0.000000,0.000000,-0.100000,8.000000,66.980000
1769105914.011763,0,0.000000,58.650000,0.000000,0.000000,0.000000,0.000000,0.000000,-0.100000,8.000000,67.010000
1769105914.042361,0,0.000000,58.610000,0.000000,0.120000,0.000000,0.000000,0.000000,-0.100000,8.000000,67.010000
1769105914.045606,0,0.000000,58.680000,0.000000,0.020000,0.000000,0.000000,0.000000,-0.100000,8.000000,67.020000
1769105914.063823,0,0.000000,58.610000,0.000000,0.050000,0.000000,0.000000,0.000000,-0.100000,8.000000,67.050000
1769105914.071715,0,0.000000,58.540000,0.000000,0.000000,0.000000,0.000000,0.000000,-0.100000,8.000000,67.060000
1769105914.086331,0,0.000000,58.520000,0.000000,0.050000,0.000000,0.000000,0.000000,-0.100000,8.000000,67.080000
1769105914.109615,0,0.000000,58.590000,0.000000,0.000000,0.000000,0.000000,0.000000,-0.100000,8.000000,67.090000
1769105914.124968,0,0.000000,58.520000,0.000000,-0.070000,0.000000,0.000000,0.000000,-0.100000,8.000000,67.110000
1769105914.131446,0,0.000000,58.500000,0.000000,-0.020000,0.000000,0.000000,0.000000,-0.100000,8.000000,67.120000
1769105914.153367,0,0.000000,58.540000,0.000000,0.020000,0.000000,0.000000,0.000000,-0.100000,8.000000,67.130000
1769105914.176684,0,0.000000,58.500000,0.000000,-0.030000,0.000000,0.000000,0.000000,-0.100000,8.000000,67.160000
1769105914.179158,0,0.000000,58.470000,0.000000,0.000000,0.000000,0.000000,0.000000,-0.100000,8.000000,67.160000
1769105914.221486,0,0.000000,58.500000,0.000000,-0.020000,0.000000,0.000000,0.000000,-0.100000,8.000000,67.190000
1769105914.223596,0,0.000000,58.500000,0.000000,0.000000,0.000000,0.000000,0.000000,-0.100000,8.000000,67.190000
1769105914.224663,0,0.000000,58.520000,0.000000,-0.090000,0.000000,0.000000,0.000000,-0.100000,8.000000,67.220000
1769105914.236484,0,0.000000,58.380000,0.000000,0.020000,0.000000,0.000000,0.000000,-0.100000,8.000000,67.230000
1769105914.259161,0,0.000000,58.490000,0.000000,-0.020000,0.000000,0.000000,0.000000,-0.100000,8.000000,67.250000
1769105914.266453,0,0.000000,58.380000,0.000000,0.020000,0.000000,0.000000,0.000000,-0.100000,8.000000,67.260000
1769105914.281479,0,0.000000,58.430000,0.000000,0.000000,0.000000,0.000000,0.000000,-0.100000,8.000000,67.270000
1769105914.304509,0,0.000000,58.520000,0.000000,0.000000,0.000000,0.000000,0.000000,-0.100000,8.000000,67.290000
1769105914.333977,0,0.000000,58.380000,0.000000,0.070000,0.000000,0.000000,0.000000,-0.100000,8.000000,67.300000
1769105914.335526,0,0.000000,58.360000,0.000000,0.010000,0.000000,0.000000,0.000000,-0.100000,8.000000,67.310000
1769105914.356159,0,0.000000,58.490000,0.000000,-0.010000,0.000000,0.000000,0.000000,-0.100000,8.000000,67.330000
1769105914.363963,0,0.000000,58.430000,0.000000,-0.010000,0.000000,0.000000,0.000000,-0.100000,8.000000,67.340000
1769105914.394581,0,0.000000,58.450000,0.000000,0.030000,0.000000,0.000000,0.000000,-0.100000,8.000000,67.370000
1769105914.396339,0,0.000000,58.470000,0.000000,0.010000,0.000000,0.000000,0.000000,-0.100000,8.000000,67.370000
1769105914.408579,0,0.000000,58.400000,0.000000,0.070000,0.000000,0.000000,0.000000,-0.100000,8.000000,67.400000
1769105914.431580,0,0.000000,58.450000,0.000000,0.000000,0.000000,0.000000,0.000000,-0.100000,8.000000,67.410000
1769105914.447085,0,0.000000,58.380000,0.000000,0.050000,0.000000,0.000000,0.000000,-0.100000,8.000000,67.430000
1769105914.476767,0,0.000000,58.400000,0.000000,0.070000,0.000000,0.000000,0.000000,-0.100000,8.000000,67.440000
1769105914.478508,0,0.000000,58.400000,0.000000,-0.090000,0.000000,0.000000,0.000000,-0.100000,8.000000,67.450000
1769105914.479514,0,0.000000,58.450000,0.000000,0.000000,0.000000,0.000000,0.000000,-0.100000,8.000000,67.470000
1769105914.513481,0,0.000000,58.400000,0.000000,0.010000,0.000000,0.000000,0.000000,-0.100000,8.000000,67.480000
1769105914.515481,0,0.000000,58.400000,0.000000,-0.020000,0.000000,0.000000,0.000000,-0.100000,8.000000,67.500000
1769105914.537270,0,0.000000,58.490000,0.000000,0.050000,0.000000,0.000000,0.000000,-0.100000,8.000000,67.510000
1769105914.548575,0,0.000000,58.450000,0.000000,0.000000,0.000000,0.000000,0.000000,-0.100000,8.000000,67.520000
1769105914.581727,0,0.000000,58.380000,0.000000,0.000000,0.000000,0.000000,0.000000,-0.100000,8.000000,67.550000
1769105914.583732,0,0.000000,58.450000,0.000000,0.010000,0.000000,0.000000,0.000000,-0.100000,8.000000,67.550000
1769105914.584763,0,0.000000,58.490000,0.000000,-0.050000,0.000000,0.000000,0.000000,-0.100000,8.000000,67.580000
1769105914.648324,0,0.000000,58.400000,0.000000,0.000000,0.000000,0.000000,0.000000,-0.100000,8.000000,67.580000
1769105914.650323,0,0.000000,58.490000,0.000000,0.030000,0.000000,0.000000,0.000000,-0.100000,8.000000,67.610000
1769105914.651323,0,0.000000,58.490000,0.000000,0.030000,0.000000,0.000000,0.000000,-0.100000,8.000000,67.620000
1769105914.653242,0,0.000000,58.430000,0.000000,0.000000,0.000000,0.000000,0.000000,-0.100000,8.000000,67.630000
1769105914.672019,0,0.000000,58.310000,0.000000,0.000000,0.000000,0.000000,0.000000,-0.100000,8.000000,67.660000
1769105914.673593,0,0.000000,58.310000,0.000000,0.050000,0.000000,0.000000,0.000000,-0.100000,8.000000,67.660000
1769105914.694352,0,0.000000,58.340000,0.000000,0.020000,0.000000,0.000000,0.000000,-0.100000,8.000000,67.690000
1769105914.708694,0,0.000000,58.360000,0.000000,0.050000,0.000000,0.000000,0.000000,-0.100000,8.000000,67.690000
1769105914.724387,0,0.000000,58.360000,0.000000,0.000000,0.000000,0.000000,0.000000,-0.100000,8.000000,67.720000
1769105914.754433,0,0.000000,58.360000,0.000000,-0.100000,0.000000,0.000000,0.000000,-0.100000,8.000000,67.730000
1769105914.756528,0,0.000000,58.360000,0.000000,0.000000,0.000000,0.000000,0.000000,-0.100000,8.000000,67.750000
1769105914.783679,0,0.000000,58.250000,0.000000,0.070000,0.000000,0.000000,0.000000,-0.100000,8.000000,67.760000
1769105914.791516,0,0.000000,58.220000,0.000000,0.030000,0.000000,0.000000,0.000000,-0.100000,8.000000,67.770000
1769105914.806913,0,0.000000,58.270000,0.000000,0.000000,0.000000,0.000000,0.000000,-0.100000,8.000000,67.800000
1769105914.828964,0,0.000000,58.290000,0.000000,0.000000,0.000000,0.000000,0.000000,-0.100000,8.000000,67.800000
1769105914.844303,0,0.000000,58.340000,0.000000,0.000000,0.000000,0.000000,0.000000,-0.100000,8.000000,67.830000
1769105914.845307,0,0.000000,58.200000,0.000000,0.000000,0.000000,0.000000,0.000000,-0.100000,8.000000,67.830000
1769105914.866516,0,0.000000,58.360000,0.000000,0.000000,0.000000,0.000000,0.000000,-0.100000,8.000000,67.860000
1769105914.889008,0,0.000000,58.270000,0.000000,0.010000,0.000000,0.000000,0.000000,-0.100000,8.000000,67.870000
1769105914.897182,0,0.000000,58.340000,0.000000,0.000000,0.000000,0.000000,0.000000,-0.100000,8.000000,67.880000
1769105914.911321,0,0.000000,58.250000,0.000000,0.030000,0.000000,0.000000,0.000000,-0.100000,8.000000,67.900000
1769105914.934598,0,0.000000,58.400000,0.000000,0.000000,0.000000,0.000000,0.000000,-0.090000,8.000000,67.910000
1769105914.936424,0,0.000000,58.360000,0.000000,0.000000,0.000000,0.000000,0.000000,-0.100000,8.000000,67.930000
1769105914.979087,0,0.000000,58.360000,0.000000,0.000000,0.000000,0.000000,0.000000,-0.100000,8.000000,67.940000
1769105914.980860,0,0.000000,58.360000,0.000000,0.000000,0.000000,0.000000,0.000000,-0.090000,8.000000,67.950000
1769105914.994271,0,0.000000,58.340000,0.000000,0.010000,0.000000,0.000000,0.000000,-0.100000,8.000000,67.980000
1769105915.016601,0,0.000000,58.400000,0.000000,0.000000,0.000000,0.000000,0.000000,-0.100000,8.000000,67.980000
1769105915.018601,0,0.000000,58.220000,0.000000,-0.050000,0.000000,0.000000,0.000000,-0.100000,8.000000,68.010000
1769105915.038931,0,0.000000,58.250000,0.000000,0.050000,0.000000,0.000000,0.000000,-0.090000,8.000000,68.010000
1769105915.068959,0,0.000000,58.270000,0.000000,0.000000,0.000000,0.000000,0.000000,-0.090000,8.000000,68.040000
1769105915.070469,0,0.000000,58.340000,0.000000,-0.020000,0.000000,0.000000,0.000000,-0.100000,8.000000,68.050000
1769105915.091674,0,0.000000,58.250000,0.000000,0.000000,0.000000,0.000000,0.000000,-0.090000,8.000000,68.060000
1769105915.098640,0,0.000000,58.250000,0.000000,0.000000,0.000000,0.000000,0.000000,-0.100000,8.000000,68.080000
1769105915.106317,0,0.000000,58.220000,0.000000,0.000000,0.000000,0.000000,0.000000,-0.100000,8.000000,68.090000
1769105915.121742,0,0.000000,58.200000,0.000000,0.000000,0.000000,0.000000,0.000000,-0.100000,8.000000,68.110000
1769105915.136712,0,0.000000,58.250000,0.000000,0.050000,0.000000,0.000000,0.000000,-0.100000,8.000000,68.120000
1769105915.173655,0,0.000000,58.220000,0.000000,0.000000,0.000000,0.000000,0.000000,-0.090000,8.000000,68.130000
1769105915.175534,0,0.000000,58.340000,0.000000,0.070000,0.000000,0.000000,0.000000,-0.090000,8.000000,68.160000
1769105915.188063,0,0.000000,58.310000,0.000000,0.030000,0.000000,0.000000,0.000000,-0.090000,8.000000,68.160000
1769105915.189576,0,0.000000,58.250000,0.000000,0.010000,0.000000,0.000000,0.000000,-0.090000,8.000000,68.190000
1769105915.218616,0,0.000000,58.310000,0.000000,0.000000,0.000000,0.000000,0.000000,-0.090000,8.000000,68.190000
1769105915.220473,0,0.000000,58.270000,0.000000,0.070000,0.000000,0.000000,0.000000,-0.090000,8.000000,68.220000
1769105915.241128,0,0.000000,58.270000,0.000000,0.010000,0.000000,0.000000,0.000000,-0.100000,8.000000,68.230000
1769105915.272314,0,0.000000,58.250000,0.000000,0.000000,0.000000,0.000000,0.000000,-0.090000,8.000000,68.250000
1769105915.273314,0,0.000000,58.290000,0.000000,0.050000,0.000000,0.000000,0.000000,-0.090000,8.000000,68.260000
1769105915.294709,0,0.000000,58.290000,0.000000,0.000000,0.000000,0.000000,0.000000,-0.090000,8.000000,68.270000
1769105915.295489,0,0.000000,58.270000,0.000000,-0.020000,0.000000,0.000000,0.000000,-0.100000,8.000000,68.290000
1769105915.338690,0,0.000000,58.220000,0.000000,0.050000,0.000000,0.000000,0.000000,-0.100000,8.000000,68.300000
1769105915.340488,0,0.000000,58.180000,0.000000,0.000000,0.000000,0.000000,0.000000,-0.090000,8.000000,68.310000
1769105915.346158,0,0.000000,58.220000,0.000000,-0.100000,0.000000,0.000000,0.000000,-0.090000,8.000000,68.330000
1769105915.361456,0,0.000000,58.180000,0.000000,0.000000,0.000000,0.000000,0.000000,-0.090000,8.000000,68.340000
1769105915.383899,0,0.000000,58.180000,0.000000,0.000000,0.000000,0.000000,0.000000,-0.100000,8.000000,68.370000
1769105915.399544,0,0.000000,58.180000,0.000000,0.020000,0.000000,0.000000,0.000000,-0.100000,8.000000,68.370000
1769105915.400861,0,0.000000,58.200000,0.000000,0.000000,0.000000,0.000000,0.000000,-0.090000,8.000000,68.400000
1769105915.429583,0,0.000000,58.200000,0.000000,0.000000,0.000000,0.000000,0.000000,-0.090000,8.000000,68.410000
1769105915.436194,0,0.000000,58.160000,0.000000,0.050000,0.000000,0.000000,0.000000,-0.100000,8.000000,68.430000
1769105915.459667,0,0.000000,58.090000,0.000000,0.070000,0.000000,0.000000,0.000000,-0.100000,8.000000,68.440000
1769105915.466594,0,0.000000,58.110000,0.000000,0.050000,0.000000,0.000000,0.000000,-0.090000,8.000000,68.450000
1769105915.489560,0,0.000000,58.150000,0.000000,0.000000,0.000000,0.000000,0.000000,-0.090000,8.000000,68.470000
1769105915.491725,0,0.000000,58.160000,0.000000,0.050000,0.000000,0.000000,0.000000,-0.090000,8.000000,68.480000
1769105915.518981,0,0.000000,58.090000,0.000000,0.010000,0.000000,0.000000,0.000000,-0.090000,8.000000,68.500000
1769105915.526471,0,0.000000,58.110000,0.000000,0.000000,0.000000,0.000000,0.000000,-0.090000,8.000000,68.510000
1769105915.541742,0,0.000000,58.060000,0.000000,0.020000,0.000000,0.000000,0.000000,-0.090000,8.000000,68.520000
1769105915.564037,0,0.000000,58.160000,0.000000,0.010000,0.000000,0.000000,0.000000,-0.090000,8.000000,68.550000
1769105915.578749,0,0.000000,58.180000,0.000000,-0.030000,0.000000,0.000000,0.000000,-0.090000,8.000000,68.550000
1769105915.594021,0,0.000000,58.060000,0.000000,0.000000,0.000000,0.000000,0.000000,-0.090000,8.000000,68.580000
1769105915.609464,0,0.000000,58.110000,0.000000,0.000000,0.000000,0.000000,0.000000,-0.090000,8.000000,68.580000
1769105915.616549,0,0.000000,58.090000,0.000000,0.000000,0.000000,0.000000,0.000000,-0.090000,8.000000,68.610000
1769105915.638829,0,0.000000,58.090000,0.000000,-0.050000,0.000000,0.000000,0.000000,-0.090000,8.000000,68.620000
1769105915.646315,0,0.000000,58.090000,0.000000,0.010000,0.000000,0.000000,0.000000,-0.090000,8.000000,68.630000
1769105915.677152,0,0.000000,58.080000,0.000000,0.000000,0.000000,0.000000,0.000000,-0.090000,8.000000,68.660000
1769105915.678152,0,0.000000,58.080000,0.000000,-0.010000,0.000000,0.000000,0.000000,-0.090000,8.000000,68.660000
1769105915.699208,0,0.000000,58.150000,0.000000,-0.010000,0.000000,0.000000,0.000000,-0.090000,8.000000,68.690000
1769105915.706376,0,0.000000,58.060000,0.000000,0.020000,0.000000,0.000000,0.000000,-0.090000,8.000000,68.690000
1769105915.736966,0,0.000000,58.060000,0.000000,0.000000,0.000000,0.000000,0.000000,-0.090000,8.000000,68.720000
1769105915.738003,0,0.000000,58.060000,0.000000,-0.020000,0.000000,0.000000,0.000000,-0.090000,8.000000,68.730000
1769105915.759140,0,0.000000,58.110000,0.000000,0.090000,0.000000,0.000000,0.000000,-0.090000,8.000000,68.750000
1769105915.765601,0,0.000000,58.080000,0.000000,0.050000,0.000000,0.000000,0.000000,-0.090000,8.000000,68.760000
1769105915.788599,0,0.000000,58.060000,0.000000,0.070000,0.000000,0.000000,0.000000,-0.090000,8.000000,68.770000
1769105915.813258,0,0.000000,58.160000,0.000000,-0.010000,0.000000,0.000000,0.000000,-0.090000,8.000000,68.790000
1769105915.814803,0,0.000000,58.000000,0.000000,0.050000,0.000000,0.000000,0.000000,-0.090000,8.000000,68.800000
1769105915.849479,0,0.000000,58.080000,0.000000,0.110000,0.000000,0.000000,0.000000,-0.090000,8.000000,68.810000
1769105915.850800,0,0.000000,58.080000,0.000000,-0.030000,0.000000,0.000000,0.000000,-0.090000,8.000000,68.830000
1769105915.864648,0,0.000000,58.040000,0.000000,-0.010000,0.000000,0.000000,0.000000,-0.090000,8.000000,68.840000
1769105915.879294,0,0.000000,58.090000,0.000000,-0.010000,0.000000,0.000000,0.000000,-0.090000,8.000000,68.870000
1769105915.886448,0,0.000000,57.930000,0.000000,-0.010000,0.000000,0.000000,0.000000,-0.090000,8.000000,68.870000
1769105915.915161,0,0.000000,58.150000,0.000000,0.000000,0.000000,0.000000,0.000000,-0.090000,8.000000,68.900000
1769105915.931430,0,0.000000,58.020000,0.000000,0.000000,0.000000,0.000000,0.000000,-0.090000,8.000000,68.910000
1769105915.939258,0,0.000000,58.040000,0.000000,0.000000,0.000000,0.000000,0.000000,-0.090000,8.000000,68.930000
1769105915.961737,0,0.000000,57.970000,0.000000,0.000000,0.000000,0.000000,0.000000,-0.090000,8.000000,68.940000
1769105915.963832,0,0.000000,57.950000,0.000000,0.010000,0.000000,0.000000,0.000000,-0.090000,8.000000,68.950000
1769105915.983686,0,0.000000,57.930000,0.000000,0.020000,0.000000,0.000000,0.000000,-0.090000,8.000000,68.980000
1769105916.022385,0,0.000000,57.970000,0.000000,0.030000,0.000000,0.000000,0.000000,-0.090000,8.000000,68.980000
1769105916.023897,0,0.000000,57.930000,0.000000,-0.050000,0.000000,0.000000,0.000000,-0.090000,8.000000,69.000000
1769105916.028899,0,0.000000,58.000000,0.000000,0.010000,0.000000,0.000000,0.000000,-0.090000,8.000000,69.010000
1769105916.051876,0,0.000000,58.000000,0.000000,0.000000,0.000000,0.000000,0.000000,-0.090000,8.000000,69.020000
1769105916.066540,0,0.000000,57.970000,0.000000,-0.030000,0.000000,0.000000,0.000000,-0.090000,8.000000,69.050000
1769105916.067576,0,0.000000,58.020000,0.000000,-0.030000,0.000000,0.000000,0.000000,-0.090000,8.000000,69.050000
1769105916.089606,0,0.000000,57.970000,0.000000,0.070000,0.000000,0.000000,0.000000,-0.090000,8.000000,69.080000
1769105916.111087,0,0.000000,58.020000,0.000000,0.030000,0.000000,0.000000,0.000000,-0.090000,8.000000,69.080000
1769105916.126270,0,0.000000,58.020000,0.000000,0.020000,0.000000,0.000000,0.000000,-0.090000,8.000000,69.110000
1769105916.133276,0,0.000000,58.020000,0.000000,0.010000,0.000000,0.000000,0.000000,-0.090000,8.000000,69.120000
1769105916.157466,0,0.000000,58.000000,0.000000,0.090000,0.000000,0.000000,0.000000,-0.090000,8.000000,69.130000
1769105916.164471,0,0.000000,58.000000,0.000000,0.050000,0.000000,0.000000,0.000000,-0.090000,8.000000,69.150000
1769105916.179090,0,0.000000,58.020000,0.000000,0.000000,0.000000,0.000000,0.000000,-0.090000,8.000000,69.160000
1769105916.201528,0,0.000000,57.970000,0.000000,0.000000,0.000000,0.000000,0.000000,-0.090000,8.000000,69.180000
1769105916.253763,0,0.000000,58.000000,0.000000,0.020000,0.000000,0.000000,0.000000,-0.090000,8.000000,69.190000
1769105916.260818,0,0.000000,58.040000,0.000000,0.090000,0.000000,0.000000,0.000000,-0.090000,8.000000,69.200000
1769105916.262686,0,0.000000,57.930000,0.000000,0.000000,0.000000,0.000000,0.000000,-0.090000,8.000000,69.230000
1769105916.264691,0,0.000000,58.000000,0.000000,0.020000,0.000000,0.000000,0.000000,-0.090000,8.000000,69.230000
1769105916.276409,0,0.000000,58.020000,0.000000,0.070000,0.000000,0.000000,0.000000,-0.090000,8.000000,69.260000
1769105916.278231,0,0.000000,58.040000,0.000000,0.000000,0.000000,0.000000,0.000000,-0.090000,8.000000,69.260000
1769105916.298654,0,0.000000,58.000000,0.000000,0.030000,0.000000,0.000000,0.000000,-0.090000,8.000000,69.290000
1769105916.313666,0,0.000000,58.000000,0.000000,0.000000,0.000000,0.000000,0.000000,-0.090000,8.000000,69.300000
1769105916.344499,0,0.000000,58.040000,0.000000,0.020000,0.000000,0.000000,0.000000,-0.090000,8.000000,69.310000
1769105916.345505,0,0.000000,57.860000,0.000000,0.030000,0.000000,0.000000,0.000000,-0.090000,8.000000,69.330000
1769105916.359225,0,0.000000,57.900000,0.000000,0.070000,0.000000,0.000000,0.000000,-0.090000,8.000000,69.340000
1769105916.381223,0,0.000000,58.020000,0.000000,0.090000,0.000000,0.000000,0.000000,-0.090000,8.000000,69.370000
1769105916.388597,0,0.000000,58.020000,0.000000,0.010000,0.000000,0.000000,0.000000,-0.090000,8.000000,69.370000
1769105916.404614,0,0.000000,57.950000,0.000000,0.020000,0.000000,0.000000,0.000000,-0.090000,8.000000,69.400000
1769105916.426836,0,0.000000,57.900000,0.000000,0.020000,0.000000,0.000000,0.000000,-0.090000,8.000000,69.410000
1769105916.434227,0,0.000000,57.900000,0.000000,0.050000,0.000000,0.000000,0.000000,-0.090000,8.000000,69.430000
1769105916.457088,0,0.000000,58.000000,0.000000,0.000000,0.000000,0.000000,0.000000,-0.090000,8.000000,69.440000
1769105916.494668,0,0.000000,57.880000,0.000000,0.020000,0.000000,0.000000,0.000000,-0.090000,8.000000,69.450000
1769105916.495667,0,0.000000,57.880000,0.000000,0.000000,0.000000,0.000000,0.000000,-0.090000,8.000000,69.470000
1769105916.497667,0,0.000000,57.950000,0.000000,0.000000,0.000000,0.000000,0.000000,-0.090000,8.000000,69.480000
1769105916.524787,0,0.000000,57.970000,0.000000,0.000000,0.000000,0.000000,0.000000,-0.090000,8.000000,69.500000
1769105916.553923,0,0.000000,57.900000,0.000000,0.010000,0.000000,0.000000,0.000000,-0.090000,8.000000,69.510000
1769105916.555928,0,0.000000,57.950000,0.000000,0.000000,0.000000,0.000000,0.000000,-0.090000,8.000000,69.520000
1769105916.591991,0,0.000000,57.930000,0.000000,0.000000,0.000000,0.000000,0.000000,-0.090000,8.000000,69.550000
1769105916.593701,0,0.000000,57.950000,0.000000,0.000000,0.000000,0.000000,0.000000,-0.090000,8.000000,69.550000
1769105916.594206,0,0.000000,57.970000,0.000000,0.000000,0.000000,0.000000,0.000000,-0.090000,8.000000,69.580000
1769105916.606841,0,0.000000,57.900000,0.000000,0.020000,0.000000,0.000000,0.000000,-0.090000,8.000000,69.580000
1769105916.614241,0,0.000000,57.840000,0.000000,0.020000,0.000000,0.000000,0.000000,-0.090000,8.000000,69.610000
1769105916.629672,0,0.000000,57.930000,0.000000,0.050000,0.000000,0.000000,0.000000,-0.090000,8.000000,69.620000
1769105916.652074,0,0.000000,57.930000,0.000000,0.000000,0.000000,0.000000,0.000000,-0.090000,8.000000,69.630000
1769105916.659313,0,0.000000,57.900000,0.000000,0.000000,0.000000,0.000000,0.000000,-0.090000,8.000000,69.650000
1769105916.674200,0,0.000000,57.880000,0.000000,0.000000,0.000000,0.000000,0.000000,-0.090000,8.000000,69.660000
1769105916.703656,0,0.000000,57.860000,0.000000,0.100000,0.000000,0.000000,0.000000,-0.090000,8.000000,69.680000
1769105916.710694,0,0.000000,57.950000,0.000000,-0.020000,0.000000,0.000000,0.000000,-0.090000,8.000000,69.690000
1769105916.726056,0,0.000000,57.950000,0.000000,0.050000,0.000000,0.000000,0.000000,-0.090000,8.000000,69.720000
1769105916.743370,0,0.000000,57.880000,0.000000,0.010000,0.000000,0.000000,0.000000,-0.090000,8.000000,69.730000
1769105916.771474,0,0.000000,57.950000,0.000000,0.030000,0.000000,0.000000,0.000000,-0.090000,8.000000,69.730000
1769105916.773240,0,0.000000,57.950000,0.000000,-0.030000,0.000000,0.000000,0.000000,-0.090000,8.000000,69.760000
1769105916.832520,0,0.000000,57.900000,0.000000,-0.010000,0.000000,0.000000,0.000000,-0.090000,8.000000,69.770000
1769105916.834244,0,0.000000,57.930000,0.000000,-0.020000,0.000000,0.000000,0.000000,-0.090000,8.000000,69.790000
1769105916.834988,0,0.000000,57.900000,0.000000,-0.070000,0.000000,0.000000,0.000000,-0.090000,8.000000,69.800000
1769105916.854372,0,0.000000,57.970000,0.000000,-0.010000,0.000000,0.000000,0.000000,-0.090000,8.000000,69.810000
1769105916.855378,0,0.000000,57.900000,0.000000,0.000000,0.000000,0.000000,0.000000,-0.090000,8.000000,69.830000
1769105916.857378,0,0.000000,57.900000,0.000000,0.000000,0.000000,0.000000,0.000000,-0.090000,8.000000,69.840000
1769105916.899094,0,0.000000,57.900000,0.000000,0.000000,0.000000,0.000000,0.000000,-0.090000,8.000000,69.870000
1769105916.900712,0,0.000000,57.950000,0.000000,0.000000,0.000000,0.000000,0.000000,-0.090000,8.000000,69.870000
1769105916.914615,0,0.000000,57.880000,0.000000,-0.030000,0.000000,0.000000,0.000000,-0.090000,8.000000,69.900000
1769105916.915697,0,0.000000,57.860000,0.000000,-0.020000,0.000000,0.000000,0.000000,-0.090000,8.000000,69.910000
1769105916.944435,0,0.000000,57.900000,0.000000,0.020000,0.000000,0.000000,0.000000,-0.090000,8.000000,69.930000
1769105916.946064,0,0.000000,57.860000,0.000000,0.000000,0.000000,0.000000,0.000000,-0.090000,8.000000,69.940000
1769105916.966505,0,0.000000,57.900000,0.000000,0.000000,0.000000,0.000000,0.000000,-0.090000,8.000000,69.950000
1769105916.982110,0,0.000000,57.840000,0.000000,0.050000,0.000000,0.000000,0.000000,-0.090000,8.000000,69.970000
1769105916.996562,0,0.000000,57.950000,0.000000,0.030000,0.000000,0.000000,0.000000,-0.090000,8.000000,69.980000
1769105917.011464,0,0.000000,57.950000,0.000000,0.000000,0.000000,0.000000,0.000000,-0.090000,8.000000,70.000000
1769105917.018619,0,0.000000,57.840000,0.000000,0.000000,0.000000,0.000000,0.000000,-0.090000,8.000000,70.010000
1769105917.041829,0,0.000000,57.900000,0.000000,0.020000,0.000000,0.000000,0.000000,-0.090000,8.000000,70.020000
1769105917.056715,0,0.000000,57.930000,0.000000,0.010000,0.000000,0.000000,0.000000,-0.090000,8.000000,70.050000
1769105917.071838,0,0.000000,57.930000,0.000000,-0.030000,0.000000,0.000000,0.000000,-0.090000,8.000000,70.050000
1769105917.094846,0,0.000000,57.810000,0.000000,-0.030000,0.000000,0.000000,0.000000,-0.090000,8.000000,70.080000
1769105917.109427,0,0.000000,57.930000,0.000000,-0.010000,0.000000,0.000000,0.000000,-0.090000,8.000000,70.080000
1769105917.115712,0,0.000000,57.900000,0.000000,0.000000,0.000000,0.000000,0.000000,-0.090000,8.000000,70.110000
1769105917.131306,0,0.000000,57.840000,0.000000,-0.010000,0.000000,0.000000,0.000000,-0.090000,8.000000,70.120000
1769105917.153602,0,0.000000,57.950000,0.000000,-0.010000,0.000000,0.000000,0.000000,-0.090000,8.000000,70.130000
1769105917.155409,0,0.000000,57.840000,0.000000,0.010000,0.000000,0.000000,0.000000,-0.090000,8.000000,70.150000
1769105917.176269,0,0.000000,57.810000,0.000000,0.030000,0.000000,0.000000,0.000000,-0.090000,8.000000,70.160000
1769105917.191640,0,0.000000,57.790000,0.000000,0.000000,0.000000,0.000000,0.000000,-0.090000,8.000000,70.180000
1769105917.229529,0,0.000000,57.880000,0.000000,0.070000,0.000000,0.000000,0.000000,-0.090000,8.000000,70.190000
1769105917.231050,0,0.000000,57.840000,0.000000,-0.020000,0.000000,0.000000,0.000000,-0.090000,8.000000,70.200000
1769105917.232087,0,0.000000,57.880000,0.000000,0.030000,0.000000,0.000000,0.000000,-0.090000,8.000000,70.230000
1769105917.251877,0,0.000000,57.840000,0.000000,-0.010000,0.000000,0.000000,0.000000,-0.090000,8.000000,70.230000
1769105917.266711,0,0.000000,57.840000,0.000000,0.030000,0.000000,0.000000,0.000000,-0.090000,8.000000,70.260000
1769105917.281401,0,0.000000,57.810000,0.000000,0.030000,0.000000,0.000000,0.000000,-0.090000,8.000000,70.260000
1769105917.304819,0,0.000000,57.860000,0.000000,0.000000,0.000000,0.000000,0.000000,-0.090000,8.000000,70.290000
1769105917.311465,0,0.000000,57.860000,0.000000,0.000000,0.000000,0.000000,0.000000,-0.090000,8.000000,70.300000
1769105917.334396,0,0.000000,57.840000,0.000000,0.050000,0.000000,0.000000,0.000000,-0.090000,8.000000,70.310000
1769105917.341515,0,0.000000,57.860000,0.000000,0.050000,0.000000,0.000000,0.000000,-0.090000,8.000000,70.330000
1769105917.356946,0,0.000000,57.860000,0.000000,-0.020000,0.000000,0.000000,0.000000,-0.090000,8.000000,70.340000
1769105917.378631,0,0.000000,57.810000,0.000000,-0.020000,0.000000,0.000000,0.000000,-0.070000,8.000000,70.370000
1769105917.394122,0,0.000000,57.860000,0.000000,0.050000,0.000000,0.000000,0.000000,-0.090000,8.000000,70.370000
1769105917.401248,0,0.000000,57.840000,0.000000,0.000000,0.000000,0.000000,0.000000,-0.070000,8.000000,70.380000
1769105917.423823,0,0.000000,57.860000,0.000000,0.020000,0.000000,0.000000,0.000000,-0.090000,8.000000,70.410000
1769105917.431272,0,0.000000,57.840000,0.000000,-0.020000,0.000000,0.000000,0.000000,-0.070000,8.000000,70.410000
1769105917.446594,0,0.000000,57.810000,0.000000,-0.030000,0.000000,0.000000,0.000000,-0.070000,8.000000,70.440000
1769105917.468839,0,0.000000,57.880000,0.000000,0.070000,0.000000,0.000000,0.000000,-0.090000,8.000000,70.440000
1769105917.483966,0,0.000000,57.840000,0.000000,0.000000,0.000000,0.000000,0.000000,-0.070000,8.000000,70.470000
1769105917.491594,0,0.000000,57.810000,0.000000,0.000000,0.000000,0.000000,0.000000,-0.090000,8.000000,70.480000
1769105917.506567,0,0.000000,57.840000,0.000000,-0.030000,0.000000,0.000000,0.000000,-0.090000,8.000000,70.500000
1769105917.521636,0,0.000000,57.860000,0.000000,0.000000,0.000000,0.000000,0.000000,-0.070000,8.000000,70.510000
1769105917.543753,0,0.000000,57.840000,0.000000,-0.010000,0.000000,0.000000,0.000000,-0.090000,8.000000,70.520000
1769105917.551179,0,0.000000,57.750000,0.000000,0.000000,0.000000,0.000000,0.000000,-0.090000,8.000000,70.540000
1769105917.566235,0,0.000000,57.790000,0.000000,0.000000,0.000000,0.000000,0.000000,-0.090000,8.000000,70.550000
1769105917.581175,0,0.000000,57.720000,0.000000,0.000000,0.000000,0.000000,0.000000,-0.090000,8.000000,70.560000
1769105917.597498,0,0.000000,57.770000,0.000000,0.000000,0.000000,0.000000,0.000000,-0.090000,8.000000,70.580000
1769105917.626991,0,0.000000,57.720000,0.000000,-0.020000,0.000000,0.000000,0.000000,-0.070000,8.000000,70.610000
1769105917.640678,0,0.000000,57.750000,0.000000,-0.030000,0.000000,0.000000,0.000000,-0.070000,8.000000,70.620000
1769105917.642677,0,0.000000,57.790000,0.000000,0.010000,0.000000,0.000000,0.000000,-0.070000,8.000000,70.630000
1769105917.656264,0,0.000000,57.770000,0.000000,-0.030000,0.000000,0.000000,0.000000,-0.070000,8.000000,70.650000
1769105917.678823,0,0.000000,57.750000,0.000000,0.050000,0.000000,0.000000,0.000000,-0.070000,8.000000,70.660000
1769105917.686238,0,0.000000,57.770000,0.000000,0.020000,0.000000,0.000000,0.000000,-0.090000,8.000000,70.680000
1769105917.723013,0,0.000000,57.750000,0.000000,0.000000,0.000000,0.000000,0.000000,-0.070000,8.000000,70.690000
1769105917.724801,0,0.000000,57.790000,0.000000,0.000000,0.000000,0.000000,0.000000,-0.070000,8.000000,70.700000
1769105917.731795,0,0.000000,57.750000,0.000000,0.070000,0.000000,0.000000,0.000000,-0.090000,8.000000,70.730000
1769105917.753436,0,0.000000,57.720000,0.000000,0.050000,0.000000,0.000000,0.000000,-0.070000,8.000000,70.730000
1769105917.761655,0,0.000000,57.740000,0.000000,0.000000,0.000000,0.000000,0.000000,-0.090000,8.000000,70.760000
1769105917.783610,0,0.000000,57.740000,0.000000,-0.010000,0.000000,0.000000,0.000000,-0.070000,8.000000,70.760000
1769105917.806637,0,0.000000,57.740000,0.000000,0.030000,0.000000,0.000000,0.000000,-0.090000,8.000000,70.790000
1769105917.814389,0,0.000000,57.740000,0.000000,-0.020000,0.000000,0.000000,0.000000,-0.070000,8.000000,70.800000
1769105917.829444,0,0.000000,57.790000,0.000000,0.010000,0.000000,0.000000,0.000000,-0.070000,8.000000,70.810000
1769105917.844350,0,0.000000,57.720000,0.000000,-0.020000,0.000000,0.000000,0.000000,-0.070000,8.000000,70.830000
1769105917.858948,0,0.000000,57.740000,0.000000,-0.020000,0.000000,0.000000,0.000000,-0.070000,8.000000,70.840000
1769105917.882339,0,0.000000,57.660000,0.000000,0.050000,0.000000,0.000000,0.000000,-0.070000,8.000000,70.870000
1769105917.883347,0,0.000000,57.750000,0.000000,-0.010000,0.000000,0.000000,0.000000,-0.070000,8.000000,70.870000
1769105917.912419,0,0.000000,57.740000,0.000000,0.010000,0.000000,0.000000,0.000000,-0.070000,8.000000,70.880000
1769105917.913429,0,0.000000,57.680000,0.000000,0.020000,0.000000,0.000000,0.000000,-0.070000,8.000000,70.910000
1769105917.933755,0,0.000000,57.770000,0.000000,0.000000,0.000000,0.000000,0.000000,-0.070000,8.000000,70.910000
1769105917.948814,0,0.000000,57.790000,0.000000,0.000000,0.000000,0.000000,0.000000,-0.090000,8.000000,70.940000
1769105917.971941,0,0.000000,57.750000,0.000000,0.050000,0.000000,0.000000,0.000000,-0.070000,8.000000,70.950000
1769105917.978801,0,0.000000,57.740000,0.000000,0.020000,0.000000,0.000000,0.000000,-0.070000,8.000000,70.970000
1769105918.001494,0,0.000000,57.790000,0.000000,0.000000,0.000000,0.000000,0.000000,-0.070000,8.000000,70.980000
1769105918.008457,0,0.000000,57.740000,0.000000,-0.020000,0.000000,0.000000,0.000000,-0.070000,8.000000,71.000000
1769105918.024185,0,0.000000,57.740000,0.000000,0.000000,0.000000,0.000000,0.000000,-0.070000,8.000000,71.010000
1769105918.039156,0,0.000000,57.810000,0.000000,0.010000,0.000000,0.000000,0.000000,-0.070000,8.000000,71.020000
1769105918.061817,0,0.000000,57.740000,0.000000,0.030000,0.000000,0.000000,0.000000,-0.070000,8.000000,71.050000
1769105918.069197,0,0.000000,57.740000,0.000000,0.010000,0.000000,0.000000,0.000000,-0.090000,8.000000,71.050000
1769105918.091572,0,0.000000,57.720000,0.000000,0.050000,0.000000,0.000000,0.000000,-0.070000,8.000000,71.080000
1769105918.099259,0,0.000000,57.770000,0.000000,0.010000,0.000000,0.000000,0.000000,-0.070000,8.000000,71.080000
1769105918.113434,0,0.000000,57.720000,0.000000,0.050000,0.000000,0.000000,0.000000,-0.090000,8.000000,71.110000
1769105918.144154,0,0.000000,57.750000,0.000000,-0.070000,0.000000,0.000000,0.000000,-0.090000,8.000000,71.120000
1769105918.145154,0,0.000000,57.790000,0.000000,-0.020000,0.000000,0.000000,0.000000,-0.090000,8.000000,71.130000
1769105918.160051,0,0.000000,57.740000,0.000000,0.020000,0.000000,0.000000,0.000000,-0.090000,8.000000,71.150000
1769105918.181797,0,0.000000,57.750000,0.000000,0.050000,0.000000,0.000000,0.000000,-0.090000,8.000000,71.160000
1769105918.196565,0,0.000000,57.740000,0.000000,0.000000,0.000000,0.000000,0.000000,-0.090000,8.000000,71.180000
1769105918.203162,0,0.000000,57.740000,0.000000,0.000000,0.000000,0.000000,0.000000,-0.090000,8.000000,71.190000
1769105918.226580,0,0.000000,57.740000,0.000000,0.010000,0.000000,0.000000,0.000000,-0.090000,8.000000,71.200000
1769105918.228374,0,0.000000,57.750000,0.000000,0.000000,0.000000,0.000000,0.000000,-0.090000,8.000000,71.230000
1769105918.271408,0,0.000000,57.720000,0.000000,0.010000,0.000000,0.000000,0.000000,-0.090000,8.000000,71.230000
1769105918.273188,0,0.000000,57.770000,0.000000,-0.020000,0.000000,0.000000,0.000000,-0.090000,8.000000,71.260000
1769105918.279008,0,0.000000,57.770000,0.000000,0.020000,0.000000,0.000000,0.000000,-0.090000,8.000000,71.260000
1769105918.294591,0,0.000000,57.810000,0.000000,0.020000,0.000000,0.000000,0.000000,-0.090000,8.000000,71.290000
1769105918.308578,0,0.000000,57.680000,0.000000,0.010000,0.000000,0.000000,0.000000,-0.090000,8.000000,71.300000
1769105918.331732,0,0.000000,57.770000,0.000000,-0.020000,0.000000,0.000000,0.000000,-0.070000,8.000000,71.310000
1769105918.338381,0,0.000000,57.720000,0.000000,0.010000,0.000000,0.000000,0.000000,-0.090000,8.000000,71.330000
1769105918.361792,0,0.000000,57.750000,0.000000,0.020000,0.000000,0.000000,0.000000,-0.090000,8.000000,71.340000
1769105918.377029,0,0.000000,57.680000,0.000000,0.010000,0.000000,0.000000,0.000000,-0.090000,8.000000,71.360000
1769105918.384155,0,0.000000,57.720000,0.000000,-0.020000,0.000000,0.000000,0.000000,-0.090000,8.000000,71.370000
1769105918.399035,0,0.000000,57.740000,0.000000,0.050000,0.000000,0.000000,0.000000,-0.090000,8.000000,71.380000
1769105918.421678,0,0.000000,57.750000,0.000000,0.000000,0.000000,0.000000,0.000000,-0.090000,8.000000,71.410000
1769105918.423731,0,0.000000,57.740000,0.000000,0.000000,0.000000,0.000000,0.000000,-0.070000,8.000000,71.410000
1769105918.444068,0,0.000000,57.720000,0.000000,0.100000,0.000000,0.000000,0.000000,-0.070000,8.000000,71.440000
1769105918.460670,0,0.000000,57.650000,0.000000,0.000000,0.000000,0.000000,0.000000,-0.070000,8.000000,71.440000
1769105918.473549,0,0.000000,57.770000,0.000000,0.050000,0.000000,0.000000,0.000000,-0.090000,8.000000,71.470000
1769105918.518653,0,0.000000,57.660000,0.000000,0.050000,0.000000,0.000000,0.000000,-0.070000,8.000000,71.480000
1769105918.519652,0,0.000000,57.750000,0.000000,-0.020000,0.000000,0.000000,0.000000,-0.070000,8.000000,71.500000
1769105918.526056,0,0.000000,57.720000,0.000000,0.030000,0.000000,0.000000,0.000000,-0.070000,8.000000,71.510000
1769105918.534222,0,0.000000,57.660000,0.000000,-0.010000,0.000000,0.000000,0.000000,-0.090000,8.000000,71.520000
1769105918.556730,0,0.000000,57.740000,0.000000,0.070000,0.000000,0.000000,0.000000,-0.090000,8.000000,71.540000
1769105918.564209,0,0.000000,57.740000,0.000000,0.000000,0.000000,0.000000,0.000000,-0.090000,8.000000,71.550000
1769105918.586371,0,0.000000,57.720000,0.000000,0.000000,0.000000,0.000000,0.000000,-0.090000,8.000000,71.580000
1769105918.593527,0,0.000000,57.770000,0.000000,-0.020000,0.000000,0.000000,0.000000,-0.070000,8.000000,71.580000
1769105918.623532,0,0.000000,57.740000,0.000000,0.050000,0.000000,0.000000,0.000000,-0.090000,8.000000,71.610000
1769105918.631536,0,0.000000,57.680000,0.000000,0.000000,0.000000,0.000000,0.000000,-0.090000,8.000000,71.620000
1769105918.653790,0,0.000000,57.740000,0.000000,0.010000,0.000000,0.000000,0.000000,-0.090000,8.000000,71.630000
1769105918.668219,0,0.000000,57.660000,0.000000,0.070000,0.000000,0.000000,0.000000,-0.090000,8.000000,71.650000
1769105918.683573,0,0.000000,57.720000,0.000000,-0.070000,0.000000,0.000000,0.000000,-0.090000,8.000000,71.660000
1769105918.691580,0,0.000000,57.720000,0.000000,-0.090000,0.000000,0.000000,0.000000,-0.090000,8.000000,71.680000
1769105918.714336,0,0.000000,57.740000,0.000000,-0.030000,0.000000,0.000000,0.000000,-0.090000,8.000000,71.690000
1769105918.715341,0,0.000000,57.680000,0.000000,-0.030000,0.000000,0.000000,0.000000,-0.090000,8.000000,71.700000
1769105918.736747,0,0.000000,57.770000,0.000000,0.050000,0.000000,0.000000,0.000000,-0.090000,8.000000,71.730000
1769105918.751621,0,0.000000,57.770000,0.000000,-0.020000,0.000000,0.000000,0.000000,-0.090000,8.000000,71.730000
1769105918.774606,0,0.000000,57.750000,0.000000,0.050000,0.000000,0.000000,0.000000,-0.090000,8.000000,71.760000
1769105918.776611,0,0.000000,57.770000,0.000000,0.050000,0.000000,0.000000,0.000000,-0.090000,8.000000,71.760000
1769105918.811402,0,0.000000,57.740000,0.000000,0.000000,0.000000,0.000000,0.000000,-0.090000,8.000000,71.790000
1769105918.813161,0,0.000000,57.790000,0.000000,0.000000,0.000000,0.000000,0.000000,-0.090000,8.000000,71.800000
1769105918.826215,0,0.000000,57.790000,0.000000,-0.010000,0.000000,0.000000,0.000000,-0.090000,8.000000,71.810000
1769105918.841699,0,0.000000,57.750000,0.000000,0.000000,0.000000,0.000000,0.000000,-0.090000,8.000000,71.830000
1769105918.871390,0,0.000000,57.720000,0.000000,0.000000,0.000000,0.000000,0.000000,-0.090000,8.000000,71.840000
1769105918.873390,0,0.000000,57.740000,0.000000,-0.070000,0.000000,0.000000,0.000000,-0.090000,8.000000,71.860000
1769105918.893986,0,0.000000,57.770000,0.000000,0.000000,0.000000,0.000000,0.000000,-0.090000,8.000000,71.870000
1769105918.908720,0,0.000000,57.770000,0.000000,0.000000,0.000000,0.000000,0.000000,-0.090000,8.000000,71.880000
1769105918.916096,0,0.000000,57.770000,0.000000,0.000000,0.000000,0.000000,0.000000,-0.090000,8.000000,71.910000
1769105918.938930,0,0.000000,57.720000,0.000000,0.000000,0.000000,0.000000,0.000000,-0.090000,8.000000,71.930000
1769105918.953942,0,0.000000,57.770000,0.000000,0.000000,0.000000,0.000000,0.000000,-0.090000,8.000000,71.940000
1769105918.964394,0,0.000000,57.750000,0.000000,-0.070000,0.000000,0.000000,0.000000,-0.090000,8.000000,71.950000
1769105918.983966,0,0.000000,57.720000,0.000000,0.000000,0.000000,0.000000,0.000000,-0.090000,8.000000,71.970000
1769105918.991491,0,0.000000,57.680000,0.000000,0.070000,0.000000,0.000000,0.000000,-0.090000,8.000000,71.980000
1769105919.014080,0,0.000000,57.740000,0.000000,0.010000,0.000000,0.000000,0.000000,-0.070000,8.000000,72.000000
1769105919.021173,0,0.000000,57.680000,0.000000,0.030000,0.000000,0.000000,0.000000,-0.090000,8.000000,72.010000
1769105919.044604,0,0.000000,57.740000,0.000000,-0.070000,0.000000,0.000000,0.000000,-0.090000,8.000000,72.020000
1769105919.046340,0,0.000000,57.810000,0.000000,-0.050000,0.000000,0.000000,0.000000,-0.090000,8.000000,72.040000
1769105919.066327,0,0.000000,57.720000,0.000000,0.000000,0.000000,0.000000,0.000000,-0.070000,8.000000,72.050000
1769105919.081373,0,0.000000,57.770000,0.000000,-0.020000,0.000000,0.000000,0.000000,-0.090000,8.000000,72.080000
1769105919.104287,0,0.000000,57.750000,0.000000,-0.070000,0.000000,0.000000,0.000000,-0.090000,8.000000,72.080000
1769105919.111951,0,0.000000,57.750000,0.000000,0.000000,0.000000,0.000000,0.000000,-0.090000,8.000000,72.110000
1769105919.126530,0,0.000000,57.750000,0.000000,0.000000,0.000000,0.000000,0.000000,-0.070000,8.000000,72.120000
1769105919.149303,0,0.000000,57.680000,0.000000,-0.050000,0.000000,0.000000,0.000000,-0.090000,8.000000,72.130000
1769105919.156255,0,0.000000,57.740000,0.000000,0.070000,0.000000,0.000000,0.000000,-0.090000,8.000000,72.150000
1769105919.178943,0,0.000000,57.810000,0.000000,0.030000,0.000000,0.000000,0.000000,-0.070000,8.000000,72.160000
1769105919.201334,0,0.000000,57.650000,0.000000,-0.010000,0.000000,0.000000,0.000000,-0.070000,8.000000,72.180000
1769105919.203339,0,0.000000,57.740000,0.000000,-0.010000,0.000000,0.000000,0.000000,-0.070000,8.000000,72.190000
1769105919.231612,0,0.000000,57.740000,0.000000,0.050000,0.000000,0.000000,0.000000,-0.070000,8.000000,72.200000
1769105919.239392,0,0.000000,57.750000,0.000000,0.110000,0.000000,0.000000,0.000000,-0.070000,8.000000,72.230000
1769105919.253908,0,0.000000,57.750000,0.000000,0.000000,0.000000,0.000000,0.000000,-0.070000,8.000000,72.230000
1769105919.268406,0,0.000000,57.770000,0.000000,0.000000,0.000000,0.000000,0.000000,-0.070000,8.000000,72.260000
1769105919.291977,0,0.000000,57.680000,0.000000,0.010000,0.000000,0.000000,0.000000,-0.070000,8.000000,72.270000
1769105919.299569,0,0.000000,57.770000,0.000000,0.000000,0.000000,0.000000,0.000000,-0.070000,8.000000,72.290000
1769105919.321566,0,0.000000,57.790000,0.000000,0.020000,0.000000,0.000000,0.000000,-0.070000,8.000000,72.300000
1769105919.323368,0,0.000000,57.720000,0.000000,0.010000,0.000000,0.000000,0.000000,-0.070000,8.000000,72.310000
1769105919.351502,0,0.000000,57.750000,0.000000,0.010000,0.000000,0.000000,0.000000,-0.070000,8.000000,72.330000
1769105919.352865,0,0.000000,57.740000,0.000000,-0.020000,0.000000,0.000000,0.000000,-0.070000,8.000000,72.340000
1769105919.374191,0,0.000000,57.770000,0.000000,0.000000,0.000000,0.000000,0.000000,-0.070000,8.000000,72.370000
1769105919.389163,0,0.000000,57.770000,0.000000,-0.010000,0.000000,0.000000,0.000000,-0.070000,8.000000,72.370000
1769105919.411441,0,0.000000,57.720000,0.000000,-0.030000,0.000000,0.000000,0.000000,-0.070000,8.000000,72.400000
1769105919.426928,0,0.000000,57.750000,0.000000,0.000000,0.000000,0.000000,0.000000,-0.070000,8.000000,72.410000
1769105919.434350,0,0.000000,57.750000,0.000000,0.000000,0.000000,0.000000,0.000000,-0.070000,8.000000,72.430000
1769105919.449508,0,0.000000,57.720000,0.000000,0.050000,0.000000,0.000000,0.000000,-0.070000,8.000000,72.440000
1769105919.471870,0,0.000000,57.740000,0.000000,0.000000,0.000000,0.000000,0.000000,-0.070000,8.000000,72.450000
1769105919.486836,0,0.000000,57.680000,0.000000,0.070000,0.000000,0.000000,0.000000,-0.070000,8.000000,72.480000
1769105919.501899,0,0.000000,57.770000,0.000000,-0.110000,0.000000,0.000000,0.000000,-0.070000,8.000000,72.480000
1769105919.530776,0,0.000000,57.790000,0.000000,-0.030000,0.000000,0.000000,0.000000,-0.070000,8.000000,72.510000
1769105919.538692,0,0.000000,57.770000,0.000000,-0.010000,0.000000,0.000000,0.000000,-0.070000,8.000000,72.510000
1769105919.546706,0,0.000000,57.750000,0.000000,-0.010000,0.000000,0.000000,0.000000,-0.070000,8.000000,72.540000
1769105919.561843,0,0.000000,57.750000,0.000000,0.000000,0.000000,0.000000,0.000000,-0.070000,8.000000,72.550000
1769105919.583793,0,0.000000,57.740000,0.000000,0.000000,0.000000,0.000000,0.000000,-0.070000,8.000000,72.560000
1769105919.591798,0,0.000000,57.770000,0.000000,-0.050000,0.000000,0.000000,0.000000,-0.070000,8.000000,72.580000
1769105919.606758,0,0.000000,57.770000,0.000000,0.010000,0.000000,0.000000,0.000000,-0.070000,8.000000,72.590000
1769105919.621168,0,0.000000,57.720000,0.000000,0.020000,0.000000,0.000000,0.000000,-0.070000,8.000000,72.610000
1769105919.630149,0,0.000000,57.750000,0.000000,0.000000,0.000000,0.000000,0.000000,-0.070000,8.000000,72.620000
1769105919.644334,0,0.000000,57.740000,0.000000,0.000000,0.000000,0.000000,0.000000,-0.070000,8.000000,72.630000
1769105919.666154,0,0.000000,57.770000,0.000000,-0.020000,0.000000,0.000000,0.000000,-0.070000,8.000000,72.660000
1769105919.673388,0,0.000000,57.750000,0.000000,0.010000,0.000000,0.000000,0.000000,-0.070000,8.000000,72.660000
1769105919.689112,0,0.000000,57.770000,0.000000,0.000000,0.000000,0.000000,0.000000,-0.070000,8.000000,72.690000
1769105919.712179,0,0.000000,57.720000,0.000000,-0.050000,0.000000,0.000000,0.000000,-0.070000,8.000000,72.690000
1769105919.733561,0,0.000000,57.720000,0.000000,0.050000,0.000000,0.000000,0.000000,-0.070000,8.000000,72.720000
1769105919.735346,0,0.000000,57.770000,0.000000,-0.020000,0.000000,0.000000,0.000000,-0.070000,8.000000,72.730000
1769105919.764776,0,0.000000,57.660000,0.000000,0.070000,0.000000,0.000000,0.000000,-0.070000,8.000000,72.750000
1769105919.766398,0,0.000000,57.660000,0.000000,-0.120000,0.000000,0.000000,0.000000,-0.070000,8.000000,72.760000
1769105919.786442,0,0.000000,57.790000,0.000000,-0.050000,0.000000,0.000000,0.000000,-0.070000,8.000000,72.770000
1769105919.801629,0,0.000000,57.750000,0.000000,0.110000,0.000000,0.000000,0.000000,-0.070000,8.000000,72.790000
1769105919.824105,0,0.000000,57.770000,0.000000,0.000000,0.000000,0.000000,0.000000,-0.070000,8.000000,72.800000
1769105919.831474,0,0.000000,57.630000,0.000000,-0.090000,0.000000,0.000000,0.000000,-0.070000,8.000000,72.810000
1769105919.846389,0,0.000000,57.650000,0.000000,-0.050000,0.000000,0.000000,0.000000,-0.090000,8.000000,72.830000
1769105919.869178,0,0.000000,57.680000,0.000000,0.010000,0.000000,0.000000,0.000000,-0.070000,8.000000,72.840000
1769105919.876513,0,0.000000,57.740000,0.000000,0.070000,0.000000,0.000000,0.000000,-0.070000,8.000000,72.870000
1769105919.899260,0,0.000000,57.650000,0.000000,-0.090000,0.000000,0.000000,0.000000,-0.070000,8.000000,72.880000
1769105919.906405,0,0.000000,57.720000,0.000000,0.000000,0.000000,0.000000,0.000000,-0.070000,8.000000,72.900000
1769105919.921304,0,0.000000,57.740000,0.000000,-0.070000,0.000000,0.000000,0.000000,-0.070000,8.000000,72.910000
1769105919.943730,0,0.000000,57.680000,0.000000,-0.010000,0.000000,0.000000,0.000000,-0.070000,8.000000,72.930000
1769105919.951393,0,0.000000,57.660000,0.000000,0.000000,0.000000,0.000000,0.000000,-0.070000,8.000000,72.940000
1769105919.966596,0,0.000000,57.630000,0.000000,-0.030000,0.000000,0.000000,0.000000,-0.070000,8.000000,72.950000
1769105919.989228,0,0.000000,57.680000,0.000000,0.000000,0.000000,0.000000,0.000000,-0.070000,8.000000,72.970000
1769105919.996384,0,0.000000,57.770000,0.000000,0.030000,0.000000,0.000000,0.000000,-0.070000,8.000000,72.980000
1769105920.020760,0,0.000000,57.630000,0.000000,0.020000,0.000000,0.000000,0.000000,-0.070000,8.000000,73.010000
1769105920.026608,0,0.000000,57.650000,0.000000,0.010000,0.000000,0.000000,0.000000,-0.070000,8.000000,73.010000
1769105920.048648,0,0.000000,57.630000,0.000000,0.000000,0.000000,0.000000,0.000000,-0.070000,8.000000,73.040000
1769105920.050474,0,0.000000,57.630000,0.000000,0.000000,0.000000,0.000000,0.000000,-0.070000,8.000000,73.050000
1769105920.078828,0,0.000000,57.660000,0.000000,0.000000,0.000000,0.000000,0.000000,-0.070000,8.000000,73.060000
1769105920.094479,0,0.000000,57.610000,0.000000,0.010000,0.000000,0.000000,0.000000,-0.070000,8.000000,73.080000
1769105920.116981,0,0.000000,57.650000,0.000000,0.020000,0.000000,0.000000,0.000000,-0.070000,8.000000,73.090000
1769105920.124280,0,0.000000,57.630000,0.000000,0.030000,0.000000,0.000000,0.000000,-0.070000,8.000000,73.110000
1769105920.131171,0,0.000000,57.660000,0.000000,0.000000,0.000000,0.000000,0.000000,-0.070000,8.000000,73.120000
1769105920.153785,0,0.000000,57.660000,0.000000,-0.010000,0.000000,0.000000,0.000000,-0.070000,8.000000,73.130000
1769105920.161025,0,0.000000,57.650000,0.000000,-0.020000,0.000000,0.000000,0.000000,-0.070000,8.000000,73.160000
1769105920.176364,0,0.000000,57.680000,0.000000,0.000000,0.000000,0.000000,0.000000,-0.070000,8.000000,73.160000
1769105920.198968,0,0.000000,57.660000,0.000000,0.000000,0.000000,0.000000,0.000000,-0.070000,8.000000,73.190000
1769105920.213953,0,0.000000,57.630000,0.000000,-0.010000,0.000000,0.000000,0.000000,-0.070000,8.000000,73.190000
1769105920.221137,0,0.000000,57.630000,0.000000,0.000000,0.000000,0.000000,0.000000,-0.070000,8.000000,73.220000
1769105920.252148,0,0.000000,57.660000,0.000000,0.100000,0.000000,0.000000,0.000000,-0.070000,8.000000,73.230000
1769105920.253149,0,0.000000,57.630000,0.000000,0.050000,0.000000,0.000000,0.000000,-0.070000,8.000000,73.250000
1769105920.274397,0,0.000000,57.650000,0.000000,-0.020000,0.000000,0.000000,0.000000,-0.070000,8.000000,73.260000
1769105920.289393,0,0.000000,57.650000,0.000000,0.000000,0.000000,0.000000,0.000000,-0.070000,8.000000,73.270000
1769105920.304138,0,0.000000,57.650000,0.000000,-0.020000,0.000000,0.000000,0.000000,-0.070000,8.000000,73.290000
1769105920.311392,0,0.000000,57.650000,0.000000,0.050000,0.000000,0.000000,0.000000,-0.070000,8.000000,73.300000
1769105920.334503,0,0.000000,57.630000,0.000000,0.000000,0.000000,0.000000,0.000000,-0.070000,8.000000,73.310000
1769105920.364025,0,0.000000,57.630000,0.000000,0.030000,0.000000,0.000000,0.000000,-0.070000,8.000000,73.330000
1769105920.365340,0,0.000000,57.740000,0.000000,0.000000,0.000000,0.000000,0.000000,-0.070000,8.000000,73.340000
1769105920.386390,0,0.000000,57.680000,0.000000,0.000000,0.000000,0.000000,0.000000,-0.070000,8.000000,73.370000
1769105920.388396,0,0.000000,57.660000,0.000000,0.010000,0.000000,0.000000,0.000000,-0.070000,8.000000,73.370000
1769105920.410307,0,0.000000,57.660000,0.000000,0.000000,0.000000,0.000000,0.000000,-0.070000,8.000000,73.400000
1769105920.431131,0,0.000000,57.740000,0.000000,0.000000,0.000000,0.000000,0.000000,-0.070000,8.000000,73.410000
1769105920.432137,0,0.000000,57.680000,0.000000,0.050000,0.000000,0.000000,0.000000,-0.070000,8.000000,73.430000
1769105920.461910,0,0.000000,57.680000,0.000000,0.000000,0.000000,0.000000,0.000000,-0.070000,8.000000,73.440000
1769105920.463420,0,0.000000,57.650000,0.000000,0.000000,0.000000,0.000000,0.000000,-0.070000,8.000000,73.450000
1769105920.484008,0,0.000000,57.740000,0.000000,0.000000,0.000000,0.000000,0.000000,-0.070000,8.000000,73.470000
1769105920.491208,0,0.000000,57.630000,0.000000,0.000000,0.000000,0.000000,0.000000,-0.070000,8.000000,73.480000
1769105920.514352,0,0.000000,57.680000,0.000000,0.010000,0.000000,0.000000,0.000000,-0.070000,8.000000,73.500000
1769105920.529831,0,0.000000,57.660000,0.000000,0.020000,0.000000,0.000000,0.000000,-0.070000,8.000000,73.510000
1769105920.545076,0,0.000000,57.660000,0.000000,0.030000,0.000000,0.000000,0.000000,-0.070000,8.000000,73.540000
1769105920.573310,0,0.000000,57.660000,0.000000,0.050000,0.000000,0.000000,0.000000,-0.070000,8.000000,73.550000
1769105920.581021,0,0.000000,57.660000,0.000000,0.050000,0.000000,0.000000,0.000000,-0.070000,8.000000,73.550000
1769105920.589433,0,0.000000,57.660000,0.000000,0.070000,0.000000,0.000000,0.000000,-0.070000,8.000000,73.580000
1769105920.603542,0,0.000000,57.660000,0.000000,0.000000,0.000000,0.000000,0.000000,-0.070000,8.000000,73.590000
1769105920.626566,0,0.000000,57.630000,0.000000,-0.100000,0.000000,0.000000,0.000000,-0.070000,8.000000,73.610000
1769105920.628371,0,0.000000,57.610000,0.000000,-0.020000,0.000000,0.000000,0.000000,-0.070000,8.000000,73.620000
1769105920.649170,0,0.000000,57.650000,0.000000,0.000000,0.000000,0.000000,0.000000,-0.070000,8.000000,73.630000
1769105920.672047,0,0.000000,57.680000,0.000000,0.010000,0.000000,0.000000,0.000000,-0.070000,8.000000,73.660000
1769105920.679353,0,0.000000,57.650000,0.000000,-0.020000,0.000000,0.000000,0.000000,-0.070000,8.000000,73.660000
1769105920.694136,0,0.000000,57.650000,0.000000,-0.050000,0.000000,0.000000,0.000000,-0.070000,8.000000,73.690000
1769105920.708568,0,0.000000,57.630000,0.000000,0.050000,0.000000,0.000000,0.000000,-0.070000,8.000000,73.690000
1769105920.731560,0,0.000000,57.650000,0.000000,0.000000,0.000000,0.000000,0.000000,-0.070000,8.000000,73.720000
1769105920.739166,0,0.000000,57.680000,0.000000,0.000000,0.000000,0.000000,0.000000,-0.070000,8.000000,73.730000
1769105920.753310,0,0.000000,57.660000,0.000000,0.000000,0.000000,0.000000,0.000000,-0.070000,8.000000,73.750000
1769105920.776034,0,0.000000,57.610000,0.000000,0.020000,0.000000,0.000000,0.000000,-0.070000,8.000000,73.760000
1769105920.784117,0,0.000000,57.680000,0.000000,0.000000,0.000000,0.000000,0.000000,-0.070000,8.000000,73.770000
1769105920.798518,0,0.000000,57.740000,0.000000,0.000000,0.000000,0.000000,0.000000,-0.070000,8.000000,73.790000
1769105920.814512,0,0.000000,57.630000,0.000000,0.010000,0.000000,0.000000,0.000000,-0.070000,8.000000,73.800000
1769105920.844121,0,0.000000,57.660000,0.000000,-0.070000,0.000000,0.000000,0.000000,-0.070000,8.000000,73.810000
1769105920.846122,0,0.000000,57.720000,0.000000,0.000000,0.000000,0.000000,0.000000,-0.070000,8.000000,73.830000
1769105920.858850,0,0.000000,57.660000,0.000000,0.030000,0.000000,0.000000,0.000000,-0.070000,8.000000,73.840000
1769105920.881833,0,0.000000,57.650000,0.000000,0.030000,0.000000,0.000000,0.000000,-0.070000,8.000000,73.870000
1769105920.903884,0,0.000000,57.650000,0.000000,0.020000,0.000000,0.000000,0.000000,-0.070000,8.000000,73.870000
1769105920.911590,0,0.000000,57.660000,0.000000,0.070000,0.000000,0.000000,0.000000,-0.070000,8.000000,73.900000
1769105920.919117,0,0.000000,57.630000,0.000000,0.000000,0.000000,0.000000,0.000000,-0.070000,8.000000,73.910000
1769105920.934427,0,0.000000,57.630000,0.000000,0.000000,0.000000,0.000000,0.000000,-0.070000,8.000000,73.930000
1769105920.956111,0,0.000000,57.630000,0.000000,0.000000,0.000000,0.000000,0.000000,-0.070000,8.000000,73.940000
1769105920.963352,0,0.000000,57.660000,0.000000,0.010000,0.000000,0.000000,0.000000,-0.070000,8.000000,73.950000
1769105920.979204,0,0.000000,57.660000,0.000000,0.070000,0.000000,0.000000,0.000000,-0.070000,8.000000,73.980000
1769105921.001605,0,0.000000,57.650000,0.000000,-0.070000,0.000000,0.000000,0.000000,-0.070000,8.000000,73.980000
1769105921.016624,0,0.000000,57.650000,0.000000,0.030000,0.000000,0.000000,0.000000,-0.070000,8.000000,74.010000
1769105921.046076,0,0.000000,57.610000,0.000000,0.000000,0.000000,0.000000,0.000000,-0.070000,8.000000,74.010000
1769105921.053737,0,0.000000,57.680000,0.000000,0.000000,0.000000,0.000000,0.000000,-0.070000,8.000000,74.040000
1769105921.061638,0,0.000000,57.650000,0.000000,0.000000,0.000000,0.000000,0.000000,-0.070000,8.000000,74.050000
1769105921.083532,0,0.000000,57.650000,0.000000,0.050000,0.000000,0.000000,0.000000,-0.070000,8.000000,74.060000
1769105921.085260,0,0.000000,57.650000,0.000000,0.010000,0.000000,0.000000,0.000000,-0.070000,8.000000,74.080000
1769105921.114650,0,0.000000,57.660000,0.000000,-0.010000,0.000000,0.000000,0.000000,-0.070000,8.000000,74.090000
1769105921.115337,0,0.000000,57.660000,0.000000,0.000000,0.000000,0.000000,0.000000,-0.070000,8.000000,74.110000
1769105921.136534,0,0.000000,57.650000,0.000000,-0.050000,0.000000,0.000000,0.000000,-0.070000,8.000000,74.120000
1769105921.151592,0,0.000000,57.650000,0.000000,0.070000,0.000000,0.000000,0.000000,-0.070000,8.000000,74.130000
1769105921.181417,0,0.000000,57.650000,0.000000,0.070000,0.000000,0.000000,0.000000,-0.070000,8.000000,74.160000
1769105921.183387,0,0.000000,57.660000,0.000000,0.020000,0.000000,0.000000,0.000000,-0.070000,8.000000,74.160000
1769105921.203532,0,0.000000,57.680000,0.000000,-0.030000,0.000000,0.000000,0.000000,-0.070000,8.000000,74.190000
1769105921.211165,0,0.000000,57.680000,0.000000,0.050000,0.000000,0.000000,0.000000,-0.070000,8.000000,74.190000
1769105921.234011,0,0.000000,57.630000,0.000000,0.010000,0.000000,0.000000,0.000000,-0.070000,8.000000,74.220000
1769105921.241139,0,0.000000,57.610000,0.000000,0.090000,0.000000,0.000000,0.000000,-0.070000,8.000000,74.230000
1769105921.256788,0,0.000000,57.610000,0.000000,0.030000,0.000000,0.000000,0.000000,-0.070000,8.000000,74.250000
1769105921.271276,0,0.000000,57.660000,0.000000,0.000000,0.000000,0.000000,0.000000,-0.070000,8.000000,74.260000
1769105921.294291,0,0.000000,57.650000,0.000000,0.050000,0.000000,0.000000,0.000000,-0.070000,8.000000,74.270000
1769105921.309140,0,0.000000,57.650000,0.000000,0.000000,0.000000,0.000000,0.000000,-0.070000,8.000000,74.300000
1769105921.324295,0,0.000000,57.630000,0.000000,0.020000,0.000000,0.000000,0.000000,-0.070000,8.000000,74.300000
1769105921.346771,0,0.000000,57.680000,0.000000,0.020000,0.000000,0.000000,0.000000,-0.070000,8.000000,74.330000
1769105921.361150,0,0.000000,57.630000,0.000000,-0.010000,0.000000,0.000000,0.000000,-0.070000,8.000000,74.330000
1769105921.363149,0,0.000000,57.630000,0.000000,0.010000,0.000000,0.000000,0.000000,-0.070000,8.000000,74.360000
1769105921.384362,0,0.000000,57.680000,0.000000,0.070000,0.000000,0.000000,0.000000,-0.070000,8.000000,74.370000
1769105921.406292,0,0.000000,57.680000,0.000000,0.000000,0.000000,0.000000,0.000000,-0.070000,8.000000,74.380000
1769105921.413648,0,0.000000,57.590000,0.000000,0.010000,0.000000,0.000000,0.000000,-0.070000,8.000000,74.400000
1769105921.435780,0,0.000000,57.630000,0.000000,-0.030000,0.000000,0.000000,0.000000,-0.070000,8.000000,74.410000
1769105921.443680,0,0.000000,57.630000,0.000000,0.050000,0.000000,0.000000,0.000000,-0.070000,8.000000,74.430000
1769105921.451122,0,0.000000,57.630000,0.000000,0.070000,0.000000,0.000000,0.000000,-0.070000,8.000000,74.440000
1769105921.467238,0,0.000000,57.610000,0.000000,0.000000,0.000000,0.000000,0.000000,-0.070000,8.000000,74.450000
1769105921.481150,0,0.000000,57.650000,0.000000,0.020000,0.000000,0.000000,0.000000,-0.070000,8.000000,74.480000
1769105921.496706,0,0.000000,57.610000,0.000000,0.000000,0.000000,0.000000,0.000000,-0.070000,8.000000,74.480000
1769105921.518568,0,0.000000,57.610000,0.000000,0.000000,0.000000,0.000000,0.000000,-0.070000,8.000000,74.510000
1769105921.533511,0,0.000000,57.540000,0.000000,0.000000,0.000000,0.000000,0.000000,-0.070000,8.000000,74.510000
1769105921.556852,0,0.000000,57.590000,0.000000,-0.010000,0.000000,0.000000,0.000000,-0.070000,8.000000,74.540000
1769105921.564311,0,0.000000,57.560000,0.000000,0.020000,0.000000,0.000000,0.000000,-0.070000,8.000000,74.550000
1769105921.601070,0,0.000000,57.560000,0.000000,-0.030000,0.000000,0.000000,0.000000,-0.070000,8.000000,74.560000
1769105921.601856,0,0.000000,57.540000,0.000000,0.090000,0.000000,0.000000,0.000000,-0.070000,8.000000,74.580000
1769105921.608701,0,0.000000,57.560000,0.000000,-0.050000,0.000000,0.000000,0.000000,-0.070000,8.000000,74.590000
1769105921.645806,0,0.000000,57.590000,0.000000,0.000000,0.000000,0.000000,0.000000,-0.070000,8.000000,74.620000
1769105921.647315,0,0.000000,57.560000,0.000000,0.100000,0.000000,0.000000,0.000000,-0.070000,8.000000,74.620000
1769105921.648109,0,0.000000,57.610000,0.000000,0.090000,0.000000,0.000000,0.000000,-0.070000,8.000000,74.650000
1769105921.669147,0,0.000000,57.560000,0.000000,0.000000,0.000000,0.000000,0.000000,-0.070000,8.000000,74.660000
1769105921.691109,0,0.000000,57.560000,0.000000,-0.050000,0.000000,0.000000,0.000000,-0.070000,8.000000,74.660000
1769105921.706961,0,0.000000,57.610000,0.000000,-0.010000,0.000000,0.000000,0.000000,-0.070000,8.000000,74.690000
1769105921.735684,0,0.000000,57.590000,0.000000,0.000000,0.000000,0.000000,0.000000,-0.070000,8.000000,74.690000
1769105921.737556,0,0.000000,57.610000,0.000000,0.020000,0.000000,0.000000,0.000000,-0.070000,8.000000,74.720000
1769105921.751264,0,0.000000,57.630000,0.000000,-0.070000,0.000000,0.000000,0.000000,-0.070000,8.000000,74.730000
1769105921.753140,0,0.000000,57.540000,0.000000,0.000000,0.000000,0.000000,0.000000,-0.070000,8.000000,74.750000
1769105921.775067,0,0.000000,57.610000,0.000000,-0.050000,0.000000,0.000000,0.000000,-0.070000,8.000000,74.760000
1769105921.797010,0,0.000000,57.630000,0.000000,0.020000,0.000000,0.000000,0.000000,-0.070000,8.000000,74.770000
1769105921.811483,0,0.000000,57.610000,0.000000,0.000000,0.000000,0.000000,0.000000,-0.070000,8.000000,74.800000
1769105921.819307,0,0.000000,57.560000,0.000000,0.000000,0.000000,0.000000,0.000000,-0.070000,8.000000,74.800000
1769105921.834246,0,0.000000,57.590000,0.000000,0.050000,0.000000,0.000000,0.000000,-0.070000,8.000000,74.830000
1769105921.856853,0,0.000000,57.520000,0.000000,0.000000,0.000000,0.000000,0.000000,-0.070000,8.000000,74.830000
1769105921.863584,0,0.000000,57.590000,0.000000,-0.020000,0.000000,0.000000,0.000000,-0.070000,8.000000,74.860000
1769105921.894114,0,0.000000,57.590000,0.000000,0.010000,0.000000,0.000000,0.000000,-0.070000,8.000000,74.870000
1769105921.896116,0,0.000000,57.520000,0.000000,0.000000,0.000000,0.000000,0.000000,-0.070000,8.000000,74.880000
1769105921.924894,0,0.000000,57.560000,0.000000,-0.010000,0.000000,0.000000,0.000000,-0.070000,8.000000,74.900000
1769105921.926405,0,0.000000,57.560000,0.000000,0.000000,0.000000,0.000000,0.000000,-0.070000,8.000000,74.910000
1769105921.939276,0,0.000000,57.630000,0.000000,-0.070000,0.000000,0.000000,0.000000,-0.070000,8.000000,74.930000
1769105921.953465,0,0.000000,57.560000,0.000000,0.070000,0.000000,0.000000,0.000000,-0.070000,8.000000,74.940000
1769105921.976682,0,0.000000,57.630000,0.000000,0.000000,0.000000,0.000000,0.000000,-0.070000,8.000000,74.950000
1769105921.991879,0,0.000000,57.520000,0.000000,0.000000,0.000000,0.000000,0.000000,-0.070000,8.000000,74.980000
1769105921.993432,0,0.000000,57.590000,0.000000,0.000000,0.000000,0.000000,0.000000,-0.070000,8.000000,74.980000
1769105922.013487,0,0.000000,57.590000,0.000000,0.020000,0.000000,0.000000,0.000000,-0.070000,8.000000,75.010000
1769105922.028515,0,0.000000,57.560000,0.000000,0.110000,0.000000,0.000000,0.000000,-0.070000,8.000000,75.010000
1769105922.059227,0,0.000000,57.560000,0.000000,0.000000,0.000000,0.000000,0.000000,-0.070000,8.000000,75.040000
1769105922.065893,0,0.000000,57.630000,0.000000,-0.010000,0.000000,0.000000,0.000000,-0.070000,8.000000,75.050000
1769105922.074332,0,0.000000,57.590000,0.000000,0.030000,0.000000,0.000000,0.000000,-0.070000,8.000000,75.060000
1769105922.096295,0,0.000000,57.520000,0.000000,0.000000,0.000000,0.000000,0.000000,-0.070000,8.000000,75.080000
1769105922.111866,0,0.000000,57.540000,0.000000,0.010000,0.000000,0.000000,0.000000,-0.070000,8.000000,75.090000
1769105922.124294,0,0.000000,57.610000,0.000000,0.050000,0.000000,0.000000,0.000000,-0.070000,8.000000,75.110000
1769105922.141900,0,0.000000,57.610000,0.000000,0.070000,0.000000,0.000000,0.000000,-0.070000,8.000000,75.120000
1769105922.156926,0,0.000000,57.540000,0.000000,0.000000,0.000000,0.000000,0.000000,-0.070000,8.000000,75.130000
1769105922.170870,0,0.000000,57.560000,0.000000,0.000000,0.000000,0.000000,0.000000,-0.070000,8.000000,75.160000
1769105922.179046,0,0.000000,57.630000,0.000000,0.000000,0.000000,0.000000,0.000000,-0.070000,8.000000,75.160000
1769105922.208698,0,0.000000,57.590000,0.000000,0.000000,0.000000,0.000000,0.000000,-0.070000,8.000000,75.190000
1769105922.217295,0,0.000000,57.560000,0.000000,0.140000,0.000000,0.000000,0.000000,-0.070000,8.000000,75.200000
1769105922.231077,0,0.000000,57.560000,0.000000,0.010000,0.000000,0.000000,0.000000,-0.070000,8.000000,75.220000
1769105922.246085,0,0.000000,57.590000,0.000000,-0.020000,0.000000,0.000000,0.000000,-0.070000,8.000000,75.230000
1769105922.268541,0,0.000000,57.560000,0.000000,0.050000,0.000000,0.000000,0.000000,-0.070000,8.000000,75.250000
1769105922.271331,0,0.000000,57.520000,0.000000,0.000000,0.000000,0.000000,0.000000,-0.070000,8.000000,75.260000
1769105922.291739,0,0.000000,57.610000,0.000000,-0.020000,0.000000,0.000000,0.000000,-0.070000,8.000000,75.270000
1769105922.306965,0,0.000000,57.630000,0.000000,0.000000,0.000000,0.000000,0.000000,-0.070000,8.000000,75.300000
1769105922.321297,0,0.000000,57.540000,0.000000,-0.020000,0.000000,0.000000,0.000000,-0.070000,8.000000,75.300000
1769105922.344469,0,0.000000,57.560000,0.000000,0.000000,0.000000,0.000000,0.000000,-0.070000,8.000000,75.330000
1769105922.359190,0,0.000000,57.610000,0.000000,0.050000,0.000000,0.000000,0.000000,-0.070000,8.000000,75.330000
1769105922.373565,0,0.000000,57.610000,0.000000,0.030000,0.000000,0.000000,0.000000,-0.070000,8.000000,75.360000
1769105922.375242,0,0.000000,57.630000,0.000000,0.000000,0.000000,0.000000,0.000000,-0.070000,8.000000,75.370000
1769105922.397551,0,0.000000,57.540000,0.000000,0.050000,0.000000,0.000000,0.000000,-0.070000,8.000000,75.380000
1769105922.418668,0,0.000000,57.540000,0.000000,-0.050000,0.000000,0.000000,0.000000,-0.070000,8.000000,75.400000
1769105922.434845,0,0.000000,57.590000,0.000000,-0.050000,0.000000,0.000000,0.000000,-0.070000,8.000000,75.410000
1769105922.448690,0,0.000000,57.540000,0.000000,0.050000,0.000000,0.000000,0.000000,-0.070000,8.000000,75.430000
1769105922.456130,0,0.000000,57.520000,0.000000,-0.020000,0.000000,0.000000,0.000000,-0.070000,8.000000,75.440000
1769105922.471002,0,0.000000,57.560000,0.000000,0.000000,0.000000,0.000000,0.000000,-0.070000,8.000000,75.450000
1769105922.486729,0,0.000000,57.560000,0.000000,0.000000,0.000000,0.000000,0.000000,-0.070000,8.000000,75.480000
1769105922.509951,0,0.000000,57.540000,0.000000,0.050000,0.000000,0.000000,0.000000,-0.070000,8.000000,75.480000
1769105922.516330,0,0.000000,57.610000,0.000000,0.100000,0.000000,0.000000,0.000000,-0.070000,8.000000,75.510000
1769105922.539473,0,0.000000,57.590000,0.000000,0.000000,0.000000,0.000000,0.000000,-0.070000,8.000000,75.510000
1769105922.553648,0,0.000000,57.560000,0.000000,0.030000,0.000000,0.000000,0.000000,-0.070000,8.000000,75.540000
1769105922.568659,0,0.000000,57.610000,0.000000,-0.010000,0.000000,0.000000,0.000000,-0.070000,8.000000,75.550000
1769105922.570730,0,0.000000,57.630000,0.000000,0.000000,0.000000,0.000000,0.000000,-0.070000,8.000000,75.560000
1769105922.599761,0,0.000000,57.630000,0.000000,0.000000,0.000000,0.000000,0.000000,-0.070000,8.000000,75.580000
1769105922.629320,0,0.000000,57.590000,0.000000,0.000000,0.000000,0.000000,0.000000,-0.070000,8.000000,75.590000
1769105922.630129,0,0.000000,57.500000,0.000000,0.070000,0.000000,0.000000,0.000000,-0.070000,8.000000,75.620000
1769105922.658716,0,0.000000,57.590000,0.000000,0.030000,0.000000,0.000000,0.000000,-0.070000,8.000000,75.620000
1769105922.660228,0,0.000000,57.590000,0.000000,0.000000,0.000000,0.000000,0.000000,-0.070000,8.000000,75.650000
1769105922.673705,0,0.000000,57.540000,0.000000,0.020000,0.000000,0.000000,0.000000,-0.070000,8.000000,75.660000
1769105922.696687,0,0.000000,57.590000,0.000000,-0.010000,0.000000,0.000000,0.000000,-0.070000,8.000000,75.680000
1769105922.703620,0,0.000000,57.560000,0.000000,0.000000,0.000000,0.000000,0.000000,-0.070000,8.000000,75.690000
1769105922.718819,0,0.000000,57.560000,0.000000,-0.020000,0.000000,0.000000,0.000000,-0.070000,8.000000,75.700000
1769105922.742033,0,0.000000,57.470000,0.000000,-0.010000,0.000000,0.000000,0.000000,-0.070000,8.000000,75.720000
1769105922.744032,0,0.000000,57.560000,0.000000,0.000000,0.000000,0.000000,0.000000,-0.070000,8.000000,75.730000
1769105922.756489,0,0.000000,57.560000,0.000000,0.010000,0.000000,0.000000,0.000000,-0.070000,8.000000,75.750000
1769105922.779465,0,0.000000,57.540000,0.000000,-0.010000,0.000000,0.000000,0.000000,-0.070000,8.000000,75.760000
1769105922.787040,0,0.000000,57.590000,0.000000,0.000000,0.000000,0.000000,0.000000,-0.070000,8.000000,75.770000
1769105922.816764,0,0.000000,57.540000,0.000000,-0.020000,0.000000,0.000000,0.000000,-0.070000,8.000000,75.790000
1769105922.829335,0,0.000000,57.470000,0.000000,0.020000,0.000000,0.000000,0.000000,-0.070000,8.000000,75.800000
1769105922.839446,0,0.000000,57.430000,0.000000,0.020000,0.000000,0.000000,0.000000,-0.070000,8.000000,75.830000
1769105922.854692,0,0.000000,57.520000,0.000000,0.000000,0.000000,0.000000,0.000000,-0.070000,8.000000,75.830000
1769105922.861083,0,0.000000,57.610000,0.000000,0.020000,0.000000,0.000000,0.000000,-0.070000,8.000000,75.840000
1769105922.877051,0,0.000000,57.470000,0.000000,0.010000,0.000000,0.000000,0.000000,-0.070000,8.000000,75.870000
1769105922.899250,0,0.000000,57.500000,0.000000,0.020000,0.000000,0.000000,0.000000,-0.070000,8.000000,75.880000
1769105922.928904,0,0.000000,57.560000,0.000000,0.050000,0.000000,0.000000,0.000000,-0.070000,8.000000,75.900000
1769105922.930714,0,0.000000,57.540000,0.000000,0.020000,0.000000,0.000000,0.000000,-0.070000,8.000000,75.910000
1769105922.935060,0,0.000000,57.590000,0.000000,0.000000,0.000000,0.000000,0.000000,-0.070000,8.000000,75.930000
1769105922.966593,0,0.000000,57.630000,0.000000,0.100000,0.000000,0.000000,0.000000,-0.070000,8.000000,75.940000
1769105922.973629,0,0.000000,57.590000,0.000000,0.010000,0.000000,0.000000,0.000000,-0.070000,8.000000,75.950000
1769105922.996016,0,0.000000,57.450000,0.000000,0.000000,0.000000,0.000000,0.000000,-0.070000,8.000000,75.970000
1769105922.997015,0,0.000000,57.610000,0.000000,0.070000,0.000000,0.000000,0.000000,-0.070000,8.000000,75.980000
1769105923.011404,0,0.000000,57.630000,0.000000,0.000000,0.000000,0.000000,0.000000,-0.070000,8.000000,76.000000
1769105923.041221,0,0.000000,57.450000,0.000000,0.000000,0.000000,0.000000,0.000000,-0.070000,8.000000,76.010000
1769105923.043224,0,0.000000,57.470000,0.000000,0.050000,0.000000,0.000000,0.000000,-0.070000,8.000000,76.040000
1769105923.064411,0,0.000000,57.650000,0.000000,0.000000,0.000000,0.000000,0.000000,-0.070000,8.000000,76.050000
1769105923.071097,0,0.000000,57.560000,0.000000,0.050000,0.000000,0.000000,0.000000,-0.070000,8.000000,76.060000
1769105923.087002,0,0.000000,57.450000,0.000000,0.030000,0.000000,0.000000,0.000000,-0.070000,8.000000,76.080000
1769105923.109691,0,0.000000,57.560000,0.000000,0.030000,0.000000,0.000000,0.000000,-0.070000,8.000000,76.080000
1769105923.116278,0,0.000000,57.470000,0.000000,0.000000,0.000000,0.000000,0.000000,-0.070000,8.000000,76.110000
1769105923.138656,0,0.000000,57.590000,0.000000,0.010000,0.000000,0.000000,0.000000,-0.070000,8.000000,76.120000
1769105923.146722,0,0.000000,57.470000,0.000000,-0.050000,0.000000,0.000000,0.000000,-0.070000,8.000000,76.130000
1769105923.161458,0,0.000000,57.520000,0.000000,-0.010000,0.000000,0.000000,0.000000,-0.070000,8.000000,76.160000
1769105923.191661,0,0.000000,57.590000,0.000000,0.030000,0.000000,0.000000,0.000000,-0.070000,8.000000,76.160000
1769105923.199134,0,0.000000,57.450000,0.000000,0.030000,0.000000,0.000000,0.000000,-0.070000,8.000000,76.190000
1769105923.207107,0,0.000000,57.500000,0.000000,0.000000,0.000000,0.000000,0.000000,-0.070000,8.000000,76.190000
1769105923.236065,0,0.000000,57.560000,0.000000,-0.010000,0.000000,0.000000,0.000000,-0.070000,8.000000,76.220000
1769105923.238065,0,0.000000,57.540000,0.000000,-0.030000,0.000000,0.000000,0.000000,-0.070000,8.000000,76.230000
1769105923.266593,0,0.000000,57.560000,0.000000,0.000000,0.000000,0.000000,0.000000,-0.070000,8.000000,76.250000
1769105923.267610,0,0.000000,57.610000,0.000000,-0.050000,0.000000,0.000000,0.000000,-0.070000,8.000000,76.260000
1769105923.296073,0,0.000000,57.540000,0.000000,0.000000,0.000000,0.000000,0.000000,-0.070000,8.000000,76.260000
1769105923.303866,0,0.000000,57.590000,0.000000,0.000000,0.000000,0.000000,0.000000,-0.070000,8.000000,76.290000
1769105923.311513,0,0.000000,57.500000,0.000000,-0.050000,0.000000,0.000000,0.000000,-0.070000,8.000000,76.300000
1769105923.326334,0,0.000000,57.540000,0.000000,0.030000,0.000000,0.000000,0.000000,-0.070000,8.000000,76.310000
1769105923.348633,0,0.000000,57.470000,0.000000,0.000000,0.000000,0.000000,0.000000,-0.070000,8.000000,76.330000
1769105923.357054,0,0.000000,57.470000,0.000000,0.030000,0.000000,0.000000,0.000000,-0.070000,8.000000,76.340000
1769105923.386436,0,0.000000,57.450000,0.000000,0.010000,0.000000,0.000000,0.000000,-0.070000,8.000000,76.370000
1769105923.393652,0,0.000000,57.560000,0.000000,0.000000,0.000000,0.000000,0.000000,-0.070000,8.000000,76.370000
1769105923.401095,0,0.000000,57.470000,0.000000,-0.020000,0.000000,0.000000,0.000000,-0.070000,8.000000,76.400000
1769105923.423602,0,0.000000,57.470000,0.000000,0.010000,0.000000,0.000000,0.000000,-0.070000,8.000000,76.410000
1769105923.431049,0,0.000000,57.610000,0.000000,0.000000,0.000000,0.000000,0.000000,-0.070000,8.000000,76.430000
1769105923.469256,0,0.000000,57.590000,0.000000,-0.020000,0.000000,0.000000,0.000000,-0.070000,8.000000,76.440000
1769105923.470264,0,0.000000,57.430000,0.000000,0.070000,0.000000,0.000000,0.000000,-0.070000,8.000000,76.450000
1769105923.483413,0,0.000000,57.500000,0.000000,0.000000,0.000000,0.000000,0.000000,-0.070000,8.000000,76.470000
1769105923.509619,0,0.000000,57.450000,0.000000,0.000000,0.000000,0.000000,0.000000,-0.070000,8.000000,76.480000
1769105923.516184,0,0.000000,57.500000,0.000000,-0.030000,0.000000,0.000000,0.000000,-0.070000,8.000000,76.500000
1769105923.529174,0,0.000000,57.450000,0.000000,0.000000,0.000000,0.000000,0.000000,-0.070000,8.000000,76.510000
1769105923.552123,0,0.000000,57.470000,0.000000,0.000000,0.000000,0.000000,0.000000,-0.070000,8.000000,76.520000
1769105923.559204,0,0.000000,57.470000,0.000000,-0.010000,0.000000,0.000000,0.000000,-0.070000,8.000000,76.550000
1769105923.573629,0,0.000000,57.540000,0.000000,0.000000,0.000000,0.000000,0.000000,-0.070000,8.000000,76.550000
1769105923.596645,0,0.000000,57.500000,0.000000,0.050000,0.000000,0.000000,0.000000,-0.070000,8.000000,76.580000
1769105923.614150,0,0.000000,57.470000,0.000000,-0.070000,0.000000,0.000000,0.000000,-0.070000,8.000000,76.590000
1769105923.615147,0,0.000000,57.450000,0.000000,0.050000,0.000000,0.000000,0.000000,-0.070000,8.000000,76.610000
1769105923.641198,0,0.000000,57.560000,0.000000,0.100000,0.000000,0.000000,0.000000,-0.070000,8.000000,76.620000
1769105923.643052,0,0.000000,57.500000,0.000000,-0.010000,0.000000,0.000000,0.000000,-0.070000,8.000000,76.630000
1769105923.663649,0,0.000000,57.410000,0.000000,0.000000,0.000000,0.000000,0.000000,-0.070000,8.000000,76.650000
1769105923.686818,0,0.000000,57.500000,0.000000,0.010000,0.000000,0.000000,0.000000,-0.070000,8.000000,76.660000
1769105923.693430,0,0.000000,57.520000,0.000000,0.000000,0.000000,0.000000,0.000000,-0.070000,8.000000,76.690000
1769105923.724241,0,0.000000,57.500000,0.000000,0.020000,0.000000,0.000000,0.000000,-0.070000,8.000000,76.690000
1769105923.725243,0,0.000000,57.470000,0.000000,-0.010000,0.000000,0.000000,0.000000,-0.070000,8.000000,76.720000
1769105923.738976,0,0.000000,57.470000,0.000000,0.000000,0.000000,0.000000,0.000000,-0.070000,8.000000,76.730000
1769105923.769242,0,0.000000,57.470000,0.000000,0.050000,0.000000,0.000000,0.000000,-0.070000,8.000000,76.750000
1769105923.770241,0,0.000000,57.450000,0.000000,0.020000,0.000000,0.000000,0.000000,-0.070000,8.000000,76.760000
1769105923.791732,0,0.000000,57.330000,0.000000,-0.010000,0.000000,0.000000,0.000000,-0.070000,8.000000,76.770000
1769105923.798979,0,0.000000,57.470000,0.000000,0.050000,0.000000,0.000000,0.000000,-0.070000,8.000000,76.790000
1769105923.814220,0,0.000000,57.500000,0.000000,0.000000,0.000000,0.000000,0.000000,-0.070000,8.000000,76.800000
1769105923.851592,0,0.000000,57.450000,0.000000,0.050000,0.000000,0.000000,0.000000,-0.070000,8.000000,76.830000
1769105923.859060,0,0.000000,57.380000,0.000000,-0.020000,0.000000,0.000000,0.000000,-0.070000,8.000000,76.830000
1769105923.866554,0,0.000000,57.410000,0.000000,0.000000,0.000000,0.000000,0.000000,-0.070000,8.000000,76.860000
1769105923.888611,0,0.000000,57.470000,0.000000,0.020000,0.000000,0.000000,0.000000,-0.070000,8.000000,76.870000
1769105923.896081,0,0.000000,57.380000,0.000000,0.000000,0.000000,0.000000,0.000000,-0.070000,8.000000,76.880000
1769105923.912478,0,0.000000,57.500000,0.000000,-0.020000,0.000000,0.000000,0.000000,-0.070000,8.000000,76.900000
1769105923.933497,0,0.000000,57.450000,0.000000,0.000000,0.000000,0.000000,0.000000,-0.070000,8.000000,76.910000
1769105923.941195,0,0.000000,57.500000,0.000000,0.010000,0.000000,0.000000,0.000000,-0.070000,8.000000,76.930000
1769105923.971634,0,0.000000,57.470000,0.000000,0.030000,0.000000,0.000000,0.000000,-0.070000,8.000000,76.940000
1769105923.972634,0,0.000000,57.450000,0.000000,0.000000,0.000000,0.000000,0.000000,-0.070000,8.000000,76.950000
1769105923.993594,0,0.000000,57.520000,0.000000,0.030000,0.000000,0.000000,0.000000,-0.070000,8.000000,76.980000
1769105924.001232,0,0.000000,57.470000,0.000000,0.010000,0.000000,0.000000,0.000000,-0.070000,8.000000,76.980000
1769105924.030380,0,0.000000,57.500000,0.000000,-0.070000,0.000000,0.000000,0.000000,-0.070000,8.000000,77.010000
1769105924.032379,0,0.000000,57.500000,0.000000,0.050000,0.000000,0.000000,0.000000,-0.070000,8.000000,77.010000
1769105924.061033,0,0.000000,57.430000,0.000000,0.020000,0.000000,0.000000,0.000000,-0.070000,8.000000,77.040000
1769105924.062538,0,0.000000,57.500000,0.000000,0.000000,0.000000,0.000000,0.000000,-0.070000,8.000000,77.050000
1769105924.084339,0,0.000000,57.470000,0.000000,0.000000,0.000000,0.000000,0.000000,-0.070000,8.000000,77.060000
1769105924.091031,0,0.000000,57.450000,0.000000,0.000000,0.000000,0.000000,0.000000,-0.070000,8.000000,77.080000
1769105924.114628,0,0.000000,57.500000,0.000000,0.000000,0.000000,0.000000,0.000000,-0.070000,8.000000,77.090000
1769105924.143951,0,0.000000,57.450000,0.000000,0.000000,0.000000,0.000000,0.000000,-0.070000,8.000000,77.120000
1769105924.158083,0,0.000000,57.520000,0.000000,0.020000,0.000000,0.000000,0.000000,-0.070000,8.000000,77.120000
1769105924.166014,0,0.000000,57.450000,0.000000,0.050000,0.000000,0.000000,0.000000,-0.070000,8.000000,77.150000
1769105924.168018,0,0.000000,57.450000,0.000000,-0.010000,0.000000,0.000000,0.000000,-0.070000,8.000000,77.160000
1769105924.189162,0,0.000000,57.430000,0.000000,0.000000,0.000000,0.000000,0.000000,-0.070000,8.000000,77.180000
1769105924.204105,0,0.000000,57.430000,0.000000,0.050000,0.000000,0.000000,0.000000,-0.050000,8.000000,77.190000
1769105924.218654,0,0.000000,57.450000,0.000000,0.000000,0.000000,0.000000,0.000000,-0.070000,8.000000,77.200000
1769105924.234057,0,0.000000,57.500000,0.000000,0.000000,0.000000,0.000000,0.000000,-0.050000,8.000000,77.220000
1769105924.249220,0,0.000000,57.500000,0.000000,-0.030000,0.000000,0.000000,0.000000,-0.070000,8.000000,77.230000
1769105924.263871,0,0.000000,57.430000,0.000000,0.030000,0.000000,0.000000,0.000000,-0.050000,8.000000,77.250000
1769105924.292796,0,0.000000,57.430000,0.000000,0.020000,0.000000,0.000000,0.000000,-0.070000,8.000000,77.260000
1769105924.294797,0,0.000000,57.500000,0.000000,0.010000,0.000000,0.000000,0.000000,-0.050000,8.000000,77.270000
1769105924.309352,0,0.000000,57.470000,0.000000,0.000000,0.000000,0.000000,0.000000,-0.050000,8.000000,77.300000
1769105924.324389,0,0.000000,57.500000,0.000000,0.070000,0.000000,0.000000,0.000000,-0.050000,8.000000,77.310000
1769105924.346568,0,0.000000,57.500000,0.000000,0.010000,0.000000,0.000000,0.000000,-0.050000,8.000000,77.330000
1769105924.353228,0,0.000000,57.520000,0.000000,0.000000,0.000000,0.000000,0.000000,-0.050000,8.000000,77.340000
1769105924.391139,0,0.000000,57.450000,0.000000,0.030000,0.000000,0.000000,0.000000,-0.050000,8.000000,77.360000
1769105924.392651,0,0.000000,57.410000,0.000000,0.000000,0.000000,0.000000,0.000000,-0.050000,8.000000,77.370000
1769105924.398203,0,0.000000,57.430000,0.000000,0.000000,0.000000,0.000000,0.000000,-0.050000,8.000000,77.380000
1769105924.421892,0,0.000000,57.430000,0.000000,-0.020000,0.000000,0.000000,0.000000,-0.050000,8.000000,77.410000
1769105924.436394,0,0.000000,57.410000,0.000000,0.000000,0.000000,0.000000,0.000000,-0.050000,8.000000,77.410000
1769105924.444042,0,0.000000,57.450000,0.000000,0.020000,0.000000,0.000000,0.000000,-0.050000,8.000000,77.440000
1769105924.481504,0,0.000000,57.520000,0.000000,0.000000,0.000000,0.000000,0.000000,-0.050000,8.000000,77.440000
1769105924.483153,0,0.000000,57.500000,0.000000,0.000000,0.000000,0.000000,0.000000,-0.050000,8.000000,77.470000
1769105924.484474,0,0.000000,57.470000,0.000000,-0.070000,0.000000,0.000000,0.000000,-0.050000,8.000000,77.480000
1769105924.504392,0,0.000000,57.470000,0.000000,0.000000,0.000000,0.000000,0.000000,-0.050000,8.000000,77.500000
1769105924.526035,0,0.000000,57.450000,0.000000,0.010000,0.000000,0.000000,0.000000,-0.050000,8.000000,77.510000
1769105924.533882,0,0.000000,57.380000,0.000000,0.000000,0.000000,0.000000,0.000000,-0.050000,8.000000,77.520000
1769105924.556915,0,0.000000,57.470000,0.000000,-0.010000,0.000000,0.000000,0.000000,-0.050000,8.000000,77.540000
1769105924.563989,0,0.000000,57.500000,0.000000,0.000000,0.000000,0.000000,0.000000,-0.050000,8.000000,77.550000
1769105924.579045,0,0.000000,57.470000,0.000000,0.000000,0.000000,0.000000,0.000000,-0.050000,8.000000,77.560000
1769105924.593957,0,0.000000,57.500000,0.000000,0.010000,0.000000,0.000000,0.000000,-0.050000,8.000000,77.580000
1769105924.623589,0,0.000000,57.520000,0.000000,0.000000,0.000000,0.000000,0.000000,-0.050000,8.000000,77.590000
1769105924.638596,0,0.000000,57.380000,0.000000,0.000000,0.000000,0.000000,0.000000,-0.050000,8.000000,77.620000
1769105924.653985,0,0.000000,57.500000,0.000000,0.020000,0.000000,0.000000,0.000000,-0.050000,8.000000,77.630000
1769105924.655987,0,0.000000,57.500000,0.000000,0.050000,0.000000,0.000000,0.000000,-0.050000,8.000000,77.650000
1769105924.690387,0,0.000000,57.380000,0.000000,-0.030000,0.000000,0.000000,0.000000,-0.050000,8.000000,77.660000
1769105924.692382,0,0.000000,57.450000,0.000000,0.010000,0.000000,0.000000,0.000000,-0.050000,8.000000,77.680000
1769105924.706827,0,0.000000,57.450000,0.000000,0.000000,0.000000,0.000000,0.000000,-0.050000,8.000000,77.690000
1769105924.728489,0,0.000000,57.470000,0.000000,0.020000,0.000000,0.000000,0.000000,-0.050000,8.000000,77.700000
1769105924.729527,0,0.000000,57.450000,0.000000,-0.020000,0.000000,0.000000,0.000000,-0.050000,8.000000,77.720000
1769105924.759260,0,0.000000,57.500000,0.000000,-0.020000,0.000000,0.000000,0.000000,-0.050000,8.000000,77.730000
1769105924.773247,0,0.000000,57.520000,0.000000,0.010000,0.000000,0.000000,0.000000,-0.050000,8.000000,77.750000
1769105924.781767,0,0.000000,57.540000,0.000000,0.000000,0.000000,0.000000,0.000000,-0.050000,8.000000,77.760000
1769105924.789035,0,0.000000,57.450000,0.000000,0.010000,0.000000,0.000000,0.000000,-0.050000,8.000000,77.790000
1769105924.819222,0,0.000000,57.560000,0.000000,0.000000,0.000000,0.000000,0.000000,-0.050000,8.000000,77.800000
1769105924.819995,0,0.000000,57.450000,0.000000,0.050000,0.000000,0.000000,0.000000,-0.050000,8.000000,77.810000
1769105924.849201,0,0.000000,57.430000,0.000000,-0.030000,0.000000,0.000000,0.000000,-0.050000,8.000000,77.830000
1769105924.856019,0,0.000000,57.470000,0.000000,0.010000,0.000000,0.000000,0.000000,-0.050000,8.000000,77.840000
1769105924.879466,0,0.000000,57.500000,0.000000,0.010000,0.000000,0.000000,0.000000,-0.050000,8.000000,77.860000
1769105924.893984,0,0.000000,57.520000,0.000000,-0.010000,0.000000,0.000000,0.000000,-0.050000,8.000000,77.870000
1769105924.909456,0,0.000000,57.450000,0.000000,-0.020000,0.000000,0.000000,0.000000,-0.050000,8.000000,77.880000
1769105924.939659,0,0.000000,57.610000,0.000000,-0.090000,0.000000,0.000000,0.000000,-0.050000,8.000000,77.910000
1769105924.940476,0,0.000000,57.430000,0.000000,0.010000,0.000000,0.000000,0.000000,-0.050000,8.000000,77.910000
1769105924.946264,0,0.000000,57.430000,0.000000,-0.090000,0.000000,0.000000,0.000000,-0.050000,8.000000,77.940000
1769105924.961403,0,0.000000,57.610000,0.000000,-0.070000,0.000000,0.000000,0.000000,-0.050000,8.000000,77.940000
1769105924.991822,0,0.000000,57.590000,0.000000,-0.030000,0.000000,0.000000,0.000000,-0.050000,8.000000,77.970000
1769105924.993332,0,0.000000,57.540000,0.000000,-0.050000,0.000000,0.000000,0.000000,-0.050000,8.000000,77.980000
1769105925.036153,0,0.000000,57.610000,0.000000,0.000000,0.000000,0.000000,0.000000,-0.050000,8.000000,78.000000
1769105925.039010,0,0.000000,57.590000,0.000000,0.020000,0.000000,0.000000,0.000000,-0.050000,8.000000,78.010000
1769105925.039768,0,0.000000,57.520000,0.000000,0.100000,0.000000,0.000000,0.000000,-0.050000,8.000000,78.020000
1769105925.065077,0,0.000000,57.610000,0.000000,-0.070000,0.000000,0.000000,0.000000,-0.050000,8.000000,78.040000
1769105925.073620,0,0.000000,57.560000,0.000000,0.000000,0.000000,0.000000,0.000000,-0.050000,8.000000,78.050000
1769105925.081049,0,0.000000,57.610000,0.000000,-0.070000,0.000000,0.000000,0.000000,-0.050000,8.000000,78.060000
1769105925.096403,0,0.000000,57.680000,0.000000,0.000000,0.000000,0.000000,0.000000,-0.050000,8.000000,78.080000
1769105925.127015,0,0.000000,57.540000,0.000000,0.000000,0.000000,0.000000,0.000000,-0.050000,8.000000,78.090000
1769105925.128015,0,0.000000,57.660000,0.000000,0.000000,0.000000,0.000000,0.000000,-0.050000,8.000000,78.120000
1769105925.141394,0,0.000000,57.540000,0.000000,0.000000,0.000000,0.000000,0.000000,-0.050000,8.000000,78.120000
1769105925.165312,0,0.000000,57.540000,0.000000,0.000000,0.000000,0.000000,0.000000,-0.050000,8.000000,78.150000
1769105925.171405,0,0.000000,57.540000,0.000000,-0.140000,0.000000,0.000000,0.000000,-0.050000,8.000000,78.160000
1769105925.202224,0,0.000000,57.560000,0.000000,0.020000,0.000000,0.000000,0.000000,-0.050000,8.000000,78.180000
1769105925.209182,0,0.000000,57.560000,0.000000,0.000000,0.000000,0.000000,0.000000,-0.050000,8.000000,78.190000
1769105925.239269,0,0.000000,57.650000,0.000000,-0.020000,0.000000,0.000000,0.000000,-0.050000,8.000000,78.200000
1769105925.253567,0,0.000000,57.650000,0.000000,0.000000,0.000000,0.000000,0.000000,-0.050000,8.000000,78.230000
1769105925.255270,0,0.000000,57.560000,0.000000,-0.030000,0.000000,0.000000,0.000000,-0.050000,8.000000,78.230000
1769105925.269247,0,0.000000,57.560000,0.000000,0.000000,0.000000,0.000000,0.000000,-0.050000,8.000000,78.260000
1769105925.284041,0,0.000000,57.560000,0.000000,0.000000,0.000000,0.000000,0.000000,-0.050000,8.000000,78.260000
1769105925.299613,0,0.000000,57.590000,0.000000,-0.050000,0.000000,0.000000,0.000000,-0.050000,8.000000,78.290000
1769105925.306006,0,0.000000,57.540000,0.000000,0.090000,0.000000,0.000000,0.000000,-0.050000,8.000000,78.300000
1769105925.321738,0,0.000000,57.540000,0.000000,0.000000,0.000000,0.000000,0.000000,-0.050000,8.000000,78.310000
1769105925.357991,0,0.000000,57.540000,0.000000,0.020000,0.000000,0.000000,0.000000,-0.050000,8.000000,78.330000
1769105925.360345,0,0.000000,57.590000,0.000000,-0.030000,0.000000,0.000000,0.000000,-0.050000,8.000000,78.340000
1769105925.365899,0,0.000000,57.560000,0.000000,-0.050000,0.000000,0.000000,0.000000,-0.050000,8.000000,78.360000
1769105925.389290,0,0.000000,57.610000,0.000000,0.000000,0.000000,0.000000,0.000000,-0.050000,8.000000,78.370000
1769105925.407459,0,0.000000,57.590000,0.000000,-0.030000,0.000000,0.000000,0.000000,-0.050000,8.000000,78.380000
1769105925.426585,0,0.000000,57.540000,0.000000,-0.070000,0.000000,0.000000,0.000000,-0.050000,8.000000,78.410000
1769105925.448723,0,0.000000,57.610000,0.000000,0.000000,0.000000,0.000000,0.000000,-0.050000,8.000000,78.410000
1769105925.450233,0,0.000000,57.560000,0.000000,0.010000,0.000000,0.000000,0.000000,-0.050000,8.000000,78.440000
1769105925.464170,0,0.000000,57.590000,0.000000,0.050000,0.000000,0.000000,0.000000,-0.050000,8.000000,78.440000
1769105925.479376,0,0.000000,57.560000,0.000000,0.000000,0.000000,0.000000,0.000000,-0.050000,8.000000,78.470000
1769105925.493649,0,0.000000,57.540000,0.000000,0.070000,0.000000,0.000000,0.000000,-0.050000,8.000000,78.480000
1769105925.516416,0,0.000000,57.540000,0.000000,0.050000,0.000000,0.000000,0.000000,-0.050000,8.000000,78.500000
1769105925.518163,0,0.000000,57.470000,0.000000,0.020000,0.000000,0.000000,0.000000,-0.050000,8.000000,78.510000
1769105925.538607,0,0.000000,57.560000,0.000000,0.000000,0.000000,0.000000,0.000000,-0.050000,8.000000,78.520000
1769105925.554586,0,0.000000,57.450000,0.000000,0.000000,0.000000,0.000000,0.000000,-0.050000,8.000000,78.540000
1769105925.561471,0,0.000000,57.560000,0.000000,0.000000,0.000000,0.000000,0.000000,-0.050000,8.000000,78.550000
1769105925.591175,0,0.000000,57.470000,0.000000,0.020000,0.000000,0.000000,0.000000,-0.050000,8.000000,78.560000
1769105925.613945,0,0.000000,57.430000,0.000000,0.010000,0.000000,0.000000,0.000000,-0.050000,8.000000,78.580000
1769105925.616167,0,0.000000,57.540000,0.000000,0.010000,0.000000,0.000000,0.000000,-0.050000,8.000000,78.590000
1769105925.635988,0,0.000000,57.470000,0.000000,0.000000,0.000000,0.000000,0.000000,-0.050000,8.000000,78.620000
1769105925.651631,0,0.000000,57.500000,0.000000,0.020000,0.000000,0.000000,0.000000,-0.050000,8.000000,78.630000
1769105925.666583,0,0.000000,57.470000,0.000000,0.000000,0.000000,0.000000,0.000000,-0.050000,8.000000,78.650000
1769105925.668127,0,0.000000,57.430000,0.000000,-0.110000,0.000000,0.000000,0.000000,-0.050000,8.000000,78.660000
1769105925.696037,0,0.000000,57.540000,0.000000,0.000000,0.000000,0.000000,0.000000,-0.050000,8.000000,78.680000
1769105925.710910,0,0.000000,57.500000,0.000000,0.000000,0.000000,0.000000,0.000000,-0.050000,8.000000,78.690000
1769105925.713470,0,0.000000,57.590000,0.000000,0.020000,0.000000,0.000000,0.000000,-0.050000,8.000000,78.700000
1769105925.734133,0,0.000000,57.500000,0.000000,0.020000,0.000000,0.000000,0.000000,-0.050000,8.000000,78.720000
1769105925.749193,0,0.000000,57.500000,0.000000,0.030000,0.000000,0.000000,0.000000,-0.050000,8.000000,78.730000
1769105925.786692,0,0.000000,57.450000,0.000000,0.010000,0.000000,0.000000,0.000000,-0.050000,8.000000,78.750000
1769105925.793007,0,0.000000,57.360000,0.000000,0.030000,0.000000,0.000000,0.000000,-0.050000,8.000000,78.760000
1769105925.795005,0,0.000000,57.450000,0.000000,0.010000,0.000000,0.000000,0.000000,-0.050000,8.000000,78.790000
1769105925.809376,0,0.000000,57.500000,0.000000,0.000000,0.000000,0.000000,0.000000,-0.050000,8.000000,78.800000
1769105925.853740,0,0.000000,57.430000,0.000000,0.000000,0.000000,0.000000,0.000000,-0.050000,8.000000,78.810000
1769105925.855715,0,0.000000,57.450000,0.000000,0.000000,0.000000,0.000000,0.000000,-0.050000,8.000000,78.830000
1769105925.857226,0,0.000000,57.410000,0.000000,0.020000,0.000000,0.000000,0.000000,-0.050000,8.000000,78.840000
1769105925.887908,0,0.000000,57.470000,0.000000,0.000000,0.000000,0.000000,0.000000,-0.050000,8.000000,78.860000
1769105925.888338,0,0.000000,57.450000,0.000000,-0.010000,0.000000,0.000000,0.000000,-0.050000,8.000000,78.870000
1769105925.914058,0,0.000000,57.430000,0.000000,-0.010000,0.000000,0.000000,0.000000,-0.050000,8.000000,78.880000
1769105925.916145,0,0.000000,57.450000,0.000000,0.010000,0.000000,0.000000,0.000000,-0.050000,8.000000,78.910000
1769105925.929167,0,0.000000,57.470000,0.000000,0.090000,0.000000,0.000000,0.000000,-0.050000,8.000000,78.910000
1769105925.943604,0,0.000000,57.500000,0.000000,0.050000,0.000000,0.000000,0.000000,-0.050000,8.000000,78.940000
1769105925.974210,0,0.000000,57.500000,0.000000,0.010000,0.000000,0.000000,0.000000,-0.050000,8.000000,78.940000
1769105925.988284,0,0.000000,57.470000,0.000000,0.000000,0.000000,0.000000,0.000000,-0.050000,8.000000,78.970000
1769105926.003312,0,0.000000,57.360000,0.000000,0.000000,0.000000,0.000000,0.000000,-0.050000,8.000000,78.980000
1769105926.011681,0,0.000000,57.380000,0.000000,0.030000,0.000000,0.000000,0.000000,-0.050000,8.000000,79.000000
1769105926.027233,0,0.000000,57.380000,0.000000,0.050000,0.000000,0.000000,0.000000,-0.050000,8.000000,79.010000
1769105926.034347,0,0.000000,57.360000,0.000000,0.020000,0.000000,0.000000,0.000000,-0.050000,8.000000,79.020000
1769105926.063385,0,0.000000,57.410000,0.000000,0.010000,0.000000,0.000000,0.000000,-0.050000,8.000000,79.050000
1769105926.069962,0,0.000000,57.380000,0.000000,0.010000,0.000000,0.000000,0.000000,-0.050000,8.000000,79.050000
1769105926.094344,0,0.000000,57.360000,0.000000,0.000000,0.000000,0.000000,0.000000,-0.050000,8.000000,79.080000
1769105926.095345,0,0.000000,57.360000,0.000000,0.100000,0.000000,0.000000,0.000000,-0.050000,8.000000,79.080000
1769105926.139348,0,0.000000,57.360000,0.000000,0.010000,0.000000,0.000000,0.000000,-0.050000,8.000000,79.110000
1769105926.140357,0,0.000000,57.360000,0.000000,0.010000,0.000000,0.000000,0.000000,-0.050000,8.000000,79.120000
1769105926.154161,0,0.000000,57.220000,0.000000,0.000000,0.000000,0.000000,0.000000,-0.050000,8.000000,79.130000
1769105926.161071,0,0.000000,57.240000,0.000000,-0.070000,0.000000,0.000000,0.000000,-0.050000,8.000000,79.150000
1769105926.184383,0,0.000000,57.310000,0.000000,-0.010000,0.000000,0.000000,0.000000,-0.050000,8.000000,79.160000
1769105926.199056,0,0.000000,57.310000,0.000000,-0.030000,0.000000,0.000000,0.000000,-0.050000,8.000000,79.180000
1769105926.206572,0,0.000000,57.290000,0.000000,-0.020000,0.000000,0.000000,0.000000,-0.050000,8.000000,79.190000
1769105926.222017,0,0.000000,57.240000,0.000000,0.010000,0.000000,0.000000,0.000000,-0.050000,8.000000,79.200000
1769105926.236753,0,0.000000,57.250000,0.000000,-0.020000,0.000000,0.000000,0.000000,-0.050000,8.000000,79.230000
1769105926.244090,0,0.000000,57.150000,0.000000,0.010000,0.000000,0.000000,0.000000,-0.050000,8.000000,79.230000
1769105926.280419,0,0.000000,57.200000,0.000000,0.000000,0.000000,0.000000,0.000000,-0.050000,8.000000,79.260000
1769105926.282417,0,0.000000,57.250000,0.000000,-0.050000,0.000000,0.000000,0.000000,-0.030000,8.000000,79.260000
1769105926.303864,0,0.000000,57.150000,0.000000,-0.020000,0.000000,0.000000,0.000000,-0.030000,8.000000,79.290000
1769105926.318983,0,0.000000,57.130000,0.000000,0.000000,0.000000,0.000000,0.000000,-0.030000,8.000000,79.300000
1769105926.333586,0,0.000000,57.110000,0.000000,0.000000,0.000000,0.000000,0.000000,-0.030000,8.000000,79.310000
1769105926.341399,0,0.000000,57.060000,0.000000,0.010000,0.000000,0.000000,0.000000,-0.030000,8.000000,79.330000
1769105926.356134,0,0.000000,57.000000,0.000000,0.000000,0.000000,0.000000,0.000000,-0.030000,8.000000,79.340000
1769105926.386682,0,0.000000,57.090000,0.000000,0.000000,0.000000,0.000000,0.000000,-0.030000,8.000000,79.360000
1769105926.394621,0,0.000000,57.000000,0.000000,0.000000,0.000000,0.000000,0.000000,-0.030000,8.000000,79.370000
1769105926.396222,0,0.000000,57.020000,0.000000,-0.050000,0.000000,0.000000,0.000000,-0.030000,8.000000,79.380000
1769105926.415966,0,0.000000,57.040000,0.000000,0.050000,0.000000,0.000000,0.000000,-0.030000,8.000000,79.410000
1769105926.430979,0,0.000000,57.020000,0.000000,-0.010000,0.000000,0.000000,0.000000,-0.030000,8.000000,79.430000
1769105926.461683,0,0.000000,57.040000,0.000000,0.030000,0.000000,0.000000,0.000000,-0.030000,8.000000,79.440000
1769105926.468578,0,0.000000,57.040000,0.000000,-0.020000,0.000000,0.000000,0.000000,-0.030000,8.000000,79.450000
1769105926.484227,0,0.000000,57.020000,0.000000,0.050000,0.000000,0.000000,0.000000,-0.030000,8.000000,79.470000
1769105926.507061,0,0.000000,57.060000,0.000000,0.050000,0.000000,0.000000,0.000000,-0.030000,8.000000,79.480000
1769105926.508697,0,0.000000,56.910000,0.000000,0.000000,0.000000,0.000000,0.000000,-0.030000,8.000000,79.500000
1769105926.522199,0,0.000000,56.950000,0.000000,0.000000,0.000000,0.000000,0.000000,-0.030000,8.000000,79.510000
1769105926.536002,0,0.000000,56.910000,0.000000,0.100000,0.000000,0.000000,0.000000,-0.030000,8.000000,79.520000
1769105926.551382,0,0.000000,56.950000,0.000000,0.000000,0.000000,0.000000,0.000000,-0.030000,8.000000,79.550000
1769105926.581384,0,0.000000,56.900000,0.000000,0.030000,0.000000,0.000000,0.000000,-0.030000,8.000000,79.550000
1769105926.583386,0,0.000000,56.900000,0.000000,0.050000,0.000000,0.000000,0.000000,-0.030000,8.000000,79.580000
1769105926.611082,0,0.000000,56.950000,0.000000,0.030000,0.000000,0.000000,0.000000,-0.030000,8.000000,79.580000
1769105926.613083,0,0.000000,56.930000,0.000000,-0.020000,0.000000,0.000000,0.000000,-0.030000,8.000000,79.610000
1769105926.632116,0,0.000000,56.900000,0.000000,0.000000,0.000000,0.000000,0.000000,-0.030000,8.000000,79.620000
1769105926.649214,0,0.000000,56.930000,0.000000,0.010000,0.000000,0.000000,0.000000,-0.030000,8.000000,79.630000
1769105926.656349,0,0.000000,56.990000,0.000000,0.030000,0.000000,0.000000,0.000000,-0.030000,8.000000,79.650000
1769105926.671116,0,0.000000,57.000000,0.000000,0.030000,0.000000,0.000000,0.000000,-0.030000,8.000000,79.660000
1769105926.702201,0,0.000000,57.150000,0.000000,0.000000,0.000000,0.000000,0.000000,-0.030000,8.000000,79.680000
1769105926.704202,0,0.000000,57.310000,0.000000,0.000000,0.000000,0.000000,0.000000,-0.030000,8.000000,79.690000
1769105926.724164,0,0.000000,57.450000,0.000000,0.000000,0.000000,0.000000,0.000000,-0.030000,8.000000,79.700000
1769105926.739149,0,0.000000,57.610000,0.000000,0.000000,0.000000,0.000000,0.000000,-0.030000,8.000000,79.730000
1769105926.753965,0,0.000000,57.630000,0.000000,0.050000,0.000000,0.000000,0.000000,-0.030000,8.000000,79.730000
1769105926.769249,0,0.000000,57.750000,0.000000,0.020000,0.000000,0.000000,0.000000,-0.030000,8.000000,79.760000
1769105926.784254,0,0.000000,57.860000,0.000000,0.070000,0.000000,0.000000,0.000000,-0.050000,8.000000,79.760000
1769105926.790958,0,0.000000,58.000000,0.000000,0.000000,0.000000,0.000000,0.000000,-0.030000,8.000000,79.790000
1769105926.806776,0,0.000000,58.110000,0.000000,0.000000,0.000000,0.000000,0.000000,-0.030000,8.000000,79.800000
1769105926.843624,0,0.000000,58.200000,0.000000,0.000000,0.000000,0.000000,0.000000,-0.030000,8.000000,79.810000
1769105926.846177,0,0.000000,58.340000,0.000000,0.050000,0.000000,0.000000,0.000000,-0.030000,8.000000,79.830000
1769105926.866495,0,0.000000,58.380000,0.000000,0.070000,0.000000,0.000000,0.000000,-0.020000,8.000000,79.840000
1769105926.882196,0,0.000000,58.430000,0.000000,-0.020000,0.000000,0.000000,0.000000,-0.020000,8.000000,79.860000
1769105926.896228,0,0.000000,58.500000,0.000000,0.070000,0.000000,0.000000,0.000000,-0.020000,8.000000,79.870000
1769105926.903265,0,0.000000,58.470000,0.000000,-0.030000,0.000000,0.000000,0.000000,-0.020000,8.000000,79.880000
1769105926.927074,0,0.000000,58.630000,0.000000,0.000000,0.000000,0.000000,0.000000,-0.020000,8.000000,79.910000
1769105926.928073,0,0.000000,58.680000,0.000000,0.030000,0.000000,0.000000,0.000000,-0.020000,8.000000,79.910000
1769105926.948847,0,0.000000,58.610000,0.000000,0.000000,0.000000,0.000000,0.000000,-0.020000,8.000000,79.940000
1769105926.964161,0,0.000000,58.490000,0.000000,0.000000,0.000000,0.000000,0.000000,-0.020000,8.000000,79.940000
1769105926.979396,0,0.000000,58.580000,0.000000,0.000000,0.000000,0.000000,0.000000,-0.020000,8.000000,79.970000
1769105927.001503,0,0.000000,58.450000,0.000000,0.050000,0.000000,0.000000,0.000000,-0.020000,8.000000,79.980000
1769105927.008487,0,0.000000,58.290000,0.000000,0.000000,0.000000,0.000000,0.000000,-0.020000,8.000000,80.000000
1769105927.024041,0,0.000000,58.200000,0.000000,-0.050000,0.000000,0.000000,0.000000,-0.020000,8.000000,80.010000
1769105927.031036,0,0.000000,58.090000,0.000000,0.000000,0.000000,0.000000,0.000000,-0.020000,8.000000,80.020000
1769105927.061331,0,0.000000,57.950000,0.000000,0.020000,0.000000,0.000000,0.000000,-0.020000,8.000000,80.040000
1769105927.063965,0,0.000000,57.930000,0.000000,0.000000,0.000000,0.000000,0.000000,-0.020000,8.000000,80.050000
1769105927.084077,0,0.000000,57.810000,0.000000,0.020000,0.000000,0.000000,0.000000,-0.030000,8.000000,80.060000
1769105927.091566,0,0.000000,57.860000,0.000000,0.020000,0.000000,0.000000,0.000000,-0.030000,8.000000,80.080000
1769105927.107000,0,0.000000,57.880000,0.000000,0.010000,0.000000,0.000000,0.000000,-0.030000,8.000000,80.090000
1769105927.122041,0,0.000000,57.840000,0.000000,0.000000,0.000000,0.000000,0.000000,-0.030000,8.000000,80.120000
1769105927.144651,0,0.000000,57.840000,0.000000,0.000000,0.000000,0.000000,0.000000,-0.030000,8.000000,80.120000
1769105927.151162,0,0.000000,57.840000,0.000000,0.030000,0.000000,0.000000,0.000000,-0.030000,8.000000,80.150000
1769105927.188872,0,0.000000,57.720000,0.000000,0.020000,0.000000,0.000000,0.000000,-0.030000,8.000000,80.160000
1769105927.190872,0,0.000000,57.720000,0.000000,-0.020000,0.000000,0.000000,0.000000,-0.030000,8.000000,80.180000
1769105927.211838,0,0.000000,57.630000,0.000000,0.000000,0.000000,0.000000,0.000000,-0.030000,8.000000,80.190000
1769105927.212875,0,0.000000,57.650000,0.000000,0.000000,0.000000,0.000000,0.000000,-0.050000,8.000000,80.200000
1769105927.241812,0,0.000000,57.560000,0.000000,0.000000,0.000000,0.000000,0.000000,-0.050000,8.000000,80.220000
1769105927.243389,0,0.000000,57.430000,0.000000,0.000000,0.000000,0.000000,0.000000,-0.050000,8.000000,80.230000
1769105927.263839,0,0.000000,57.430000,0.000000,0.070000,0.000000,0.000000,0.000000,-0.050000,8.000000,80.250000
1769105927.278916,0,0.000000,57.290000,0.000000,0.000000,0.000000,0.000000,0.000000,-0.050000,8.000000,80.260000
1769105927.293465,0,0.000000,57.220000,0.000000,0.020000,0.000000,0.000000,0.000000,-0.050000,8.000000,80.270000
1769105927.317198,0,0.000000,57.090000,0.000000,0.020000,0.000000,0.000000,0.000000,-0.050000,8.000000,80.300000
1769105927.331668,0,0.000000,57.000000,0.000000,0.020000,0.000000,0.000000,0.000000,-0.050000,8.000000,80.310000
1769105927.338796,0,0.000000,56.790000,0.000000,0.000000,0.000000,0.000000,0.000000,-0.050000,8.000000,80.330000
1769105927.354788,0,0.000000,56.650000,0.000000,0.100000,0.000000,0.000000,0.000000,-0.050000,8.000000,80.340000
1769105927.376609,0,0.000000,56.360000,0.000000,-0.010000,0.000000,0.000000,0.000000,-0.050000,8.000000,80.360000
1769105927.383632,0,0.000000,56.150000,0.000000,0.000000,0.000000,0.000000,0.000000,-0.050000,8.000000,80.370000
1769105927.406587,0,0.000000,55.970000,0.000000,0.030000,0.000000,0.000000,0.000000,-0.050000,8.000000,80.380000
1769105927.414721,0,0.000000,55.790000,0.000000,0.000000,0.000000,0.000000,0.000000,-0.030000,8.000000,80.410000
1769105927.437089,0,0.000000,55.630000,0.000000,0.000000,0.000000,0.000000,0.000000,-0.030000,8.000000,80.410000
1769105927.444523,0,0.000000,55.450000,0.000000,0.000000,0.000000,0.000000,0.000000,-0.030000,8.000000,80.440000
1769105927.495866,0,0.000000,55.330000,0.000000,-0.050000,0.000000,0.000000,0.000000,-0.030000,8.000000,80.440000
1769105927.497705,0,0.000000,55.330000,0.000000,0.010000,0.000000,0.000000,0.000000,-0.030000,8.000000,80.470000
1769105927.499465,0,0.000000,55.180000,0.000000,0.070000,0.000000,0.000000,0.000000,-0.030000,8.000000,80.480000
1769105927.525980,0,0.000000,55.180000,0.000000,0.020000,0.000000,0.000000,0.000000,-0.030000,8.000000,80.500000
1769105927.527659,0,0.000000,55.150000,0.000000,0.020000,0.000000,0.000000,0.000000,-0.030000,8.000000,80.510000
1769105927.533292,0,0.000000,55.130000,0.000000,0.050000,0.000000,0.000000,0.000000,-0.030000,8.000000,80.520000
1769105927.556937,0,0.000000,54.970000,0.000000,-0.010000,0.000000,0.000000,0.000000,-0.030000,8.000000,80.540000
1769105927.578690,0,0.000000,55.040000,0.000000,-0.010000,0.000000,0.000000,0.000000,-0.030000,8.000000,80.550000
1769105927.586741,0,0.000000,55.000000,0.000000,0.020000,0.000000,0.000000,0.000000,-0.020000,8.000000,80.560000
1769105927.615698,0,0.000000,54.910000,0.000000,-0.020000,0.000000,0.000000,0.000000,-0.020000,8.000000,80.580000
1769105927.623340,0,0.000000,54.880000,0.000000,0.000000,0.000000,0.000000,0.000000,-0.020000,8.000000,80.590000
1769105927.625339,0,0.000000,54.910000,0.000000,0.000000,0.000000,0.000000,0.000000,-0.010000,8.000000,80.620000
1769105927.654134,0,0.000000,54.880000,0.000000,0.030000,0.000000,0.000000,0.000000,-0.010000,8.000000,80.620000
1769105927.655135,0,0.000000,55.040000,0.000000,0.020000,0.000000,0.000000,0.000000,-0.010000,8.000000,80.650000
1769105927.668649,0,0.000000,55.290000,0.000000,0.100000,0.000000,0.000000,0.000000,-0.010000,8.000000,80.660000
1769105927.684182,0,0.000000,55.660000,0.000000,0.050000,0.000000,0.000000,0.000000,-0.010000,8.000000,80.680000
1769105927.699174,0,0.000000,56.250000,0.000000,0.010000,0.000000,0.000000,0.000000,-0.020000,8.000000,80.690000
1769105927.729058,0,0.000000,57.240000,0.000000,0.110000,0.000000,0.000000,0.000000,-0.020000,8.000000,80.700000
1769105927.730905,0,0.000000,58.450000,0.000000,0.050000,0.000000,0.000000,0.000000,-0.030000,8.000000,80.730000
1769105927.781426,0,0.000000,59.560000,0.000000,0.000000,0.000000,0.000000,0.000000,-0.020000,8.000000,80.730000
1769105927.782432,0,0.000000,60.540000,0.000000,0.010000,0.000000,0.000000,0.000000,-0.020000,8.000000,80.760000
1769105927.783456,0,0.000000,61.380000,0.000000,0.100000,0.000000,0.000000,0.000000,-0.020000,8.000000,80.760000
1769105927.795945,0,0.000000,61.900000,0.000000,0.070000,0.000000,0.000000,0.000000,-0.010000,8.000000,80.790000
1769105927.804087,0,0.000000,62.290000,0.000000,0.100000,0.000000,0.000000,0.000000,0.000000,8.000000,80.800000
1769105927.827096,0,0.000000,62.560000,0.000000,0.150000,0.000000,0.000000,0.000000,0.000000,8.000000,80.810000
1769105927.841460,0,0.000000,63.000000,0.000000,0.110000,0.000000,0.000000,0.000000,0.000000,8.000000,80.830000
1769105927.849318,0,0.000000,63.250000,0.000000,0.180000,0.000000,0.000000,0.000000,0.000000,8.000000,80.840000
1769105927.871141,0,0.000000,63.360000,0.000000,0.150000,0.000000,0.000000,0.000000,0.000000,8.000000,80.860000
1769105927.886434,0,0.000000,63.340000,0.000000,0.070000,0.000000,0.000000,0.000000,0.000000,8.000000,80.870000
1769105927.900903,0,0.000000,63.270000,0.000000,0.110000,0.000000,0.000000,0.000000,0.010000,8.000000,80.880000
1769105927.923743,0,0.000000,63.250000,0.000000,0.070000,0.000000,0.000000,0.000000,0.020000,8.000000,80.910000
1769105927.931488,0,0.000000,63.240000,0.000000,0.000000,0.000000,0.000000,0.000000,0.030000,8.000000,80.910000
1769105927.961614,0,0.000000,63.270000,0.000000,0.090000,0.000000,0.000000,0.000000,0.050000,8.000000,80.940000
1769105927.968185,0,0.000000,63.380000,0.000000,0.050000,0.000000,0.000000,0.000000,0.050000,8.000000,80.940000
1769105927.976169,0,0.000000,63.290000,0.000000,0.100000,0.000000,0.000000,0.000000,0.050000,8.000000,80.970000
1769105927.991077,0,0.000000,63.400000,0.000000,0.090000,0.000000,0.000000,0.000000,0.050000,8.000000,80.980000
1769105928.029673,0,0.000000,63.380000,0.000000,0.150000,0.000000,0.000000,0.000000,0.070000,8.000000,81.000000
1769105928.030498,0,0.000000,63.290000,0.000000,0.070000,0.000000,0.000000,0.000000,0.070000,8.000000,81.010000
1769105928.043847,0,0.000000,63.240000,0.000000,0.100000,0.000000,0.000000,0.000000,0.050000,8.000000,81.020000
1769105928.058590,0,0.000000,63.020000,0.000000,0.000000,0.000000,0.000000,0.000000,0.050000,8.000000,81.040000
1769105928.073168,0,0.000000,62.930000,0.000000,0.030000,0.000000,0.000000,0.000000,0.050000,8.000000,81.050000
1769105928.081288,0,0.000000,62.720000,0.000000,0.000000,0.000000,0.000000,0.000000,0.050000,8.000000,81.060000
1769105928.096346,0,0.000000,62.490000,0.000000,0.070000,0.000000,0.000000,0.000000,0.050000,8.000000,81.080000
1769105928.126731,0,0.000000,62.360000,0.000000,0.070000,0.000000,0.000000,0.000000,0.020000,8.000000,81.110000
1769105928.133934,0,0.000000,62.290000,0.000000,0.050000,0.000000,0.000000,0.000000,0.010000,8.000000,81.120000
1769105928.141419,0,0.000000,62.250000,0.000000,0.100000,0.000000,0.000000,0.000000,0.010000,8.000000,81.130000
1769105928.171594,0,0.000000,62.380000,0.000000,0.120000,0.000000,0.000000,0.000000,0.000000,8.000000,81.150000
1769105928.179265,0,0.000000,62.360000,0.000000,0.110000,0.000000,0.000000,0.000000,0.000000,8.000000,81.160000
1769105928.186880,0,0.000000,62.490000,0.000000,0.030000,0.000000,0.000000,0.000000,0.000000,8.000000,81.180000
1769105928.200833,0,0.000000,62.410000,0.000000,0.010000,0.000000,0.000000,0.000000,0.000000,8.000000,81.190000
1769105928.216359,0,0.000000,62.360000,0.000000,0.000000,0.000000,0.000000,0.000000,0.000000,8.000000,81.200000
1769105928.239786,0,0.000000,62.380000,0.000000,0.010000,0.000000,0.000000,0.000000,0.000000,8.000000,81.230000
1769105928.261335,0,0.000000,62.250000,0.000000,0.010000,0.000000,0.000000,0.000000,0.000000,8.000000,81.230000
1769105928.276186,0,0.000000,62.310000,0.000000,0.030000,0.000000,0.000000,0.000000,-0.010000,8.000000,81.260000
1769105928.277795,0,0.000000,62.310000,0.000000,0.010000,0.000000,0.000000,0.000000,-0.010000,8.000000,81.260000
1769105928.298518,0,0.000000,62.310000,0.000000,0.020000,0.000000,0.000000,0.000000,-0.020000,8.000000,81.270000
1769105928.313528,0,0.000000,62.270000,0.000000,0.110000,0.000000,0.000000,0.000000,-0.020000,8.000000,81.300000
1769105928.329139,0,0.000000,62.340000,0.000000,0.010000,0.000000,0.000000,0.000000,-0.020000,8.000000,81.310000
1769105928.344275,0,0.000000,62.310000,0.000000,0.030000,0.000000,0.000000,0.000000,-0.030000,8.000000,81.330000
1769105928.351515,0,0.000000,62.310000,0.000000,0.030000,0.000000,0.000000,0.000000,-0.050000,8.000000,81.340000
1769105928.381904,0,0.000000,62.150000,0.000000,0.000000,0.000000,0.000000,0.000000,-0.070000,8.000000,81.360000
1769105928.383025,0,0.000000,62.180000,0.000000,0.070000,0.000000,0.000000,0.000000,-0.070000,8.000000,81.370000
1769105928.418688,0,0.000000,62.200000,0.000000,0.050000,0.000000,0.000000,0.000000,-0.090000,8.000000,81.380000
1769105928.420507,0,0.000000,62.180000,0.000000,0.070000,0.000000,0.000000,0.000000,-0.090000,8.000000,81.410000
1769105928.427160,0,0.000000,62.200000,0.000000,0.090000,0.000000,0.000000,0.000000,-0.100000,8.000000,81.410000
1769105928.442120,0,0.000000,62.250000,0.000000,0.070000,0.000000,0.000000,0.000000,-0.100000,8.000000,81.440000
1769105928.470921,0,0.000000,62.090000,0.000000,0.070000,0.000000,0.000000,0.000000,-0.100000,8.000000,81.440000
1769105928.472921,0,0.000000,62.090000,0.000000,0.010000,0.000000,0.000000,0.000000,-0.100000,8.000000,81.470000
1769105928.494398,0,0.000000,62.090000,0.000000,0.100000,0.000000,0.000000,0.000000,-0.100000,8.000000,81.480000
1769105928.501313,0,0.000000,62.200000,0.000000,0.000000,0.000000,0.000000,0.000000,-0.100000,8.000000,81.500000
1769105928.531073,0,0.000000,62.130000,0.000000,0.000000,0.000000,0.000000,0.000000,-0.100000,8.000000,81.510000
1769105928.539264,0,0.000000,62.060000,0.000000,0.000000,0.000000,0.000000,0.000000,-0.100000,8.000000,81.520000
1769105928.553726,0,0.000000,62.040000,0.000000,0.000000,0.000000,0.000000,0.000000,-0.100000,8.000000,81.540000
1769105928.560980,0,0.000000,62.000000,0.000000,0.070000,0.000000,0.000000,0.000000,-0.100000,8.000000,81.550000
1769105928.598107,0,0.000000,61.990000,0.000000,0.000000,0.000000,0.000000,0.000000,-0.100000,8.000000,81.560000
1769105928.599911,0,0.000000,62.040000,0.000000,0.050000,0.000000,0.000000,0.000000,-0.100000,8.000000,81.580000
1769105928.621292,0,0.000000,62.080000,0.000000,0.070000,0.000000,0.000000,0.000000,-0.110000,8.000000,81.590000
1769105928.623099,0,0.000000,62.060000,0.000000,0.010000,0.000000,0.000000,0.000000,-0.110000,8.000000,81.620000
1769105928.644250,0,0.000000,62.040000,0.000000,0.010000,0.000000,0.000000,0.000000,-0.110000,8.000000,81.620000
1769105928.667168,0,0.000000,62.040000,0.000000,0.070000,0.000000,0.000000,0.000000,-0.100000,8.000000,81.650000
1769105928.681149,0,0.000000,62.130000,0.000000,0.020000,0.000000,0.000000,0.000000,-0.100000,8.000000,81.660000
1769105928.682899,0,0.000000,62.060000,0.000000,0.100000,0.000000,0.000000,0.000000,-0.100000,8.000000,81.680000
1769105928.733141,0,0.000000,62.060000,0.000000,0.050000,0.000000,0.000000,0.000000,-0.100000,8.000000,81.690000
1769105928.734879,0,0.000000,62.090000,0.000000,0.050000,0.000000,0.000000,0.000000,-0.100000,8.000000,81.700000
1769105928.736655,0,0.000000,61.970000,0.000000,0.070000,0.000000,0.000000,0.000000,-0.100000,8.000000,81.730000
1769105928.749325,0,0.000000,62.090000,0.000000,0.050000,0.000000,0.000000,0.000000,-0.100000,8.000000,81.730000
1769105928.764712,0,0.000000,61.970000,0.000000,0.070000,0.000000,0.000000,0.000000,-0.100000,8.000000,81.760000
1769105928.779323,0,0.000000,61.950000,0.000000,0.050000,0.000000,0.000000,0.000000,-0.100000,8.000000,81.760000
1769105928.801683,0,0.000000,61.900000,0.000000,0.050000,0.000000,0.000000,0.000000,-0.110000,8.000000,81.790000
1769105928.809086,0,0.000000,61.950000,0.000000,0.010000,0.000000,0.000000,0.000000,-0.110000,8.000000,81.800000
1769105928.831532,0,0.000000,62.000000,0.000000,0.090000,0.000000,0.000000,0.000000,-0.110000,8.000000,81.810000
1769105928.846713,0,0.000000,61.990000,0.000000,0.070000,0.000000,0.000000,0.000000,-0.120000,8.000000,81.830000
1769105928.853141,0,0.000000,61.970000,0.000000,0.070000,0.000000,0.000000,0.000000,-0.140000,8.000000,81.840000
1769105928.877455,0,0.000000,62.040000,0.000000,0.010000,0.000000,0.000000,0.000000,-0.140000,8.000000,81.860000
1769105928.931046,0,0.000000,61.930000,0.000000,0.100000,0.000000,0.000000,0.000000,-0.140000,8.000000,81.870000
1769105928.961858,0,0.000000,61.930000,0.000000,0.070000,0.000000,0.000000,0.000000,-0.140000,8.000000,81.880000
1769105928.962857,0,0.000000,61.950000,0.000000,0.120000,0.000000,0.000000,0.000000,-0.140000,8.000000,81.910000
1769105928.992643,0,0.000000,61.930000,0.000000,0.070000,0.000000,0.000000,0.000000,-0.120000,8.000000,81.930000
1769105928.993643,0,0.000000,61.950000,0.000000,0.000000,0.000000,0.000000,0.000000,-0.110000,8.000000,81.940000
1769105929.023043,0,0.000000,62.060000,0.000000,0.050000,0.000000,0.000000,0.000000,-0.100000,8.000000,81.950000
1769105929.023547,0,0.000000,61.990000,0.000000,-0.050000,0.000000,0.000000,0.000000,-0.070000,8.000000,81.970000
1769105929.053298,0,0.000000,61.950000,0.000000,0.000000,0.000000,0.000000,0.000000,0.000000,8.000000,81.980000
1769105929.054304,0,0.000000,61.860000,0.000000,0.000000,0.000000,0.000000,0.000000,0.050000,8.000000,82.000000
1769105929.082849,0,0.000000,61.880000,0.000000,-0.050000,0.000000,0.000000,0.000000,0.100000,8.000000,82.010000
1769105929.082849,0,0.000000,61.990000,0.000000,0.000000,0.000000,0.000000,0.000000,0.180000,8.000000,82.020000
1769105929.110218,0,0.000000,61.790000,0.000000,0.000000,0.000000,0.000000,0.000000,0.270000,8.000000,82.050000
1769105929.110218,0,0.000000,61.880000,0.000000,0.070000,0.000000,0.000000,0.000000,0.370000,8.000000,82.050000
1769105929.111224,0,0.000000,61.840000,0.000000,0.020000,0.000000,0.000000,0.000000,0.490000,8.000000,82.080000
1769105929.138310,0,0.000000,61.880000,0.000000,-0.030000,0.000000,0.000000,0.000000,0.600000,8.000000,82.080000
1769105929.164887,0,0.000000,61.580000,0.000000,0.000000,0.000000,0.000000,0.000000,0.680000,8.000000,82.110000
1769105929.190057,0,0.000000,61.290000,0.000000,-0.050000,0.000000,0.000000,0.000000,0.750000,8.000000,82.120000
1769105929.191057,0,0.000000,60.950000,0.000000,0.000000,0.000000,0.000000,0.000000,0.810000,8.000000,82.130000
1769105929.192059,0,0.000000,60.720000,0.000000,-0.010000,0.000000,0.000000,0.000000,0.850000,8.000000,82.150000
1769105929.218497,0,0.000000,60.250000,0.000000,-0.090000,0.000000,0.000000,0.000000,0.880000,8.000000,82.160000
1769105929.219003,0,0.000000,59.950000,0.000000,0.000000,0.000000,0.000000,0.000000,0.920000,8.000000,82.180000
1769105929.245401,0,0.000000,59.610000,0.000000,-0.010000,0.000000,0.000000,0.000000,0.930000,8.000000,82.190000
1769105929.245401,0,0.000000,59.330000,0.000000,-0.010000,0.000000,0.000000,0.000000,0.950000,8.000000,82.200000
1769105929.270077,0,0.000000,59.150000,0.000000,0.010000,0.000000,0.000000,0.000000,0.980000,8.000000,82.230000
1769105929.296115,0,0.000000,58.910000,0.000000,-0.070000,0.000000,0.000000,0.000000,1.000000,8.000000,82.230000
1769105929.297783,0,0.000000,58.860000,0.000000,0.070000,0.000000,0.000000,0.000000,1.010000,8.000000,82.260000
1769105929.325096,0,0.000000,58.680000,0.000000,-0.020000,0.000000,0.000000,0.000000,1.020000,8.000000,82.260000
1769105929.352075,0,0.000000,58.340000,0.000000,0.000000,0.000000,0.000000,0.000000,1.030000,8.000000,82.290000
1769105929.352862,0,0.000000,58.110000,0.000000,-0.050000,0.000000,0.000000,0.000000,1.040000,8.000000,82.300000
1769105929.353868,0,0.000000,57.880000,0.000000,-0.070000,0.000000,0.000000,0.000000,1.040000,8.000000,82.310000
1769105929.382025,0,0.000000,57.790000,0.000000,0.000000,0.000000,0.000000,0.000000,1.050000,8.000000,82.330000
1769105929.383024,0,0.000000,57.810000,0.000000,-0.070000,0.000000,0.000000,0.000000,1.050000,8.000000,82.330000
1769105929.407236,0,0.000000,58.020000,0.000000,0.000000,0.000000,0.000000,0.000000,1.070000,8.000000,82.360000
1769105929.434461,0,0.000000,58.110000,0.000000,0.020000,0.000000,0.000000,0.000000,1.050000,8.000000,82.370000
1769105929.435031,0,0.000000,58.160000,0.000000,0.010000,0.000000,0.000000,0.000000,1.050000,8.000000,82.380000
1769105929.436080,0,0.000000,58.090000,0.000000,-0.020000,0.000000,0.000000,0.000000,1.050000,8.000000,82.410000
1769105929.466516,0,0.000000,57.590000,0.000000,-0.050000,0.000000,0.000000,0.000000,1.040000,8.000000,82.410000
1769105929.494870,0,0.000000,57.130000,0.000000,0.000000,0.000000,0.000000,0.000000,1.030000,8.000000,82.440000
1769105929.496624,0,0.000000,56.790000,0.000000,0.000000,0.000000,0.000000,0.000000,1.000000,8.000000,82.440000
1769105929.524495,0,0.000000,57.110000,0.000000,0.000000,0.000000,0.000000,0.000000,0.940000,8.000000,82.470000
1769105929.525254,0,0.000000,58.150000,0.000000,0.000000,0.000000,0.000000,0.000000,0.860000,8.000000,82.480000
1769105929.550907,0,0.000000,59.700000,0.000000,0.000000,0.000000,0.000000,0.000000,0.750000,8.000000,82.500000
1769105929.551912,0,0.000000,60.970000,0.000000,0.050000,0.000000,0.000000,0.000000,0.630000,8.000000,82.510000
1769105929.552620,0,0.000000,61.680000,0.000000,0.050000,0.000000,0.000000,0.000000,0.510000,8.000000,82.520000
1769105929.585581,0,0.000000,61.660000,0.000000,0.000000,0.000000,0.000000,0.000000,0.400000,8.000000,82.540000
1769105929.613073,0,0.000000,61.150000,0.000000,-0.010000,0.000000,0.000000,0.000000,0.310000,8.000000,82.550000
1769105929.613794,0,0.000000,60.450000,0.000000,0.020000,0.000000,0.000000,0.000000,0.210000,8.000000,82.560000
1769105929.639607,0,0.000000,59.810000,0.000000,0.010000,0.000000,0.000000,0.000000,0.120000,8.000000,82.580000
1769105929.666200,0,0.000000,59.360000,0.000000,0.070000,0.000000,0.000000,0.000000,0.050000,8.000000,82.590000
1769105929.667199,0,0.000000,59.090000,0.000000,0.050000,0.000000,0.000000,0.000000,-0.010000,8.000000,82.620000
1769105929.694248,0,0.000000,58.930000,0.000000,0.100000,0.000000,0.000000,0.000000,-0.070000,8.000000,82.620000
1769105929.695255,0,0.000000,58.910000,0.000000,-0.030000,0.000000,0.000000,0.000000,-0.100000,8.000000,82.650000
1769105929.724298,0,0.000000,59.180000,0.000000,0.050000,0.000000,0.000000,0.000000,-0.120000,8.000000,82.660000
1769105929.725079,0,0.000000,59.470000,0.000000,0.030000,0.000000,0.000000,0.000000,-0.150000,8.000000,82.680000
1769105929.751297,0,0.000000,59.520000,0.000000,0.100000,0.000000,0.000000,0.000000,-0.150000,8.000000,82.690000
1769105929.752090,0,0.000000,59.840000,0.000000,0.030000,0.000000,0.000000,0.000000,-0.170000,8.000000,82.700000
1769105929.753095,0,0.000000,60.020000,0.000000,0.000000,0.000000,0.000000,0.000000,-0.170000,8.000000,82.720000
1769105929.781631,0,0.000000,60.080000,0.000000,0.100000,0.000000,0.000000,0.000000,-0.170000,8.000000,82.730000
1769105929.782605,0,0.000000,60.270000,0.000000,0.070000,0.000000,0.000000,0.000000,-0.170000,8.000000,82.750000
1769105929.811783,0,0.000000,60.180000,0.000000,0.110000,0.000000,0.000000,0.000000,-0.180000,8.000000,82.760000
1769105929.840724,0,0.000000,60.160000,0.000000,0.020000,0.000000,0.000000,0.000000,-0.170000,8.000000,82.770000
1769105929.841246,0,0.000000,60.090000,0.000000,0.050000,0.000000,0.000000,0.000000,-0.170000,8.000000,82.800000
1769105929.868317,0,0.000000,60.200000,0.000000,0.030000,0.000000,0.000000,0.000000,-0.150000,8.000000,82.800000
1769105929.896017,0,0.000000,60.250000,0.000000,-0.050000,0.000000,0.000000,0.000000,0.000000,8.000000,82.830000
1769105929.896770,0,0.000000,60.560000,0.000000,-0.010000,0.000000,0.000000,0.000000,0.200000,8.000000,82.830000
1769105929.897776,0,0.000000,60.930000,0.000000,0.070000,0.000000,0.000000,0.000000,0.400000,8.000000,82.860000
1769105929.927282,0,0.000000,61.270000,0.000000,0.050000,0.000000,0.000000,0.000000,0.560000,8.000000,82.870000
1769105929.928792,0,0.000000,61.790000,0.000000,0.070000,0.000000,0.000000,0.000000,0.680000,8.000000,82.880000
1769105929.957381,0,0.000000,62.560000,0.000000,0.020000,0.000000,0.000000,0.000000,0.770000,8.000000,82.900000
1769105929.958381,0,0.000000,63.380000,0.000000,0.100000,0.000000,0.000000,0.000000,0.860000,8.000000,82.910000
1769105929.987064,0,0.000000,64.090000,0.000000,0.070000,0.000000,0.000000,0.000000,0.930000,8.000000,82.930000
1769105930.018222,0,0.000000,64.840000,0.000000,0.050000,0.000000,0.000000,0.000000,0.970000,8.000000,82.940000
1769105930.019222,0,0.000000,65.660000,0.000000,0.150000,0.000000,0.000000,0.000000,1.000000,8.000000,82.950000
1769105930.051145,0,0.000000,66.300000,0.000000,0.100000,0.000000,0.000000,0.000000,1.020000,8.000000,82.980000
1769105930.052771,0,0.000000,66.840000,0.000000,0.230000,0.000000,0.000000,0.000000,1.040000,8.000000,82.980000
1769105930.053777,0,0.000000,67.470000,0.000000,0.100000,0.000000,0.000000,0.000000,1.050000,8.000000,83.010000
1769105930.090595,0,0.000000,67.810000,0.000000,0.230000,0.000000,0.000000,0.000000,1.070000,8.000000,83.010000
1769105930.120824,0,0.000000,67.980000,0.000000,0.250000,0.000000,0.000000,0.000000,1.080000,8.000000,83.040000
1769105930.121828,0,0.000000,67.910000,0.000000,0.120000,0.000000,0.000000,0.000000,1.090000,8.000000,83.050000
1769105930.123824,0,0.000000,67.510000,0.000000,0.050000,0.000000,0.000000,0.000000,1.100000,8.000000,83.060000
1769105930.156869,0,0.000000,67.120000,0.000000,0.090000,0.000000,0.000000,0.000000,1.100000,8.000000,83.080000
1769105930.157877,0,0.000000,66.720000,0.000000,0.070000,0.000000,0.000000,0.000000,1.110000,8.000000,83.090000
1769105930.158924,0,0.000000,66.580000,0.000000,0.100000,0.000000,0.000000,0.000000,1.110000,8.000000,83.120000
1769105930.186781,0,0.000000,66.480000,0.000000,0.090000,0.000000,0.000000,0.000000,1.120000,8.000000,83.120000
1769105930.219410,0,0.000000,66.560000,0.000000,0.050000,0.000000,0.000000,0.000000,1.120000,8.000000,83.150000
1769105930.220416,0,0.000000,66.560000,0.000000,0.100000,0.000000,0.000000,0.000000,1.120000,8.000000,83.160000
1769105930.221179,0,0.000000,66.620000,0.000000,0.090000,0.000000,0.000000,0.000000,1.120000,8.000000,83.180000
1769105930.254994,0,0.000000,66.660000,0.000000,0.030000,0.000000,0.000000,0.000000,1.120000,8.000000,83.190000
1769105930.283209,0,0.000000,66.520000,0.000000,0.030000,0.000000,0.000000,0.000000,1.120000,8.000000,83.200000
1769105930.284216,0,0.000000,66.340000,0.000000,0.070000,0.000000,0.000000,0.000000,1.120000,8.000000,83.220000
1769105930.285017,0,0.000000,66.050000,0.000000,0.030000,0.000000,0.000000,0.000000,1.120000,8.000000,83.230000
1769105930.286022,0,0.000000,65.510000,0.000000,0.050000,0.000000,0.000000,0.000000,1.120000,8.000000,83.250000
1769105930.315607,0,0.000000,64.760000,0.000000,0.000000,0.000000,0.000000,0.000000,1.120000,8.000000,83.260000
1769105930.341588,0,0.000000,64.120000,0.000000,-0.010000,0.000000,0.000000,0.000000,1.120000,8.000000,83.270000
1769105930.343148,0,0.000000,63.770000,0.000000,0.000000,0.000000,0.000000,0.000000,1.110000,8.000000,83.300000
1769105930.368802,0,0.000000,63.970000,0.000000,0.020000,0.000000,0.000000,0.000000,1.100000,8.000000,83.300000
1769105930.368802,0,0.000000,64.360000,0.000000,0.000000,0.000000,0.000000,0.000000,1.070000,8.000000,83.330000
1769105930.396290,0,0.000000,64.840000,0.000000,0.110000,0.000000,0.000000,0.000000,1.010000,8.000000,83.330000
1769105930.397290,0,0.000000,65.120000,0.000000,0.120000,0.000000,0.000000,0.000000,0.930000,8.000000,83.360000
1769105930.421799,0,0.000000,65.110000,0.000000,0.100000,0.000000,0.000000,0.000000,0.850000,8.000000,83.370000
1769105930.422800,0,0.000000,64.680000,0.000000,0.070000,0.000000,0.000000,0.000000,0.730000,8.000000,83.380000
1769105930.471681,0,0.000000,63.970000,0.000000,-0.030000,0.000000,0.000000,0.000000,0.570000,8.000000,83.400000
1769105930.472682,0,0.000000,63.110000,0.000000,0.050000,0.000000,0.000000,0.000000,0.410000,8.000000,83.410000
1769105930.473680,0,0.000000,61.990000,0.000000,-0.090000,0.000000,0.000000,0.000000,0.250000,8.000000,83.430000
1769105930.474680,0,0.000000,60.900000,0.000000,-0.030000,0.000000,0.000000,0.000000,0.100000,8.000000,83.440000
1769105930.502017,0,0.000000,59.790000,0.000000,-0.070000,0.000000,0.000000,0.000000,0.000000,8.000000,83.450000
1769105930.528984,0,0.000000,58.590000,0.000000,0.000000,0.000000,0.000000,0.000000,-0.090000,8.000000,83.480000
1769105930.529984,0,0.000000,57.500000,0.000000,0.000000,0.000000,0.000000,0.000000,-0.120000,8.000000,83.480000
1769105930.555573,0,0.000000,56.340000,0.000000,-0.030000,0.000000,0.000000,0.000000,-0.150000,8.000000,83.510000
1769105930.555930,0,0.000000,55.340000,0.000000,-0.110000,0.000000,0.000000,0.000000,-0.150000,8.000000,83.510000
1769105930.586027,0,0.000000,54.290000,0.000000,-0.100000,0.000000,0.000000,0.000000,-0.170000,8.000000,83.540000
1769105930.616564,0,0.000000,53.540000,0.000000,-0.020000,0.000000,0.000000,0.000000,-0.170000,8.000000,83.550000
1769105930.617228,0,0.000000,52.900000,0.000000,0.020000,0.000000,0.000000,0.000000,-0.170000,8.000000,83.560000
1769105930.646121,0,0.000000,52.360000,0.000000,0.000000,0.000000,0.000000,0.000000,-0.170000,8.000000,83.580000
1769105930.646777,0,0.000000,51.840000,0.000000,0.090000,0.000000,0.000000,0.000000,-0.170000,8.000000,83.590000
1769105930.676406,0,0.000000,51.430000,0.000000,-0.020000,0.000000,0.000000,0.000000,-0.180000,8.000000,83.610000
1769105930.703982,0,0.000000,50.950000,0.000000,-0.050000,0.000000,0.000000,0.000000,-0.180000,8.000000,83.620000
1769105930.704988,0,0.000000,50.520000,0.000000,0.010000,0.000000,0.000000,0.000000,-0.180000,8.000000,83.630000
1769105930.705782,0,0.000000,50.090000,0.000000,0.000000,0.000000,0.000000,0.000000,-0.170000,8.000000,83.660000
1769105930.733022,0,0.000000,49.750000,0.000000,-0.010000,0.000000,0.000000,0.000000,-0.170000,8.000000,83.660000
1769105930.761567,0,0.000000,49.430000,0.000000,0.000000,0.000000,0.000000,0.000000,-0.140000,8.000000,83.690000
1769105930.762573,0,0.000000,49.150000,0.000000,0.000000,0.000000,0.000000,0.000000,-0.070000,8.000000,83.700000
1769105930.763363,0,0.000000,48.990000,0.000000,0.000000,0.000000,0.000000,0.000000,0.030000,8.000000,83.720000
1769105930.792852,0,0.000000,48.750000,0.000000,0.000000,0.000000,0.000000,0.000000,0.180000,8.000000,83.730000
1769105930.793584,0,0.000000,48.650000,0.000000,-0.070000,0.000000,0.000000,0.000000,0.310000,8.000000,83.750000
1769105930.822659,0,0.000000,48.470000,0.000000,0.000000,0.000000,0.000000,0.000000,0.440000,8.000000,83.760000
1769105930.852500,0,0.000000,48.430000,0.000000,0.000000,0.000000,0.000000,0.000000,0.560000,8.000000,83.770000
1769105930.853006,0,0.000000,47.930000,0.000000,-0.020000,0.000000,0.000000,0.000000,0.660000,8.000000,83.800000
1769105930.882350,0,0.000000,47.590000,0.000000,0.000000,0.000000,0.000000,0.000000,0.740000,8.000000,83.800000
1769105930.883025,0,0.000000,47.000000,0.000000,0.000000,0.000000,0.000000,0.000000,0.810000,8.000000,83.830000
1769105930.884033,0,0.000000,46.400000,0.000000,0.000000,0.000000,0.000000,0.000000,0.860000,8.000000,83.830000
1769105930.934042,0,0.000000,45.630000,0.000000,-0.050000,0.000000,0.000000,0.000000,0.890000,8.000000,83.840000
1769105930.935078,0,0.000000,44.810000,0.000000,-0.070000,0.000000,0.000000,0.000000,0.930000,8.000000,83.870000
1769105930.935853,0,0.000000,43.880000,0.000000,-0.020000,0.000000,0.000000,0.000000,0.950000,8.000000,83.880000
1769105930.936359,0,0.000000,42.740000,0.000000,-0.070000,0.000000,0.000000,0.000000,0.980000,8.000000,83.900000
1769105930.937364,0,0.000000,41.310000,0.000000,-0.090000,0.000000,0.000000,0.000000,1.000000,8.000000,83.910000
1769105930.985085,0,0.000000,39.910000,0.000000,-0.010000,0.000000,0.000000,0.000000,1.010000,8.000000,83.930000
1769105930.985607,0,0.000000,38.900000,0.000000,-0.050000,0.000000,0.000000,0.000000,1.020000,8.000000,83.940000
1769105930.986129,0,0.000000,38.110000,0.000000,-0.070000,0.000000,0.000000,0.000000,1.030000,8.000000,83.950000
1769105931.043760,0,0.000000,37.610000,0.000000,-0.090000,0.000000,0.000000,0.000000,1.040000,8.000000,83.980000
1769105931.044759,0,0.000000,37.270000,0.000000,-0.180000,0.000000,0.000000,0.000000,1.050000,8.000000,83.980000
1769105931.045759,0,0.000000,36.380000,0.000000,0.000000,0.000000,0.000000,0.000000,1.070000,8.000000,84.010000
1769105931.101971,0,0.000000,35.310000,0.000000,-0.100000,0.000000,0.000000,0.000000,1.070000,8.000000,84.010000
1769105931.101971,0,0.000000,34.000000,0.000000,-0.010000,0.000000,0.000000,0.000000,1.080000,8.000000,84.040000
1769105931.102971,0,0.000000,32.700000,0.000000,-0.050000,0.000000,0.000000,0.000000,1.080000,8.000000,84.050000
1769105931.103970,0,0.000000,31.350000,0.000000,-0.030000,0.000000,0.000000,0.000000,1.090000,8.000000,84.060000
1769105931.130952,0,0.000000,30.200000,0.000000,-0.100000,0.000000,0.000000,0.000000,1.090000,8.000000,84.080000
1769105931.131953,0,0.000000,29.260000,0.000000,-0.110000,0.000000,0.000000,0.000000,1.090000,8.000000,84.090000
1769105931.158751,0,0.000000,28.820000,0.000000,-0.050000,0.000000,0.000000,0.000000,1.100000,8.000000,84.110000
1769105931.159573,0,0.000000,29.290000,0.000000,-0.030000,0.000000,0.000000,0.000000,1.100000,8.000000,84.120000
1769105931.186732,0,0.000000,30.130000,0.000000,0.000000,0.000000,0.000000,0.000000,1.110000,8.000000,84.130000
1769105931.215642,0,0.000000,30.920000,0.000000,-0.020000,0.000000,0.000000,0.000000,1.110000,8.000000,84.160000
1769105931.217179,0,0.000000,31.550000,0.000000,-0.010000,0.000000,0.000000,0.000000,1.110000,8.000000,84.160000
1769105931.243992,0,0.000000,32.410000,0.000000,-0.150000,0.000000,0.000000,0.000000,1.120000,8.000000,84.190000
1769105931.244998,0,0.000000,33.330000,0.000000,-0.140000,0.000000,0.000000,0.000000,1.120000,8.000000,84.190000
1769105931.272543,0,0.000000,34.180000,0.000000,-0.100000,0.000000,0.000000,0.000000,1.120000,8.000000,84.220000
1769105931.273064,0,0.000000,34.880000,0.000000,0.000000,0.000000,0.000000,0.000000,1.120000,8.000000,84.230000
1769105931.300180,0,0.000000,35.360000,0.000000,-0.050000,0.000000,0.000000,0.000000,1.120000,8.000000,84.250000
1769105931.300966,0,0.000000,35.880000,0.000000,-0.100000,0.000000,0.000000,0.000000,1.120000,8.000000,84.260000
1769105931.330708,0,0.000000,35.930000,0.000000,-0.070000,0.000000,0.000000,0.000000,1.130000,8.000000,84.270000
1769105931.362795,0,0.000000,35.580000,0.000000,-0.090000,0.000000,0.000000,0.000000,1.130000,8.000000,84.290000
1769105931.363794,0,0.000000,35.040000,0.000000,-0.050000,0.000000,0.000000,0.000000,1.130000,8.000000,84.300000
1769105931.392751,0,0.000000,34.270000,0.000000,-0.070000,0.000000,0.000000,0.000000,1.140000,8.000000,84.310000
1769105931.393998,0,0.000000,33.380000,0.000000,-0.100000,0.000000,0.000000,0.000000,1.140000,8.000000,84.330000
1769105931.393998,0,0.000000,32.650000,0.000000,-0.020000,0.000000,0.000000,0.000000,1.140000,8.000000,84.340000
1769105931.423780,0,0.000000,32.080000,0.000000,-0.100000,0.000000,0.000000,0.000000,1.150000,8.000000,84.370000
1769105931.424543,0,0.000000,31.610000,0.000000,-0.090000,0.000000,0.000000,0.000000,1.150000,8.000000,84.370000
1769105931.452719,0,0.000000,30.950000,0.000000,-0.070000,0.000000,0.000000,0.000000,1.150000,8.000000,84.400000
1769105931.452719,0,0.000000,30.370000,0.000000,-0.090000,0.000000,0.000000,0.000000,1.150000,8.000000,84.410000
1769105931.482788,0,0.000000,29.790000,0.000000,-0.100000,0.000000,0.000000,0.000000,1.150000,8.000000,84.430000
1769105931.509755,0,0.000000,29.370000,0.000000,-0.090000,0.000000,0.000000,0.000000,1.160000,8.000000,84.440000
1769105931.510755,0,0.000000,29.150000,0.000000,-0.010000,0.000000,0.000000,0.000000,1.160000,8.000000,84.450000
1769105931.511756,0,0.000000,29.060000,0.000000,-0.050000,0.000000,0.000000,0.000000,1.160000,8.000000,84.470000
1769105931.539167,0,0.000000,29.180000,0.000000,0.000000,0.000000,0.000000,0.000000,1.160000,8.000000,84.480000
1769105931.540163,0,0.000000,29.380000,0.000000,-0.050000,0.000000,0.000000,0.000000,1.160000,8.000000,84.510000
1769105931.570310,0,0.000000,29.640000,0.000000,0.000000,0.000000,0.000000,0.000000,1.160000,8.000000,84.510000
1769105931.571817,0,0.000000,29.470000,0.000000,-0.110000,0.000000,0.000000,0.000000,1.160000,8.000000,84.520000
1769105931.599351,0,0.000000,28.950000,0.000000,-0.050000,0.000000,0.000000,0.000000,1.160000,8.000000,84.550000
1769105931.625359,0,0.000000,28.390000,0.000000,-0.050000,0.000000,0.000000,0.000000,1.140000,8.000000,84.560000
1769105931.626365,0,0.000000,29.090000,0.000000,-0.010000,0.000000,0.000000,0.000000,1.120000,8.000000,84.580000
1769105931.627174,0,0.000000,30.870000,0.000000,0.010000,0.000000,0.000000,0.000000,1.080000,8.000000,84.580000
1769105931.652949,0,0.000000,33.900000,0.000000,0.010000,0.000000,0.000000,0.000000,1.000000,8.000000,84.610000
1769105931.653448,0,0.000000,37.790000,0.000000,0.030000,0.000000,0.000000,0.000000,0.940000,8.000000,84.620000
1769105931.683653,0,0.000000,41.060000,0.000000,0.000000,0.000000,0.000000,0.000000,0.920000,8.000000,84.630000
1769105931.714750,0,0.000000,42.790000,0.000000,0.000000,0.000000,0.000000,0.000000,0.880000,8.000000,84.660000
1769105931.744038,0,0.000000,42.540000,0.000000,0.010000,0.000000,0.000000,0.000000,0.850000,8.000000,84.660000
1769105931.744741,0,0.000000,40.830000,0.000000,-0.020000,0.000000,0.000000,0.000000,0.790000,8.000000,84.690000
1769105931.745747,0,0.000000,38.090000,0.000000,0.050000,0.000000,0.000000,0.000000,0.700000,8.000000,84.690000
1769105931.774067,0,0.000000,34.630000,0.000000,-0.020000,0.000000,0.000000,0.000000,0.580000,8.000000,84.720000
1769105931.774572,0,0.000000,31.260000,0.000000,0.010000,0.000000,0.000000,0.000000,0.460000,8.000000,84.730000
1769105931.802007,0,0.000000,27.700000,0.000000,0.000000,0.000000,0.000000,0.000000,0.330000,8.000000,84.750000
1769105931.830976,0,0.000000,24.570000,0.000000,-0.020000,0.000000,0.000000,0.000000,0.180000,8.000000,84.760000
1769105931.831977,0,0.000000,22.040000,0.000000,0.000000,0.000000,0.000000,0.000000,0.050000,8.000000,84.770000
1769105931.832975,0,0.000000,20.570000,0.000000,-0.010000,0.000000,0.000000,0.000000,0.000000,8.000000,84.790000
1769105931.859993,0,0.000000,19.480000,0.000000,-0.070000,0.000000,0.000000,0.000000,-0.050000,8.000000,84.800000
1769105931.859993,0,0.000000,18.620000,0.000000,-0.070000,0.000000,0.000000,0.000000,-0.100000,8.000000,84.810000
1769105931.888129,0,0.000000,18.180000,0.000000,0.000000,0.000000,0.000000,0.000000,-0.110000,8.000000,84.830000
1769105931.889130,0,0.000000,18.180000,0.000000,0.020000,0.000000,0.000000,0.000000,-0.120000,8.000000,84.840000
1769105931.917758,0,0.000000,18.640000,0.000000,-0.020000,0.000000,0.000000,0.000000,-0.120000,8.000000,84.870000
1769105931.918758,0,0.000000,19.510000,0.000000,-0.030000,0.000000,0.000000,0.000000,-0.110000,8.000000,84.870000
1769105931.948114,0,0.000000,20.520000,0.000000,0.000000,0.000000,0.000000,0.000000,-0.100000,8.000000,84.900000
1769105931.949114,0,0.000000,21.630000,0.000000,0.050000,0.000000,0.000000,0.000000,-0.050000,8.000000,84.910000
1769105931.976959,0,0.000000,22.670000,0.000000,0.020000,0.000000,0.000000,0.000000,0.000000,8.000000,84.930000
1769105932.001996,0,0.000000,23.540000,0.000000,0.050000,0.000000,0.000000,0.000000,0.030000,8.000000,84.940000
1769105932.003002,0,0.000000,24.460000,0.000000,0.070000,0.000000,0.000000,0.000000,0.100000,8.000000,84.950000
1769105932.034218,0,0.000000,25.040000,0.000000,0.050000,0.000000,0.000000,0.000000,0.170000,8.000000,84.970000
1769105932.035260,0,0.000000,25.390000,0.000000,0.050000,0.000000,0.000000,0.000000,0.250000,8.000000,84.980000
1769105932.067939,0,0.000000,25.620000,0.000000,0.030000,0.000000,0.000000,0.000000,0.330000,8.000000,85.000000
1769105932.068944,0,0.000000,25.850000,0.000000,0.020000,0.000000,0.000000,0.000000,0.400000,8.000000,85.010000
1769105932.097626,0,0.000000,25.880000,0.000000,0.070000,0.000000,0.000000,0.000000,0.470000,8.000000,85.020000
1769105932.099315,0,0.000000,26.400000,0.000000,0.000000,0.000000,0.000000,0.000000,0.550000,8.000000,85.050000
1769105932.099315,0,0.000000,26.920000,0.000000,0.100000,0.000000,0.000000,0.000000,0.600000,8.000000,85.060000
1769105932.128338,0,0.000000,27.700000,0.000000,-0.010000,0.000000,0.000000,0.000000,0.630000,8.000000,85.080000
1769105932.129345,0,0.000000,28.530000,0.000000,-0.010000,0.000000,0.000000,0.000000,0.680000,8.000000,85.090000
1769105932.157935,0,0.000000,29.180000,0.000000,-0.010000,0.000000,0.000000,0.000000,0.720000,8.000000,85.110000
1769105932.186437,0,0.000000,29.840000,0.000000,0.070000,0.000000,0.000000,0.000000,0.750000,8.000000,85.120000
1769105932.186941,0,0.000000,30.770000,0.000000,0.030000,0.000000,0.000000,0.000000,0.760000,8.000000,85.130000
1769105932.214952,0,0.000000,31.700000,0.000000,0.050000,0.000000,0.000000,0.000000,0.790000,8.000000,85.150000
1769105932.215693,0,0.000000,32.680000,0.000000,0.090000,0.000000,0.000000,0.000000,0.800000,8.000000,85.160000
1769105932.243510,0,0.000000,33.880000,0.000000,0.000000,0.000000,0.000000,0.000000,0.810000,8.000000,85.190000
1769105932.243510,0,0.000000,35.340000,0.000000,0.030000,0.000000,0.000000,0.000000,0.820000,8.000000,85.190000
1769105932.270998,0,0.000000,37.290000,0.000000,0.030000,0.000000,0.000000,0.000000,0.830000,8.000000,85.220000
1769105932.298937,0,0.000000,39.700000,0.000000,0.030000,0.000000,0.000000,0.000000,0.830000,8.000000,85.230000
1769105932.299937,0,0.000000,42.240000,0.000000,0.000000,0.000000,0.000000,0.000000,0.850000,8.000000,85.250000
1769105932.300936,0,0.000000,45.490000,0.000000,0.000000,0.000000,0.000000,0.000000,0.860000,8.000000,85.260000
1769105932.332121,0,0.000000,49.180000,0.000000,0.030000,0.000000,0.000000,0.000000,0.870000,8.000000,85.270000
1769105932.333121,0,0.000000,53.110000,0.000000,0.050000,0.000000,0.000000,0.000000,0.870000,8.000000,85.290000
1769105932.359992,0,0.000000,57.860000,0.000000,0.010000,0.000000,0.000000,0.000000,0.880000,8.000000,85.300000
1769105932.360999,0,0.000000,62.720000,0.000000,0.120000,0.000000,0.000000,0.000000,0.910000,8.000000,85.310000
1769105932.389944,0,0.000000,66.560000,0.000000,0.230000,0.000000,0.000000,0.000000,0.920000,8.000000,85.330000
1769105932.390986,0,0.000000,69.370000,0.000000,0.280000,0.000000,0.000000,0.000000,0.930000,8.000000,85.340000
1769105932.427119,0,0.000000,70.690000,0.000000,0.380000,0.000000,0.000000,0.000000,0.940000,8.000000,85.370000
1769105932.427734,0,0.000000,71.310000,0.000000,0.340000,0.000000,0.000000,0.000000,0.970000,8.000000,85.370000
1769105932.459740,0,0.000000,71.680000,0.000000,0.370000,0.000000,0.000000,0.000000,0.990000,8.000000,85.400000
1769105932.461528,0,0.000000,71.750000,0.000000,0.340000,0.000000,0.000000,0.000000,1.010000,8.000000,85.410000
1769105932.489739,0,0.000000,71.480000,0.000000,0.250000,0.000000,0.000000,0.000000,1.020000,8.000000,85.430000
1769105932.490538,0,0.000000,71.050000,0.000000,0.270000,0.000000,0.000000,0.000000,1.030000,8.000000,85.440000
1769105932.516462,0,0.000000,70.610000,0.000000,0.210000,0.000000,0.000000,0.000000,1.040000,8.000000,85.450000
1769105932.516967,0,0.000000,70.440000,0.000000,0.200000,0.000000,0.000000,0.000000,1.070000,8.000000,85.480000
1769105932.544093,0,0.000000,70.450000,0.000000,0.200000,0.000000,0.000000,0.000000,1.070000,8.000000,85.480000
1769105932.545093,0,0.000000,70.660000,0.000000,0.310000,0.000000,0.000000,0.000000,1.080000,8.000000,85.500000
1769105932.570733,0,0.000000,70.880000,0.000000,0.250000,0.000000,0.000000,0.000000,1.090000,8.000000,85.510000
1769105932.571733,0,0.000000,70.930000,0.000000,0.200000,0.000000,0.000000,0.000000,1.100000,8.000000,85.520000
1769105932.598520,0,0.000000,71.310000,0.000000,0.250000,0.000000,0.000000,0.000000,1.100000,8.000000,85.550000
1769105932.598520,0,0.000000,71.630000,0.000000,0.280000,0.000000,0.000000,0.000000,1.110000,8.000000,85.550000
1769105932.624635,0,0.000000,71.900000,0.000000,0.310000,0.000000,0.000000,0.000000,1.110000,8.000000,85.580000
1769105932.651048,0,0.000000,72.020000,0.000000,0.230000,0.000000,0.000000,0.000000,1.110000,8.000000,85.580000
1769105932.652702,0,0.000000,72.060000,0.000000,0.280000,0.000000,0.000000,0.000000,1.110000,8.000000,85.610000
1769105932.679966,0,0.000000,72.060000,0.000000,0.360000,0.000000,0.000000,0.000000,1.110000,8.000000,85.620000
1769105932.682189,0,0.000000,72.180000,0.000000,0.310000,0.000000,0.000000,0.000000,1.090000,8.000000,85.630000
1769105932.709722,0,0.000000,72.300000,0.000000,0.340000,0.000000,0.000000,0.000000,1.050000,8.000000,85.650000
1769105932.710464,0,0.000000,72.440000,0.000000,0.330000,0.000000,0.000000,0.000000,1.000000,8.000000,85.660000
1769105932.745669,0,0.000000,72.440000,0.000000,0.270000,0.000000,0.000000,0.000000,0.920000,8.000000,85.680000
1769105932.774101,0,0.000000,72.130000,0.000000,0.280000,0.000000,0.000000,0.000000,0.830000,8.000000,85.690000
1769105932.775155,0,0.000000,71.410000,0.000000,0.200000,0.000000,0.000000,0.000000,0.750000,8.000000,85.700000
1769105932.775155,0,0.000000,70.300000,0.000000,0.110000,0.000000,0.000000,0.000000,0.680000,8.000000,85.730000
1769105932.802501,0,0.000000,68.870000,0.000000,0.150000,0.000000,0.000000,0.000000,0.620000,8.000000,85.730000
1769105932.803507,0,0.000000,67.480000,0.000000,0.010000,0.000000,0.000000,0.000000,0.540000,8.000000,85.760000
1769105932.832315,0,0.000000,66.120000,0.000000,0.020000,0.000000,0.000000,0.000000,0.430000,8.000000,85.760000
1769105932.833315,0,0.000000,64.980000,0.000000,0.070000,0.000000,0.000000,0.000000,0.340000,8.000000,85.790000
1769105932.859684,0,0.000000,63.860000,0.000000,0.050000,0.000000,0.000000,0.000000,0.230000,8.000000,85.800000
1769105932.861025,0,0.000000,63.160000,0.000000,0.010000,0.000000,0.000000,0.000000,0.170000,8.000000,85.810000
1769105932.886291,0,0.000000,62.810000,0.000000,-0.010000,0.000000,0.000000,0.000000,0.120000,8.000000,85.830000
1769105932.887291,0,0.000000,62.700000,0.000000,0.000000,0.000000,0.000000,0.000000,0.110000,8.000000,85.840000
1769105932.914349,0,0.000000,62.650000,0.000000,0.140000,0.000000,0.000000,0.000000,0.100000,8.000000,85.860000
1769105932.915355,0,0.000000,62.540000,0.000000,0.100000,0.000000,0.000000,0.000000,0.100000,8.000000,85.870000
1769105932.944312,0,0.000000,62.540000,0.000000,0.020000,0.000000,0.000000,0.000000,0.100000,8.000000,85.880000
1769105932.971290,0,0.000000,62.540000,0.000000,-0.030000,0.000000,0.000000,0.000000,0.100000,8.000000,85.910000
1769105932.971290,0,0.000000,62.680000,0.000000,0.000000,0.000000,0.000000,0.000000,0.100000,8.000000,85.910000
1769105932.999295,0,0.000000,62.680000,0.000000,0.070000,0.000000,0.000000,0.000000,0.090000,8.000000,85.940000
1769105933.000089,0,0.000000,62.470000,0.000000,0.050000,0.000000,0.000000,0.000000,0.090000,8.000000,85.940000
1769105933.025464,0,0.000000,62.560000,0.000000,0.020000,0.000000,0.000000,0.000000,0.090000,8.000000,85.970000
1769105933.025970,0,0.000000,62.470000,0.000000,0.070000,0.000000,0.000000,0.000000,0.070000,8.000000,85.980000
1769105933.052731,0,0.000000,62.410000,0.000000,0.000000,0.000000,0.000000,0.000000,0.070000,8.000000,86.000000
1769105933.079478,0,0.000000,62.360000,0.000000,0.000000,0.000000,0.000000,0.000000,0.050000,8.000000,86.010000
1769105933.080479,0,0.000000,62.340000,0.000000,-0.010000,0.000000,0.000000,0.000000,0.050000,8.000000,86.020000
1769105933.081488,0,0.000000,62.250000,0.000000,0.070000,0.000000,0.000000,0.000000,0.070000,8.000000,86.040000
1769105933.109792,0,0.000000,62.090000,0.000000,0.020000,0.000000,0.000000,0.000000,0.070000,8.000000,86.050000
1769105933.138087,0,0.000000,62.040000,0.000000,0.000000,0.000000,0.000000,0.000000,0.070000,8.000000,86.060000
1769105933.139415,0,0.000000,61.950000,0.000000,0.120000,0.000000,0.000000,0.000000,0.070000,8.000000,86.080000
1769105933.168131,0,0.000000,61.950000,0.000000,0.070000,0.000000,0.000000,0.000000,0.070000,8.000000,86.090000
1769105933.169132,0,0.000000,61.720000,0.000000,0.050000,0.000000,0.000000,0.000000,0.070000,8.000000,86.120000
1769105933.170131,0,0.000000,61.610000,0.000000,0.000000,0.000000,0.000000,0.000000,0.070000,8.000000,86.120000
1769105933.196508,0,0.000000,61.520000,0.000000,0.020000,0.000000,0.000000,0.000000,0.070000,8.000000,86.150000
1769105933.197514,0,0.000000,61.380000,0.000000,-0.150000,0.000000,0.000000,0.000000,0.070000,8.000000,86.160000
1769105933.227167,0,0.000000,61.340000,0.000000,0.020000,0.000000,0.000000,0.000000,0.050000,8.000000,86.180000
1769105933.252880,0,0.000000,61.290000,0.000000,0.000000,0.000000,0.000000,0.000000,0.030000,8.000000,86.190000
1769105933.253886,0,0.000000,61.270000,0.000000,0.010000,0.000000,0.000000,0.000000,0.000000,8.000000,86.200000
1769105933.254646,0,0.000000,61.270000,0.000000,0.010000,0.000000,0.000000,0.000000,-0.050000,8.000000,86.220000
1769105933.286085,0,0.000000,61.290000,0.000000,0.020000,0.000000,0.000000,0.000000,-0.100000,8.000000,86.230000
1769105933.311462,0,0.000000,61.340000,0.000000,0.020000,0.000000,0.000000,0.000000,-0.120000,8.000000,86.250000
1769105933.312787,0,0.000000,61.400000,0.000000,0.050000,0.000000,0.000000,0.000000,-0.150000,8.000000,86.260000
1769105933.313292,0,0.000000,61.470000,0.000000,0.010000,0.000000,0.000000,0.000000,-0.150000,8.000000,86.270000
1769105933.341279,0,0.000000,61.540000,0.000000,0.020000,0.000000,0.000000,0.000000,-0.150000,8.000000,86.300000
1769105933.366325,0,0.000000,61.430000,0.000000,-0.010000,0.000000,0.000000,0.000000,-0.140000,8.000000,86.300000
1769105933.366325,0,0.000000,61.430000,0.000000,0.050000,0.000000,0.000000,0.000000,-0.110000,8.000000,86.330000
1769105933.394707,0,0.000000,61.450000,0.000000,0.000000,0.000000,0.000000,0.000000,-0.100000,8.000000,86.330000
1769105933.421718,0,0.000000,61.400000,0.000000,0.000000,0.000000,0.000000,0.000000,-0.070000,8.000000,86.360000
1769105933.422724,0,0.000000,61.430000,0.000000,-0.030000,0.000000,0.000000,0.000000,-0.050000,8.000000,86.370000
1769105933.423722,0,0.000000,61.270000,0.000000,0.050000,0.000000,0.000000,0.000000,-0.020000,8.000000,86.380000
1769105933.456688,0,0.000000,61.380000,0.000000,0.020000,0.000000,0.000000,0.000000,-0.010000,8.000000,86.400000
1769105933.492221,0,0.000000,61.270000,0.000000,0.000000,0.000000,0.000000,0.000000,-0.010000,8.000000,86.410000
1769105933.493270,0,0.000000,61.340000,0.000000,0.010000,0.000000,0.000000,0.000000,-0.020000,8.000000,86.430000
1769105933.494323,0,0.000000,61.430000,0.000000,-0.050000,0.000000,0.000000,0.000000,-0.050000,8.000000,86.440000
1769105933.527137,0,0.000000,61.450000,0.000000,0.000000,0.000000,0.000000,0.000000,-0.050000,8.000000,86.450000
1769105933.529146,0,0.000000,61.470000,0.000000,0.030000,0.000000,0.000000,0.000000,-0.070000,8.000000,86.480000
1769105933.530143,0,0.000000,61.470000,0.000000,0.010000,0.000000,0.000000,0.000000,-0.070000,8.000000,86.480000
1769105933.563478,0,0.000000,61.430000,0.000000,-0.030000,0.000000,0.000000,0.000000,-0.090000,8.000000,86.510000
1769105933.564476,0,0.000000,61.340000,0.000000,-0.010000,0.000000,0.000000,0.000000,-0.090000,8.000000,86.510000
1769105933.600033,0,0.000000,61.330000,0.000000,0.020000,0.000000,0.000000,0.000000,-0.100000,8.000000,86.540000
1769105933.638726,0,0.000000,61.200000,0.000000,0.000000,0.000000,0.000000,0.000000,-0.100000,8.000000,86.550000
1769105933.639724,0,0.000000,61.180000,0.000000,-0.030000,0.000000,0.000000,0.000000,-0.100000,8.000000,86.560000
1769105933.641724,0,0.000000,61.090000,0.000000,0.020000,0.000000,0.000000,0.000000,-0.100000,8.000000,86.580000
1769105933.670892,0,0.000000,61.020000,0.000000,0.000000,0.000000,0.000000,0.000000,-0.100000,8.000000,86.590000
1769105933.671903,0,0.000000,60.970000,0.000000,0.030000,0.000000,0.000000,0.000000,-0.100000,8.000000,86.620000
1769105933.673405,0,0.000000,60.840000,0.000000,0.020000,0.000000,0.000000,0.000000,-0.110000,8.000000,86.620000
1769105933.706421,0,0.000000,60.880000,0.000000,0.000000,0.000000,0.000000,0.000000,-0.120000,8.000000,86.650000
1769105933.707933,0,0.000000,60.790000,0.000000,0.050000,0.000000,0.000000,0.000000,-0.120000,8.000000,86.660000
1769105933.740674,0,0.000000,60.790000,0.000000,-0.010000,0.000000,0.000000,0.000000,-0.140000,8.000000,86.680000
1769105933.741183,0,0.000000,60.830000,0.000000,0.020000,0.000000,0.000000,0.000000,-0.140000,8.000000,86.690000
1769105933.773184,0,0.000000,60.790000,0.000000,0.030000,0.000000,0.000000,0.000000,-0.140000,8.000000,86.700000
1769105933.774189,0,0.000000,60.750000,0.000000,0.000000,0.000000,0.000000,0.000000,-0.140000,8.000000,86.720000
1769105933.804327,0,0.000000,60.610000,0.000000,0.000000,0.000000,0.000000,0.000000,-0.140000,8.000000,86.730000
1769105933.805326,0,0.000000,60.490000,0.000000,0.000000,0.000000,0.000000,0.000000,-0.140000,8.000000,86.750000
1769105933.837919,0,0.000000,60.290000,0.000000,0.000000,0.000000,0.000000,0.000000,-0.140000,8.000000,86.760000
1769105933.838922,0,0.000000,60.180000,0.000000,0.030000,0.000000,0.000000,0.000000,-0.140000,8.000000,86.790000
1769105933.872416,0,0.000000,59.970000,0.000000,0.000000,0.000000,0.000000,0.000000,-0.150000,8.000000,86.800000
1769105933.873436,0,0.000000,60.020000,0.000000,-0.050000,0.000000,0.000000,0.000000,-0.150000,8.000000,86.810000
1769105933.874710,0,0.000000,59.970000,0.000000,-0.050000,0.000000,0.000000,0.000000,-0.150000,8.000000,86.830000
1769105933.905687,0,0.000000,59.810000,0.000000,-0.010000,0.000000,0.000000,0.000000,-0.150000,8.000000,86.840000
1769105933.905687,0,0.000000,59.750000,0.000000,0.000000,0.000000,0.000000,0.000000,-0.150000,8.000000,86.860000
1769105933.939430,0,0.000000,59.650000,0.000000,-0.020000,0.000000,0.000000,0.000000,-0.150000,8.000000,86.870000
1769105933.940990,0,0.000000,59.650000,0.000000,-0.010000,0.000000,0.000000,0.000000,-0.150000,8.000000,86.880000
1769105933.974548,0,0.000000,59.560000,0.000000,0.000000,0.000000,0.000000,0.000000,-0.150000,8.000000,86.910000
1769105933.975549,0,0.000000,59.450000,0.000000,0.010000,0.000000,0.000000,0.000000,-0.140000,8.000000,86.910000
1769105934.003482,0,0.000000,59.470000,0.000000,0.000000,0.000000,0.000000,0.000000,-0.140000,8.000000,86.940000
1769105934.004482,0,0.000000,59.520000,0.000000,0.050000,0.000000,0.000000,0.000000,-0.140000,8.000000,86.940000
1769105934.005483,0,0.000000,59.400000,0.000000,0.000000,0.000000,0.000000,0.000000,-0.120000,8.000000,86.970000
1769105934.038468,0,0.000000,59.360000,0.000000,0.070000,0.000000,0.000000,0.000000,-0.120000,8.000000,86.980000
1769105934.039475,0,0.000000,59.240000,0.000000,-0.020000,0.000000,0.000000,0.000000,-0.120000,8.000000,87.000000
1769105934.070289,0,0.000000,59.240000,0.000000,-0.050000,0.000000,0.000000,0.000000,-0.120000,8.000000,87.010000
1769105934.071289,0,0.000000,59.180000,0.000000,0.000000,0.000000,0.000000,0.000000,-0.120000,8.000000,87.020000
1769105934.102054,0,0.000000,59.250000,0.000000,-0.050000,0.000000,0.000000,0.000000,-0.120000,8.000000,87.040000
1769105934.103886,0,0.000000,59.240000,0.000000,0.000000,0.000000,0.000000,0.000000,-0.120000,8.000000,87.050000
1769105934.134881,0,0.000000,59.220000,0.000000,-0.010000,0.000000,0.000000,0.000000,-0.120000,8.000000,87.060000
1769105934.135880,0,0.000000,59.200000,0.000000,-0.030000,0.000000,0.000000,0.000000,-0.140000,8.000000,87.080000
1769105934.135880,0,0.000000,59.200000,0.000000,0.070000,0.000000,0.000000,0.000000,-0.140000,8.000000,87.090000
1769105934.167658,0,0.000000,59.060000,0.000000,0.000000,0.000000,0.000000,0.000000,-0.120000,8.000000,87.120000
1769105934.199274,0,0.000000,59.090000,0.000000,0.010000,0.000000,0.000000,0.000000,-0.120000,8.000000,87.120000
1769105934.200274,0,0.000000,59.110000,0.000000,0.000000,0.000000,0.000000,0.000000,-0.120000,8.000000,87.150000
1769105934.232904,0,0.000000,59.090000,0.000000,-0.110000,0.000000,0.000000,0.000000,-0.120000,8.000000,87.160000
1769105934.233646,0,0.000000,59.040000,0.000000,-0.020000,0.000000,0.000000,0.000000,-0.120000,8.000000,87.180000
1769105934.234654,0,0.000000,58.950000,0.000000,0.020000,0.000000,0.000000,0.000000,-0.120000,8.000000,87.190000
1769105934.266224,0,0.000000,58.910000,0.000000,0.000000,0.000000,0.000000,0.000000,-0.120000,8.000000,87.200000
1769105934.297072,0,0.000000,58.950000,0.000000,0.000000,0.000000,0.000000,0.000000,-0.110000,8.000000,87.220000
1769105934.298003,0,0.000000,58.950000,0.000000,0.000000,0.000000,0.000000,0.000000,-0.100000,8.000000,87.230000
1769105934.298507,0,0.000000,58.860000,0.000000,0.050000,0.000000,0.000000,0.000000,-0.100000,8.000000,87.250000
1769105934.332403,0,0.000000,58.970000,0.000000,0.030000,0.000000,0.000000,0.000000,-0.100000,8.000000,87.260000
1769105934.333409,0,0.000000,58.930000,0.000000,0.000000,0.000000,0.000000,0.000000,-0.100000,8.000000,87.270000
1769105934.334360,0,0.000000,58.880000,0.000000,0.030000,0.000000,0.000000,0.000000,-0.100000,8.000000,87.290000
1769105934.366637,0,0.000000,58.830000,0.000000,0.010000,0.000000,0.000000,0.000000,-0.100000,8.000000,87.300000
1769105934.396661,0,0.000000,58.900000,0.000000,-0.010000,0.000000,0.000000,0.000000,-0.100000,8.000000,87.310000
1769105934.397445,0,0.000000,58.860000,0.000000,0.020000,0.000000,0.000000,0.000000,-0.100000,8.000000,87.330000
1769105934.429893,0,0.000000,58.900000,0.000000,-0.010000,0.000000,0.000000,0.000000,-0.100000,8.000000,87.340000
1769105934.430898,0,0.000000,58.830000,0.000000,0.010000,0.000000,0.000000,0.000000,-0.100000,8.000000,87.370000
1769105934.458277,0,0.000000,58.950000,0.000000,0.000000,0.000000,0.000000,0.000000,-0.100000,8.000000,87.370000
1769105934.459281,0,0.000000,58.910000,0.000000,-0.050000,0.000000,0.000000,0.000000,-0.100000,8.000000,87.400000
1769105934.460060,0,0.000000,58.860000,0.000000,0.000000,0.000000,0.000000,0.000000,-0.100000,8.000000,87.410000
1769105934.461065,0,0.000000,58.900000,0.000000,-0.050000,0.000000,0.000000,0.000000,-0.100000,8.000000,87.430000
1769105934.492227,0,0.000000,58.900000,0.000000,0.050000,0.000000,0.000000,0.000000,-0.110000,8.000000,87.440000
1769105934.494038,0,0.000000,58.880000,0.000000,0.050000,0.000000,0.000000,0.000000,-0.110000,8.000000,87.450000
1769105934.524453,0,0.000000,58.860000,0.000000,0.050000,0.000000,0.000000,0.000000,-0.110000,8.000000,87.480000
1769105934.557060,0,0.000000,58.880000,0.000000,0.010000,0.000000,0.000000,0.000000,-0.110000,8.000000,87.480000
1769105934.557060,0,0.000000,58.930000,0.000000,0.000000,0.000000,0.000000,0.000000,-0.110000,8.000000,87.510000
1769105934.589855,0,0.000000,58.790000,0.000000,0.000000,0.000000,0.000000,0.000000,-0.110000,8.000000,87.510000
1769105934.590623,0,0.000000,58.750000,0.000000,-0.050000,0.000000,0.000000,0.000000,-0.110000,8.000000,87.540000
1769105934.622246,0,0.000000,58.770000,0.000000,0.050000,0.000000,0.000000,0.000000,-0.110000,8.000000,87.550000
1769105934.622967,0,0.000000,58.790000,0.000000,0.030000,0.000000,0.000000,0.000000,-0.110000,8.000000,87.560000
1769105934.623973,0,0.000000,58.910000,0.000000,-0.010000,0.000000,0.000000,0.000000,-0.110000,8.000000,87.580000
1769105934.655288,0,0.000000,58.790000,0.000000,0.000000,0.000000,0.000000,0.000000,-0.110000,8.000000,87.590000
1769105934.655907,0,0.000000,58.770000,0.000000,0.000000,0.000000,0.000000,0.000000,-0.110000,8.000000,87.610000
1769105934.686626,0,0.000000,58.790000,0.000000,0.050000,0.000000,0.000000,0.000000,-0.110000,8.000000,87.620000
1769105934.687412,0,0.000000,58.810000,0.000000,0.000000,0.000000,0.000000,0.000000,-0.110000,8.000000,87.630000
1769105934.720065,0,0.000000,58.860000,0.000000,-0.010000,0.000000,0.000000,0.000000,-0.120000,8.000000,87.660000
1769105934.720861,0,0.000000,58.720000,0.000000,0.000000,0.000000,0.000000,0.000000,-0.120000,8.000000,87.660000
1769105934.753454,0,0.000000,58.810000,0.000000,0.020000,0.000000,0.000000,0.000000,-0.120000,8.000000,87.690000
1769105934.754454,0,0.000000,58.810000,0.000000,0.020000,0.000000,0.000000,0.000000,-0.120000,8.000000,87.690000
1769105934.787651,0,0.000000,58.770000,0.000000,0.000000,0.000000,0.000000,0.000000,-0.120000,8.000000,87.720000
1769105934.787651,0,0.000000,58.680000,0.000000,0.000000,0.000000,0.000000,0.000000,-0.120000,8.000000,87.730000
1769105934.821971,0,0.000000,58.680000,0.000000,0.050000,0.000000,0.000000,0.000000,-0.120000,8.000000,87.750000
1769105934.822476,0,0.000000,58.450000,0.000000,0.000000,0.000000,0.000000,0.000000,-0.120000,8.000000,87.760000
1769105934.851281,0,0.000000,58.470000,0.000000,0.050000,0.000000,0.000000,0.000000,-0.120000,8.000000,87.770000
1769105934.852288,0,0.000000,58.380000,0.000000,0.000000,0.000000,0.000000,0.000000,-0.120000,8.000000,87.790000
1769105934.853066,0,0.000000,58.310000,0.000000,0.000000,0.000000,0.000000,0.000000,-0.120000,8.000000,87.800000
1769105934.886391,0,0.000000,58.250000,0.000000,-0.070000,0.000000,0.000000,0.000000,-0.120000,8.000000,87.810000
1769105934.923065,0,0.000000,58.250000,0.000000,-0.050000,0.000000,0.000000,0.000000,-0.120000,8.000000,87.830000
1769105934.924065,0,0.000000,58.250000,0.000000,-0.030000,0.000000,0.000000,0.000000,-0.120000,8.000000,87.840000
1769105934.925065,0,0.000000,58.250000,0.000000,-0.050000,0.000000,0.000000,0.000000,-0.120000,8.000000,87.860000
1769105934.926064,0,0.000000,58.290000,0.000000,0.000000,0.000000,0.000000,0.000000,-0.120000,8.000000,87.870000
1769105934.959261,0,0.000000,58.250000,0.000000,0.000000,0.000000,0.000000,0.000000,-0.120000,8.000000,87.900000
1769105934.960267,0,0.000000,58.220000,0.000000,0.010000,0.000000,0.000000,0.000000,-0.120000,8.000000,87.910000
1769105934.989458,0,0.000000,58.220000,0.000000,0.000000,0.000000,0.000000,0.000000,-0.120000,8.000000,87.930000
1769105934.990464,0,0.000000,58.290000,0.000000,0.000000,0.000000,0.000000,0.000000,-0.120000,8.000000,87.940000
1769105935.020437,0,0.000000,58.270000,0.000000,0.010000,0.000000,0.000000,0.000000,-0.110000,8.000000,87.950000
1769105935.020437,0,0.000000,58.200000,0.000000,0.050000,0.000000,0.000000,0.000000,-0.110000,8.000000,87.970000
1769105935.055054,0,0.000000,58.160000,0.000000,0.020000,0.000000,0.000000,0.000000,-0.110000,8.000000,87.980000
1769105935.056360,0,0.000000,58.150000,0.000000,0.000000,0.000000,0.000000,0.000000,-0.120000,8.000000,88.000000
1769105935.084033,0,0.000000,58.160000,0.000000,0.010000,0.000000,0.000000,0.000000,-0.110000,8.000000,88.010000
1769105935.085032,0,0.000000,58.200000,0.000000,0.010000,0.000000,0.000000,0.000000,-0.110000,8.000000,88.020000
1769105935.086032,0,0.000000,58.270000,0.000000,-0.070000,0.000000,0.000000,0.000000,-0.110000,8.000000,88.050000
1769105935.118662,0,0.000000,58.150000,0.000000,0.030000,0.000000,0.000000,0.000000,-0.120000,8.000000,88.050000
1769105935.119708,0,0.000000,58.160000,0.000000,0.030000,0.000000,0.000000,0.000000,-0.110000,8.000000,88.080000
1769105935.158754,0,0.000000,58.150000,0.000000,0.000000,0.000000,0.000000,0.000000,-0.110000,8.000000,88.080000
1769105935.159804,0,0.000000,58.270000,0.000000,0.050000,0.000000,0.000000,0.000000,-0.110000,8.000000,88.110000
1769105935.195275,0,0.000000,58.110000,0.000000,-0.020000,0.000000,0.000000,0.000000,-0.110000,8.000000,88.120000
1769105935.196280,0,0.000000,58.220000,0.000000,-0.020000,0.000000,0.000000,0.000000,-0.110000,8.000000,88.130000
1769105935.197073,0,0.000000,58.220000,0.000000,0.000000,0.000000,0.000000,0.000000,-0.120000,8.000000,88.150000
1769105935.235404,0,0.000000,58.250000,0.000000,-0.100000,0.000000,0.000000,0.000000,-0.120000,8.000000,88.160000
1769105935.268898,0,0.000000,58.250000,0.000000,0.000000,0.000000,0.000000,0.000000,-0.110000,8.000000,88.180000
1769105935.269904,0,0.000000,58.150000,0.000000,-0.070000,0.000000,0.000000,0.000000,-0.110000,8.000000,88.190000
1769105935.270617,0,0.000000,58.110000,0.000000,0.000000,0.000000,0.000000,0.000000,-0.120000,8.000000,88.200000
1769105935.307044,0,0.000000,58.270000,0.000000,0.050000,0.000000,0.000000,0.000000,-0.110000,8.000000,88.230000
1769105935.307044,0,0.000000,58.270000,0.000000,0.020000,0.000000,0.000000,0.000000,-0.110000,8.000000,88.230000
1769105935.308045,0,0.000000,58.290000,0.000000,-0.010000,0.000000,0.000000,0.000000,-0.110000,8.000000,88.260000
1769105935.344630,0,0.000000,58.250000,0.000000,0.000000,0.000000,0.000000,0.000000,-0.120000,8.000000,88.260000
1769105935.345636,0,0.000000,58.250000,0.000000,0.010000,0.000000,0.000000,0.000000,-0.110000,8.000000,88.290000
1769105935.346421,0,0.000000,58.160000,0.000000,0.050000,0.000000,0.000000,0.000000,-0.120000,8.000000,88.300000
1769105935.379217,0,0.000000,58.310000,0.000000,0.010000,0.000000,0.000000,0.000000,-0.110000,8.000000,88.310000
1769105935.380217,0,0.000000,58.290000,0.000000,0.030000,0.000000,0.000000,0.000000,-0.110000,8.000000,88.330000
1769105935.413253,0,0.000000,58.160000,0.000000,-0.030000,0.000000,0.000000,0.000000,-0.110000,8.000000,88.340000
1769105935.414253,0,0.000000,58.250000,0.000000,0.020000,0.000000,0.000000,0.000000,-0.110000,8.000000,88.360000
1769105935.456842,0,0.000000,58.290000,0.000000,0.000000,0.000000,0.000000,0.000000,-0.110000,8.000000,88.370000
1769105935.457844,0,0.000000,58.220000,0.000000,-0.010000,0.000000,0.000000,0.000000,-0.110000,8.000000,88.380000
1769105935.503878,0,0.000000,58.290000,0.000000,0.050000,0.000000,0.000000,0.000000,-0.110000,8.000000,88.410000
1769105935.505642,0,0.000000,58.220000,0.000000,0.000000,0.000000,0.000000,0.000000,-0.110000,8.000000,88.410000
1769105935.507008,0,0.000000,58.310000,0.000000,0.070000,0.000000,0.000000,0.000000,-0.110000,8.000000,88.440000
1769105935.508518,0,0.000000,58.270000,0.000000,0.000000,0.000000,0.000000,0.000000,-0.110000,8.000000,88.440000
1769105935.545415,0,0.000000,58.220000,0.000000,0.020000,0.000000,0.000000,0.000000,-0.110000,8.000000,88.470000
1769105935.546415,0,0.000000,58.270000,0.000000,0.000000,0.000000,0.000000,0.000000,-0.110000,8.000000,88.480000
1769105935.547415,0,0.000000,58.220000,0.000000,-0.030000,0.000000,0.000000,0.000000,-0.110000,8.000000,88.500000
1769105935.586464,0,0.000000,58.220000,0.000000,0.000000,0.000000,0.000000,0.000000,-0.110000,8.000000,88.510000
1769105935.587201,0,0.000000,58.250000,0.000000,0.000000,0.000000,0.000000,0.000000,-0.110000,8.000000,88.520000
1769105935.627864,0,0.000000,58.250000,0.000000,0.010000,0.000000,0.000000,0.000000,-0.110000,8.000000,88.540000
1769105935.627864,0,0.000000,58.270000,0.000000,0.050000,0.000000,0.000000,0.000000,-0.110000,8.000000,88.550000
1769105935.628866,0,0.000000,58.250000,0.000000,0.010000,0.000000,0.000000,0.000000,-0.110000,8.000000,88.560000
1769105935.667058,0,0.000000,58.250000,0.000000,0.000000,0.000000,0.000000,0.000000,-0.110000,8.000000,88.580000
1769105935.668064,0,0.000000,58.290000,0.000000,-0.140000,0.000000,0.000000,0.000000,-0.110000,8.000000,88.590000
1769105935.668064,0,0.000000,58.270000,0.000000,0.000000,0.000000,0.000000,0.000000,-0.110000,8.000000,88.620000
1769105935.706848,0,0.000000,58.220000,0.000000,0.030000,0.000000,0.000000,0.000000,-0.110000,8.000000,88.620000
1769105935.708641,0,0.000000,58.200000,0.000000,0.020000,0.000000,0.000000,0.000000,-0.110000,8.000000,88.650000
1769105935.750593,0,0.000000,58.290000,0.000000,0.000000,0.000000,0.000000,0.000000,-0.110000,8.000000,88.660000
1769105935.751360,0,0.000000,58.220000,0.000000,0.000000,0.000000,0.000000,0.000000,-0.110000,8.000000,88.680000
1769105935.753154,0,0.000000,58.290000,0.000000,0.010000,0.000000,0.000000,0.000000,-0.110000,8.000000,88.690000
1769105935.793053,0,0.000000,58.270000,0.000000,0.000000,0.000000,0.000000,0.000000,-0.110000,8.000000,88.700000
1769105935.794053,0,0.000000,58.250000,0.000000,-0.020000,0.000000,0.000000,0.000000,-0.110000,8.000000,88.720000
1769105935.794053,0,0.000000,58.150000,0.000000,0.000000,0.000000,0.000000,0.000000,-0.110000,8.000000,88.730000
1769105935.834750,0,0.000000,58.270000,0.000000,0.000000,0.000000,0.000000,0.000000,-0.110000,8.000000,88.750000
1769105935.836749,0,0.000000,58.180000,0.000000,0.010000,0.000000,0.000000,0.000000,-0.110000,8.000000,88.760000
1769105935.837750,0,0.000000,58.270000,0.000000,0.070000,0.000000,0.000000,0.000000,-0.110000,8.000000,88.790000
1769105935.884593,0,0.000000,58.270000,0.000000,0.000000,0.000000,0.000000,0.000000,-0.110000,8.000000,88.800000
1769105935.885597,0,0.000000,58.180000,0.000000,-0.070000,0.000000,0.000000,0.000000,-0.110000,8.000000,88.810000
1769105935.886372,0,0.000000,58.250000,0.000000,-0.020000,0.000000,0.000000,0.000000,-0.110000,8.000000,88.830000
1769105935.927410,0,0.000000,58.290000,0.000000,-0.030000,0.000000,0.000000,0.000000,-0.110000,8.000000,88.830000
1769105935.928876,0,0.000000,58.290000,0.000000,0.010000,0.000000,0.000000,0.000000,-0.110000,8.000000,88.860000
1769105935.930597,0,0.000000,58.220000,0.000000,0.000000,0.000000,0.000000,0.000000,-0.110000,8.000000,88.870000
1769105935.966020,0,0.000000,58.270000,0.000000,-0.030000,0.000000,0.000000,0.000000,-0.110000,8.000000,88.880000
1769105935.967019,0,0.000000,58.180000,0.000000,0.000000,0.000000,0.000000,0.000000,-0.110000,8.000000,88.900000
1769105935.968788,0,0.000000,58.200000,0.000000,0.000000,0.000000,0.000000,0.000000,-0.110000,8.000000,88.910000
1769105936.006412,0,0.000000,58.110000,0.000000,0.000000,0.000000,0.000000,0.000000,-0.110000,8.000000,88.930000
1769105936.007418,0,0.000000,58.270000,0.000000,-0.010000,0.000000,0.000000,0.000000,-0.110000,8.000000,88.940000
1769105936.008217,0,0.000000,58.160000,0.000000,0.010000,0.000000,0.000000,0.000000,-0.100000,8.000000,88.950000
1769105936.044066,0,0.000000,58.160000,0.000000,-0.020000,0.000000,0.000000,0.000000,-0.100000,8.000000,88.980000
1769105936.045066,0,0.000000,58.290000,0.000000,0.010000,0.000000,0.000000,0.000000,-0.100000,8.000000,88.980000
1769105936.086022,0,0.000000,58.290000,0.000000,0.010000,0.000000,0.000000,0.000000,-0.100000,8.000000,89.010000
1769105936.087022,0,0.000000,58.180000,0.000000,-0.030000,0.000000,0.000000,0.000000,-0.100000,8.000000,89.010000
1769105936.088022,0,0.000000,58.160000,0.000000,-0.010000,0.000000,0.000000,0.000000,-0.100000,8.000000,89.040000
1769105936.126292,0,0.000000,58.160000,0.000000,0.020000,0.000000,0.000000,0.000000,-0.100000,8.000000,89.050000
1769105936.127432,0,0.000000,58.290000,0.000000,0.050000,0.000000,0.000000,0.000000,-0.100000,8.000000,89.060000
1769105936.128878,0,0.000000,58.220000,0.000000,0.000000,0.000000,0.000000,0.000000,-0.100000,8.000000,89.080000
1769105936.164862,0,0.000000,58.160000,0.000000,0.070000,0.000000,0.000000,0.000000,-0.100000,8.000000,89.090000
1769105936.165863,0,0.000000,58.200000,0.000000,0.020000,0.000000,0.000000,0.000000,-0.100000,8.000000,89.110000
1769105936.201809,0,0.000000,58.200000,0.000000,0.070000,0.000000,0.000000,0.000000,-0.100000,8.000000,89.120000
1769105936.202815,0,0.000000,58.160000,0.000000,0.010000,0.000000,0.000000,0.000000,-0.100000,8.000000,89.130000
1769105936.203568,0,0.000000,58.220000,0.000000,0.020000,0.000000,0.000000,0.000000,-0.100000,8.000000,89.160000
1769105936.243309,0,0.000000,58.160000,0.000000,0.000000,0.000000,0.000000,0.000000,-0.100000,8.000000,89.160000
1769105936.243814,0,0.000000,58.160000,0.000000,0.000000,0.000000,0.000000,0.000000,-0.100000,8.000000,89.190000
1769105936.286629,0,0.000000,58.160000,0.000000,0.000000,0.000000,0.000000,0.000000,-0.100000,8.000000,89.190000
1769105936.288775,0,0.000000,58.200000,0.000000,0.030000,0.000000,0.000000,0.000000,-0.100000,8.000000,89.220000
1769105936.289634,0,0.000000,58.110000,0.000000,0.000000,0.000000,0.000000,0.000000,-0.100000,8.000000,89.230000
1769105936.337312,0,0.000000,58.200000,0.000000,0.000000,0.000000,0.000000,0.000000,-0.100000,8.000000,89.250000
1769105936.338370,0,0.000000,58.160000,0.000000,-0.050000,0.000000,0.000000,0.000000,-0.100000,8.000000,89.260000
1769105936.339955,0,0.000000,58.200000,0.000000,0.000000,0.000000,0.000000,0.000000,-0.100000,8.000000,89.270000
1769105936.384540,0,0.000000,58.110000,0.000000,0.000000,0.000000,0.000000,0.000000,-0.100000,8.000000,89.300000
1769105936.385347,0,0.000000,58.160000,0.000000,0.000000,0.000000,0.000000,0.000000,-0.100000,8.000000,89.300000
1769105936.386353,0,0.000000,58.220000,0.000000,0.000000,0.000000,0.000000,0.000000,-0.100000,8.000000,89.330000
1769105936.421130,0,0.000000,58.160000,0.000000,0.000000,0.000000,0.000000,0.000000,-0.100000,8.000000,89.330000
1769105936.422641,0,0.000000,58.080000,0.000000,0.070000,0.000000,0.000000,0.000000,-0.100000,8.000000,89.360000
1769105936.423642,0,0.000000,58.160000,0.000000,0.000000,0.000000,0.000000,0.000000,-0.110000,8.000000,89.370000
1769105936.458790,0,0.000000,58.160000,0.000000,0.000000,0.000000,0.000000,0.000000,-0.110000,8.000000,89.380000
1769105936.459578,0,0.000000,58.270000,0.000000,0.000000,0.000000,0.000000,0.000000,-0.110000,8.000000,89.400000
1769105936.460585,0,0.000000,58.290000,0.000000,0.050000,0.000000,0.000000,0.000000,-0.110000,8.000000,89.410000
1769105936.496819,0,0.000000,58.340000,0.000000,0.000000,0.000000,0.000000,0.000000,-0.110000,8.000000,89.430000
1769105936.536338,0,0.000000,58.310000,0.000000,0.180000,0.000000,0.000000,0.000000,-0.110000,8.000000,89.440000
1769105936.537342,0,0.000000,58.380000,0.000000,0.030000,0.000000,0.000000,0.000000,-0.110000,8.000000,89.450000
1769105936.538238,0,0.000000,58.430000,0.000000,0.000000,0.000000,0.000000,0.000000,-0.120000,8.000000,89.480000
1769105936.539243,0,0.000000,58.540000,0.000000,0.010000,0.000000,0.000000,0.000000,-0.120000,8.000000,89.480000
1769105936.575638,0,0.000000,58.610000,0.000000,0.020000,0.000000,0.000000,0.000000,-0.120000,8.000000,89.510000
1769105936.576673,0,0.000000,58.720000,0.000000,0.050000,0.000000,0.000000,0.000000,-0.140000,8.000000,89.520000
1769105936.611855,0,0.000000,58.750000,0.000000,0.020000,0.000000,0.000000,0.000000,-0.150000,8.000000,89.540000
1769105936.612854,0,0.000000,58.900000,0.000000,0.020000,0.000000,0.000000,0.000000,-0.150000,8.000000,89.550000
1769105936.648813,0,0.000000,59.040000,0.000000,0.020000,0.000000,0.000000,0.000000,-0.150000,8.000000,89.560000
1769105936.649571,0,0.000000,59.130000,0.000000,0.010000,0.000000,0.000000,0.000000,-0.170000,8.000000,89.580000
1769105936.650575,0,0.000000,59.310000,0.000000,0.000000,0.000000,0.000000,0.000000,-0.170000,8.000000,89.590000
1769105936.684613,0,0.000000,59.400000,0.000000,0.000000,0.000000,0.000000,0.000000,-0.170000,8.000000,89.620000
1769105936.685611,0,0.000000,59.590000,0.000000,0.010000,0.000000,0.000000,0.000000,-0.170000,8.000000,89.620000
1769105936.719559,0,0.000000,59.680000,0.000000,0.070000,0.000000,0.000000,0.000000,-0.170000,8.000000,89.650000
1769105936.720776,0,0.000000,59.900000,0.000000,0.050000,0.000000,0.000000,0.000000,-0.170000,8.000000,89.660000
1769105936.720776,0,0.000000,60.090000,0.000000,0.070000,0.000000,0.000000,0.000000,-0.170000,8.000000,89.680000
1769105936.757684,0,0.000000,60.220000,0.000000,0.070000,0.000000,0.000000,0.000000,-0.150000,8.000000,89.690000
1769105936.795589,0,0.000000,60.400000,0.000000,0.070000,0.000000,0.000000,0.000000,-0.140000,8.000000,89.700000
1769105936.796986,0,0.000000,60.500000,0.000000,0.070000,0.000000,0.000000,0.000000,-0.090000,8.000000,89.720000
1769105936.796986,0,0.000000,60.540000,0.000000,0.010000,0.000000,0.000000,0.000000,0.000000,8.000000,89.730000
1769105936.798592,0,0.000000,60.590000,0.000000,0.050000,0.000000,0.000000,0.000000,0.050000,8.000000,89.750000
1769105936.837270,0,0.000000,60.540000,0.000000,0.000000,0.000000,0.000000,0.000000,0.120000,8.000000,89.760000
1769105936.838271,0,0.000000,60.700000,0.000000,0.090000,0.000000,0.000000,0.000000,0.180000,8.000000,89.770000
1769105936.875829,0,0.000000,60.840000,0.000000,0.050000,0.000000,0.000000,0.000000,0.230000,8.000000,89.800000
1769105936.877348,0,0.000000,61.110000,0.000000,0.010000,0.000000,0.000000,0.000000,0.280000,8.000000,89.800000
1769105936.879355,0,0.000000,61.240000,0.000000,0.010000,0.000000,0.000000,0.000000,0.330000,8.000000,89.830000
1769105936.917854,0,0.000000,61.660000,0.000000,0.000000,0.000000,0.000000,0.000000,0.370000,8.000000,89.830000
1769105936.918377,0,0.000000,62.130000,0.000000,0.030000,0.000000,0.000000,0.000000,0.430000,8.000000,89.860000
1769105936.919419,0,0.000000,62.540000,0.000000,0.050000,0.000000,0.000000,0.000000,0.500000,8.000000,89.870000
1769105936.956365,0,0.000000,63.000000,0.000000,0.000000,0.000000,0.000000,0.000000,0.550000,8.000000,89.880000
1769105936.956893,0,0.000000,63.340000,0.000000,0.000000,0.000000,0.000000,0.000000,0.600000,8.000000,89.900000
1769105936.997292,0,0.000000,63.680000,0.000000,0.070000,0.000000,0.000000,0.000000,0.640000,8.000000,89.910000
1769105936.998350,0,0.000000,64.010000,0.000000,0.030000,0.000000,0.000000,0.000000,0.680000,8.000000,89.930000
1769105937.000440,0,0.000000,64.550000,0.000000,0.100000,0.000000,0.000000,0.000000,0.720000,8.000000,89.940000
1769105937.055690,0,0.000000,64.830000,0.000000,0.100000,0.000000,0.000000,0.000000,0.750000,8.000000,89.950000
1769105937.057688,0,0.000000,65.440000,0.000000,0.110000,0.000000,0.000000,0.000000,0.790000,8.000000,89.980000
1769105937.060690,0,0.000000,66.260000,0.000000,0.170000,0.000000,0.000000,0.000000,0.810000,8.000000,90.000000
1769105937.126325,0,0.000000,67.120000,0.000000,0.100000,0.000000,0.000000,0.000000,0.830000,8.000000,90.010000
1769105937.128634,0,0.000000,67.970000,0.000000,0.250000,0.000000,0.000000,0.000000,0.860000,8.000000,90.020000
1769105937.129698,0,0.000000,68.650000,0.000000,0.280000,0.000000,0.000000,0.000000,0.870000,8.000000,90.040000
1769105937.176985,0,0.000000,69.230000,0.000000,0.300000,0.000000,0.000000,0.000000,0.890000,8.000000,90.050000
1769105937.179080,0,0.000000,69.360000,0.000000,0.270000,0.000000,0.000000,0.000000,0.920000,8.000000,90.060000
1769105937.180671,0,0.000000,69.700000,0.000000,0.280000,0.000000,0.000000,0.000000,0.930000,8.000000,90.080000
1769105937.182249,0,0.000000,70.080000,0.000000,0.310000,0.000000,0.000000,0.000000,0.940000,8.000000,90.090000
1769105937.183294,0,0.000000,70.450000,0.000000,0.300000,0.000000,0.000000,0.000000,0.970000,8.000000,90.120000
1769105937.220681,0,0.000000,70.620000,0.000000,0.200000,0.000000,0.000000,0.000000,0.980000,8.000000,90.120000
1769105937.221186,0,0.000000,70.770000,0.000000,0.300000,0.000000,0.000000,0.000000,0.990000,8.000000,90.150000
1769105937.222501,0,0.000000,70.870000,0.000000,0.250000,0.000000,0.000000,0.000000,1.000000,8.000000,90.160000
1769105937.223007,0,0.000000,70.930000,0.000000,0.310000,0.000000,0.000000,0.000000,1.000000,8.000000,90.180000
1769105937.269571,0,0.000000,71.000000,0.000000,0.230000,0.000000,0.000000,0.000000,1.000000,8.000000,90.190000
1769105937.271576,0,0.000000,71.000000,0.000000,0.210000,0.000000,0.000000,0.000000,1.010000,8.000000,90.200000
1769105937.318755,0,0.000000,70.840000,0.000000,0.230000,0.000000,0.000000,0.000000,1.010000,8.000000,90.220000
1769105937.319757,0,0.000000,70.800000,0.000000,0.180000,0.000000,0.000000,0.000000,1.020000,8.000000,90.230000
1769105937.320880,0,0.000000,70.580000,0.000000,0.230000,0.000000,0.000000,0.000000,1.020000,8.000000,90.250000
1769105937.322606,0,0.000000,70.610000,0.000000,0.230000,0.000000,0.000000,0.000000,1.020000,8.000000,90.260000
1769105937.366761,0,0.000000,70.580000,0.000000,0.230000,0.000000,0.000000,0.000000,1.010000,8.000000,90.270000
1769105937.367758,0,0.000000,70.770000,0.000000,0.170000,0.000000,0.000000,0.000000,0.990000,8.000000,90.300000
1769105937.367758,0,0.000000,71.230000,0.000000,0.280000,0.000000,0.000000,0.000000,0.930000,8.000000,90.300000
1769105937.410884,0,0.000000,71.310000,0.000000,0.280000,0.000000,0.000000,0.000000,0.850000,8.000000,90.330000
1769105937.411889,0,0.000000,71.150000,0.000000,0.300000,0.000000,0.000000,0.000000,0.740000,8.000000,90.330000
1769105937.412621,0,0.000000,70.660000,0.000000,0.210000,0.000000,0.000000,0.000000,0.620000,8.000000,90.360000
1769105937.455954,0,0.000000,69.690000,0.000000,0.090000,0.000000,0.000000,0.000000,0.500000,8.000000,90.370000
1769105937.456956,0,0.000000,68.720000,0.000000,0.070000,0.000000,0.000000,0.000000,0.380000,8.000000,90.380000
1769105937.457955,0,0.000000,67.510000,0.000000,0.000000,0.000000,0.000000,0.000000,0.310000,8.000000,90.400000
1769105937.499562,0,0.000000,66.400000,0.000000,0.050000,0.000000,0.000000,0.000000,0.250000,8.000000,90.410000
1769105937.501559,0,0.000000,65.110000,0.000000,-0.030000,0.000000,0.000000,0.000000,0.180000,8.000000,90.440000
1769105937.502561,0,0.000000,64.120000,0.000000,0.020000,0.000000,0.000000,0.000000,0.120000,8.000000,90.440000
1769105937.545671,0,0.000000,63.160000,0.000000,0.020000,0.000000,0.000000,0.000000,0.070000,8.000000,90.450000
1769105937.547669,0,0.000000,62.250000,0.000000,-0.050000,0.000000,0.000000,0.000000,0.000000,8.000000,90.480000
1769105937.547669,0,0.000000,61.400000,0.000000,0.000000,0.000000,0.000000,0.000000,-0.050000,8.000000,90.480000
1769105937.591613,0,0.000000,60.790000,0.000000,-0.010000,0.000000,0.000000,0.000000,-0.100000,8.000000,90.510000
1769105937.592613,0,0.000000,60.610000,0.000000,0.090000,0.000000,0.000000,0.000000,-0.120000,8.000000,90.520000
1769105937.593613,0,0.000000,60.610000,0.000000,0.000000,0.000000,0.000000,0.000000,-0.150000,8.000000,90.540000
1769105937.635051,0,0.000000,60.650000,0.000000,0.110000,0.000000,0.000000,0.000000,-0.150000,8.000000,90.550000
1769105937.636056,0,0.000000,60.590000,0.000000,0.000000,0.000000,0.000000,0.000000,-0.150000,8.000000,90.560000
1769105937.636778,0,0.000000,60.770000,0.000000,0.030000,0.000000,0.000000,0.000000,-0.150000,8.000000,90.580000
1769105937.676808,0,0.000000,60.830000,0.000000,0.050000,0.000000,0.000000,0.000000,-0.140000,8.000000,90.590000
1769105937.677896,0,0.000000,60.950000,0.000000,0.120000,0.000000,0.000000,0.000000,-0.120000,8.000000,90.620000
1769105937.679314,0,0.000000,61.110000,0.000000,0.020000,0.000000,0.000000,0.000000,-0.120000,8.000000,90.620000
1769105937.716359,0,0.000000,61.220000,0.000000,0.000000,0.000000,0.000000,0.000000,-0.120000,8.000000,90.650000
1769105937.717358,0,0.000000,61.270000,0.000000,0.000000,0.000000,0.000000,0.000000,-0.140000,8.000000,90.660000
1769105937.754149,0,0.000000,61.380000,0.000000,0.050000,0.000000,0.000000,0.000000,-0.140000,8.000000,90.680000
1769105937.755150,0,0.000000,61.520000,0.000000,0.010000,0.000000,0.000000,0.000000,-0.150000,8.000000,90.690000
1769105937.780830,0,0.000000,61.450000,0.000000,0.020000,0.000000,0.000000,0.000000,-0.150000,8.000000,90.700000
1769105937.781834,0,0.000000,61.500000,0.000000,0.030000,0.000000,0.000000,0.000000,-0.170000,8.000000,90.720000
1769105937.782590,0,0.000000,61.500000,0.000000,0.010000,0.000000,0.000000,0.000000,-0.170000,8.000000,90.730000
1769105937.783595,0,0.000000,61.630000,0.000000,0.050000,0.000000,0.000000,0.000000,-0.170000,8.000000,90.760000
1769105937.784376,0,0.000000,61.750000,0.000000,0.010000,0.000000,0.000000,0.000000,-0.170000,8.000000,90.760000
1769105937.801290,0,0.000000,61.750000,0.000000,0.030000,0.000000,0.000000,0.000000,-0.180000,8.000000,90.770000
1769105937.802952,0,0.000000,61.810000,0.000000,0.090000,0.000000,0.000000,0.000000,-0.170000,8.000000,90.800000
1769105937.823675,0,0.000000,61.900000,0.000000,0.090000,0.000000,0.000000,0.000000,-0.180000,8.000000,90.810000
1769105937.839233,0,0.000000,62.220000,0.000000,0.070000,0.000000,0.000000,0.000000,-0.180000,8.000000,90.830000
1769105937.861901,0,0.000000,62.470000,0.000000,0.020000,0.000000,0.000000,0.000000,-0.180000,8.000000,90.840000
1769105937.869299,0,0.000000,63.020000,0.000000,0.050000,0.000000,0.000000,0.000000,-0.180000,8.000000,90.860000
1769105937.883644,0,0.000000,63.470000,0.000000,0.030000,0.000000,0.000000,0.000000,-0.180000,8.000000,90.870000
1769105937.899423,0,0.000000,64.410000,0.000000,0.110000,0.000000,0.000000,0.000000,-0.170000,8.000000,90.880000
1769105937.914090,0,0.000000,65.330000,0.000000,0.120000,0.000000,0.000000,0.000000,-0.170000,8.000000,90.910000
1769105937.937078,0,0.000000,66.230000,0.000000,0.120000,0.000000,0.000000,0.000000,-0.150000,8.000000,90.910000
1769105937.944695,0,0.000000,66.950000,0.000000,0.230000,0.000000,0.000000,0.000000,-0.150000,8.000000,90.940000
1769105937.966562,0,0.000000,67.540000,0.000000,0.180000,0.000000,0.000000,0.000000,-0.140000,8.000000,90.940000
1769105937.975068,0,0.000000,67.790000,0.000000,0.230000,0.000000,0.000000,0.000000,-0.100000,8.000000,90.970000
1769105937.988610,0,0.000000,68.300000,0.000000,0.200000,0.000000,0.000000,0.000000,-0.050000,8.000000,90.980000
1769105938.003650,0,0.000000,68.410000,0.000000,0.250000,0.000000,0.000000,0.000000,0.000000,8.000000,91.000000
1769105938.027021,0,0.000000,68.610000,0.000000,0.230000,0.000000,0.000000,0.000000,0.020000,8.000000,91.010000
1769105938.033657,0,0.000000,68.610000,0.000000,0.180000,0.000000,0.000000,0.000000,0.050000,8.000000,91.020000
1769105938.048944,0,0.000000,68.680000,0.000000,0.270000,0.000000,0.000000,0.000000,0.070000,8.000000,91.040000
1769105938.071366,0,0.000000,68.720000,0.000000,0.150000,0.000000,0.000000,0.000000,0.090000,8.000000,91.050000
1769105938.078275,0,0.000000,68.610000,0.000000,0.150000,0.000000,0.000000,0.000000,0.090000,8.000000,91.060000
1769105938.101693,0,0.000000,68.550000,0.000000,0.200000,0.000000,0.000000,0.000000,0.090000,8.000000,91.080000
1769105938.108683,0,0.000000,68.610000,0.000000,0.230000,0.000000,0.000000,0.000000,0.090000,8.000000,91.090000
1769105938.123433,0,0.000000,68.580000,0.000000,0.200000,0.000000,0.000000,0.000000,0.090000,8.000000,91.120000
1769105938.138564,0,0.000000,68.610000,0.000000,0.170000,0.000000,0.000000,0.000000,0.090000,8.000000,91.120000
1769105938.162258,0,0.000000,68.580000,0.000000,0.200000,0.000000,0.000000,0.000000,0.070000,8.000000,91.150000
1769105938.168569,0,0.000000,68.720000,0.000000,0.230000,0.000000,0.000000,0.000000,0.070000,8.000000,91.160000
1769105938.183984,0,0.000000,68.680000,0.000000,0.200000,0.000000,0.000000,0.000000,0.070000,8.000000,91.180000
1769105938.213671,0,0.000000,68.650000,0.000000,0.180000,0.000000,0.000000,0.000000,0.050000,8.000000,91.190000
1769105938.214670,0,0.000000,68.830000,0.000000,0.200000,0.000000,0.000000,0.000000,0.030000,8.000000,91.200000
1769105938.236315,0,0.000000,68.770000,0.000000,0.200000,0.000000,0.000000,0.000000,0.010000,8.000000,91.220000
1769105938.251225,0,0.000000,68.650000,0.000000,0.150000,0.000000,0.000000,0.000000,0.000000,8.000000,91.230000
1769105938.266439,0,0.000000,68.610000,0.000000,0.070000,0.000000,0.000000,0.000000,0.000000,8.000000,91.250000
1769105938.273764,0,0.000000,68.300000,0.000000,0.110000,0.000000,0.000000,0.000000,0.000000,8.000000,91.260000
1769105938.296705,0,0.000000,68.090000,0.000000,0.050000,0.000000,0.000000,0.000000,-0.030000,8.000000,91.270000
1769105938.311842,0,0.000000,67.750000,0.000000,0.140000,0.000000,0.000000,0.000000,-0.070000,8.000000,91.300000
1769105938.326433,0,0.000000,67.380000,0.000000,0.090000,0.000000,0.000000,0.000000,-0.090000,8.000000,91.300000
1769105938.341343,0,0.000000,67.110000,0.000000,0.090000,0.000000,0.000000,0.000000,-0.100000,8.000000,91.330000
1769105938.348467,0,0.000000,66.840000,0.000000,0.010000,0.000000,0.000000,0.000000,-0.110000,8.000000,91.330000
1769105938.364197,0,0.000000,66.720000,0.000000,0.000000,0.000000,0.000000,0.000000,-0.120000,8.000000,91.360000
1769105938.386365,0,0.000000,66.560000,0.000000,0.010000,0.000000,0.000000,0.000000,-0.120000,8.000000,91.370000
1769105938.409608,0,0.000000,66.400000,0.000000,0.070000,0.000000,0.000000,0.000000,-0.140000,8.000000,91.380000
1769105938.410649,0,0.000000,66.190000,0.000000,0.070000,0.000000,0.000000,0.000000,-0.140000,8.000000,91.400000
1769105938.431356,0,0.000000,66.010000,0.000000,0.090000,0.000000,0.000000,0.000000,-0.150000,8.000000,91.410000
1769105938.446452,0,0.000000,65.980000,0.000000,0.070000,0.000000,0.000000,0.000000,-0.150000,8.000000,91.440000
1769105938.461657,0,0.000000,65.800000,0.000000,0.010000,0.000000,0.000000,0.000000,-0.150000,8.000000,91.440000
1769105938.477308,0,0.000000,65.830000,0.000000,0.090000,0.000000,0.000000,0.000000,-0.150000,8.000000,91.470000
1769105938.491447,0,0.000000,65.760000,0.000000,0.100000,0.000000,0.000000,0.000000,-0.150000,8.000000,91.480000
1769105938.498590,0,0.000000,65.660000,0.000000,0.000000,0.000000,0.000000,0.000000,-0.150000,8.000000,91.500000
1769105938.529822,0,0.000000,65.700000,0.000000,-0.020000,0.000000,0.000000,0.000000,-0.150000,8.000000,91.510000
1769105938.531863,0,0.000000,65.650000,0.000000,0.000000,0.000000,0.000000,0.000000,-0.170000,8.000000,91.520000
1769105938.551590,0,0.000000,65.620000,0.000000,0.020000,0.000000,0.000000,0.000000,-0.170000,8.000000,91.540000
1769105938.566167,0,0.000000,65.500000,0.000000,0.070000,0.000000,0.000000,0.000000,-0.170000,8.000000,91.550000
1769105938.589585,0,0.000000,65.470000,0.000000,0.020000,0.000000,0.000000,0.000000,-0.170000,8.000000,91.560000
1769105938.597430,0,0.000000,65.430000,0.000000,0.050000,0.000000,0.000000,0.000000,-0.170000,8.000000,91.580000
1769105938.612115,0,0.000000,65.270000,0.000000,0.050000,0.000000,0.000000,0.000000,-0.180000,8.000000,91.590000
1769105938.634873,0,0.000000,65.160000,0.000000,0.000000,0.000000,0.000000,0.000000,-0.180000,8.000000,91.620000
1769105938.636581,0,0.000000,65.150000,0.000000,0.030000,0.000000,0.000000,0.000000,-0.180000,8.000000,91.620000
1769105938.656628,0,0.000000,65.160000,0.000000,0.070000,0.000000,0.000000,0.000000,-0.180000,8.000000,91.650000
1769105938.679487,0,0.000000,65.110000,0.000000,0.000000,0.000000,0.000000,0.000000,-0.180000,8.000000,91.660000
1769105938.681110,0,0.000000,65.040000,0.000000,0.050000,0.000000,0.000000,0.000000,-0.180000,8.000000,91.680000
1769105938.708953,0,0.000000,65.040000,0.000000,0.000000,0.000000,0.000000,0.000000,-0.180000,8.000000,91.690000
1769105938.710666,0,0.000000,65.000000,0.000000,0.000000,0.000000,0.000000,0.000000,-0.180000,8.000000,91.700000
1769105938.738486,0,0.000000,64.910000,0.000000,0.000000,0.000000,0.000000,0.000000,-0.180000,8.000000,91.720000
1769105938.746416,0,0.000000,64.910000,0.000000,-0.020000,0.000000,0.000000,0.000000,-0.180000,8.000000,91.730000
1769105938.769320,0,0.000000,64.870000,0.000000,0.070000,0.000000,0.000000,0.000000,-0.180000,8.000000,91.760000
1769105938.777224,0,0.000000,64.830000,0.000000,0.030000,0.000000,0.000000,0.000000,-0.180000,8.000000,91.760000
1769105938.791821,0,0.000000,64.720000,0.000000,0.050000,0.000000,0.000000,0.000000,-0.180000,8.000000,91.790000
1769105938.814255,0,0.000000,64.730000,0.000000,0.050000,0.000000,0.000000,0.000000,-0.180000,8.000000,91.800000
1769105938.821896,0,0.000000,64.660000,0.000000,0.070000,0.000000,0.000000,0.000000,-0.180000,8.000000,91.810000
1769105938.845040,0,0.000000,64.690000,0.000000,0.000000,0.000000,0.000000,0.000000,-0.180000,8.000000,91.830000
1769105938.851369,0,0.000000,64.560000,0.000000,0.000000,0.000000,0.000000,0.000000,-0.180000,8.000000,91.830000
1769105938.866836,0,0.000000,64.560000,0.000000,0.000000,0.000000,0.000000,0.000000,-0.180000,8.000000,91.860000
1769105938.882104,0,0.000000,64.690000,0.000000,-0.050000,0.000000,0.000000,0.000000,-0.180000,8.000000,91.870000
1769105938.904107,0,0.000000,64.480000,0.000000,0.000000,0.000000,0.000000,0.000000,-0.180000,8.000000,91.880000
1769105938.911809,0,0.000000,64.610000,0.000000,-0.050000,0.000000,0.000000,0.000000,-0.180000,8.000000,91.910000
1769105938.927032,0,0.000000,64.520000,0.000000,0.010000,0.000000,0.000000,0.000000,-0.180000,8.000000,91.910000
1769105938.949050,0,0.000000,64.630000,0.000000,0.030000,0.000000,0.000000,0.000000,-0.180000,8.000000,91.930000
1769105938.956757,0,0.000000,64.550000,0.000000,0.020000,0.000000,0.000000,0.000000,-0.180000,8.000000,91.940000
1769105938.971708,0,0.000000,64.560000,0.000000,-0.010000,0.000000,0.000000,0.000000,-0.180000,8.000000,91.950000
1769105938.986082,0,0.000000,64.580000,0.000000,0.000000,0.000000,0.000000,0.000000,-0.180000,8.000000,91.980000
1769105939.009401,0,0.000000,64.520000,0.000000,0.090000,0.000000,0.000000,0.000000,-0.180000,8.000000,91.980000
1769105939.024193,0,0.000000,64.580000,0.000000,0.000000,0.000000,0.000000,0.000000,-0.180000,8.000000,92.010000
1769105939.031595,0,0.000000,64.610000,0.000000,0.000000,0.000000,0.000000,0.000000,-0.180000,8.000000,92.010000
1769105939.046099,0,0.000000,64.550000,0.000000,0.050000,0.000000,0.000000,0.000000,-0.180000,8.000000,92.040000
1769105939.068889,0,0.000000,64.550000,0.000000,0.050000,0.000000,0.000000,0.000000,-0.180000,8.000000,92.050000
1769105939.083938,0,0.000000,64.520000,0.000000,0.000000,0.000000,0.000000,0.000000,-0.170000,8.000000,92.060000
1769105939.095856,0,0.000000,64.580000,0.000000,0.050000,0.000000,0.000000,0.000000,-0.180000,8.000000,92.080000
1769105939.171317,0,0.000000,64.580000,0.000000,0.010000,0.000000,0.000000,0.000000,-0.170000,8.000000,92.090000
1769105939.172318,0,0.000000,64.480000,0.000000,0.070000,0.000000,0.000000,0.000000,-0.170000,8.000000,92.110000
1769105939.173277,0,0.000000,64.560000,0.000000,0.030000,0.000000,0.000000,0.000000,-0.170000,8.000000,92.120000
1769105939.173784,0,0.000000,64.450000,0.000000,0.050000,0.000000,0.000000,0.000000,-0.170000,8.000000,92.150000
1769105939.174790,0,0.000000,64.480000,0.000000,0.050000,0.000000,0.000000,0.000000,-0.170000,8.000000,92.160000
1769105939.236018,0,0.000000,64.580000,0.000000,0.050000,0.000000,0.000000,0.000000,-0.170000,8.000000,92.180000
1769105939.236698,0,0.000000,64.550000,0.000000,0.100000,0.000000,0.000000,0.000000,-0.170000,8.000000,92.190000
1769105939.237209,0,0.000000,64.510000,0.000000,-0.050000,0.000000,0.000000,0.000000,-0.170000,8.000000,92.200000
1769105939.238517,0,0.000000,64.550000,0.000000,0.050000,0.000000,0.000000,0.000000,-0.170000,8.000000,92.220000
1769105939.271879,0,0.000000,64.480000,0.000000,0.070000,0.000000,0.000000,0.000000,-0.170000,8.000000,92.230000
1769105939.303528,0,0.000000,64.580000,0.000000,0.050000,0.000000,0.000000,0.000000,-0.170000,8.000000,92.250000
1769105939.304528,0,0.000000,64.560000,0.000000,-0.050000,0.000000,0.000000,0.000000,-0.170000,8.000000,92.260000
1769105939.337485,0,0.000000,64.560000,0.000000,0.030000,0.000000,0.000000,0.000000,-0.170000,8.000000,92.270000
1769105939.338490,0,0.000000,64.560000,0.000000,0.050000,0.000000,0.000000,0.000000,-0.170000,8.000000,92.300000
1769105939.370449,0,0.000000,64.550000,0.000000,0.050000,0.000000,0.000000,0.000000,-0.170000,8.000000,92.300000
1769105939.371455,0,0.000000,64.550000,0.000000,0.070000,0.000000,0.000000,0.000000,-0.170000,8.000000,92.330000
1769105939.403103,0,0.000000,64.550000,0.000000,0.030000,0.000000,0.000000,0.000000,-0.170000,8.000000,92.330000
1769105939.434908,0,0.000000,64.510000,0.000000,0.100000,0.000000,0.000000,0.000000,-0.180000,8.000000,92.360000
1769105939.435914,0,0.000000,64.610000,0.000000,0.070000,0.000000,0.000000,0.000000,-0.170000,8.000000,92.370000
1769105939.436691,0,0.000000,64.660000,0.000000,0.000000,0.000000,0.000000,0.000000,-0.150000,8.000000,92.380000
1769105939.438017,0,0.000000,64.680000,0.000000,0.070000,0.000000,0.000000,0.000000,-0.100000,8.000000,92.400000
1769105939.469509,0,0.000000,64.560000,0.000000,0.070000,0.000000,0.000000,0.000000,0.000000,8.000000,92.410000
1769105939.501908,0,0.000000,64.410000,0.000000,0.070000,0.000000,0.000000,0.000000,0.090000,8.000000,92.430000
1769105939.502908,0,0.000000,64.020000,0.000000,0.100000,0.000000,0.000000,0.000000,0.210000,8.000000,92.440000
1769105939.503907,0,0.000000,63.700000,0.000000,0.100000,0.000000,0.000000,0.000000,0.360000,8.000000,92.470000
1769105939.535068,0,0.000000,63.200000,0.000000,0.050000,0.000000,0.000000,0.000000,0.470000,8.000000,92.480000
1769105939.536069,0,0.000000,62.680000,0.000000,0.050000,0.000000,0.000000,0.000000,0.570000,8.000000,92.480000
1769105939.570231,0,0.000000,62.110000,0.000000,0.030000,0.000000,0.000000,0.000000,0.680000,8.000000,92.510000
1769105939.571428,0,0.000000,61.610000,0.000000,0.030000,0.000000,0.000000,0.000000,0.740000,8.000000,92.520000
1769105939.606011,0,0.000000,61.150000,0.000000,0.050000,0.000000,0.000000,0.000000,0.800000,8.000000,92.540000
1769105939.607011,0,0.000000,60.810000,0.000000,0.000000,0.000000,0.000000,0.000000,0.830000,8.000000,92.550000
1769105939.640830,0,0.000000,60.650000,0.000000,0.000000,0.000000,0.000000,0.000000,0.870000,8.000000,92.560000
1769105939.641507,0,0.000000,60.380000,0.000000,-0.030000,0.000000,0.000000,0.000000,0.890000,8.000000,92.580000
1769105939.641507,0,0.000000,60.270000,0.000000,-0.020000,0.000000,0.000000,0.000000,0.920000,8.000000,92.590000
1769105939.672710,0,0.000000,60.060000,0.000000,-0.070000,0.000000,0.000000,0.000000,0.930000,8.000000,92.620000
1769105939.673513,0,0.000000,59.900000,0.000000,0.050000,0.000000,0.000000,0.000000,0.950000,8.000000,92.620000
1769105939.704247,0,0.000000,59.700000,0.000000,0.000000,0.000000,0.000000,0.000000,0.970000,8.000000,92.650000
1769105939.706132,0,0.000000,59.400000,0.000000,0.000000,0.000000,0.000000,0.000000,0.980000,8.000000,92.660000
1769105939.737794,0,0.000000,59.200000,0.000000,-0.050000,0.000000,0.000000,0.000000,1.000000,8.000000,92.680000
1769105939.739303,0,0.000000,59.040000,0.000000,-0.070000,0.000000,0.000000,0.000000,1.000000,8.000000,92.690000
1769105939.770397,0,0.000000,58.810000,0.000000,-0.050000,0.000000,0.000000,0.000000,1.010000,8.000000,92.700000
1769105939.770902,0,0.000000,58.360000,0.000000,-0.070000,0.000000,0.000000,0.000000,1.020000,8.000000,92.720000
1769105939.803867,0,0.000000,57.810000,0.000000,-0.050000,0.000000,0.000000,0.000000,1.030000,8.000000,92.730000
1769105939.804867,0,0.000000,57.380000,0.000000,-0.050000,0.000000,0.000000,0.000000,1.040000,8.000000,92.750000
1769105939.837008,0,0.000000,56.650000,0.000000,0.000000,0.000000,0.000000,0.000000,1.050000,8.000000,92.760000
1769105939.838071,0,0.000000,55.900000,0.000000,-0.030000,0.000000,0.000000,0.000000,1.070000,8.000000,92.770000
1769105939.839118,0,0.000000,55.270000,0.000000,0.000000,0.000000,0.000000,0.000000,1.070000,8.000000,92.800000
1769105939.874342,0,0.000000,54.590000,0.000000,-0.070000,0.000000,0.000000,0.000000,1.080000,8.000000,92.800000
1769105939.875385,0,0.000000,54.360000,0.000000,-0.050000,0.000000,0.000000,0.000000,1.080000,8.000000,92.830000
1769105939.910300,0,0.000000,54.610000,0.000000,0.000000,0.000000,0.000000,0.000000,1.070000,8.000000,92.840000
1769105939.911301,0,0.000000,55.270000,0.000000,0.010000,0.000000,0.000000,0.000000,1.050000,8.000000,92.860000
1769105939.912300,0,0.000000,56.470000,0.000000,-0.050000,0.000000,0.000000,0.000000,1.040000,8.000000,92.870000
1769105939.965005,0,0.000000,58.450000,0.000000,-0.010000,0.000000,0.000000,0.000000,1.010000,8.000000,92.880000
1769105939.966836,0,0.000000,60.720000,0.000000,0.000000,0.000000,0.000000,0.000000,0.950000,8.000000,92.910000
1769105940.036132,0,0.000000,63.090000,0.000000,0.090000,0.000000,0.000000,0.000000,0.870000,8.000000,92.910000
1769105940.038267,0,0.000000,64.980000,0.000000,0.110000,0.000000,0.000000,0.000000,0.790000,8.000000,92.940000
1769105940.040982,0,0.000000,65.730000,0.000000,0.150000,0.000000,0.000000,0.000000,0.680000,8.000000,92.940000
1769105940.043648,0,0.000000,65.500000,0.000000,0.100000,0.000000,0.000000,0.000000,0.560000,8.000000,92.970000
1769105940.111473,0,0.000000,64.520000,0.000000,0.150000,0.000000,0.000000,0.000000,0.400000,8.000000,92.980000
1769105940.112801,0,0.000000,63.590000,0.000000,0.010000,0.000000,0.000000,0.000000,0.230000,8.000000,93.000000
1769105940.114559,0,0.000000,62.720000,0.000000,0.000000,0.000000,0.000000,0.000000,0.110000,8.000000,93.010000
1769105940.116707,0,0.000000,62.200000,0.000000,0.010000,0.000000,0.000000,0.000000,0.020000,8.000000,93.020000
1769105940.119118,0,0.000000,61.750000,0.000000,0.000000,0.000000,0.000000,0.000000,-0.030000,8.000000,93.040000
1769105940.172155,0,0.000000,61.520000,0.000000,0.000000,0.000000,0.000000,0.000000,-0.090000,8.000000,93.050000
1769105940.174153,0,0.000000,61.220000,0.000000,0.050000,0.000000,0.000000,0.000000,-0.110000,8.000000,93.060000
1769105940.175134,0,0.000000,61.020000,0.000000,0.010000,0.000000,0.000000,0.000000,-0.120000,8.000000,93.080000
1769105940.176172,0,0.000000,60.720000,0.000000,0.070000,0.000000,0.000000,0.000000,-0.140000,8.000000,93.090000
1769105940.179361,0,0.000000,60.310000,0.000000,0.000000,0.000000,0.000000,0.000000,-0.150000,8.000000,93.120000
1769105940.242860,0,0.000000,60.200000,0.000000,0.000000,0.000000,0.000000,0.000000,-0.150000,8.000000,93.120000
1769105940.244624,0,0.000000,60.160000,0.000000,0.100000,0.000000,0.000000,0.000000,-0.150000,8.000000,93.150000
1769105940.246417,0,0.000000,60.130000,0.000000,0.090000,0.000000,0.000000,0.000000,-0.150000,8.000000,93.160000
1769105940.250012,0,0.000000,60.250000,0.000000,0.050000,0.000000,0.000000,0.000000,-0.140000,8.000000,93.180000
1769105940.305973,0,0.000000,60.450000,0.000000,0.000000,0.000000,0.000000,0.000000,-0.100000,8.000000,93.190000
1769105940.307573,0,0.000000,60.630000,0.000000,0.000000,0.000000,0.000000,0.000000,-0.030000,8.000000,93.200000
1769105940.308443,0,0.000000,60.830000,0.000000,0.000000,0.000000,0.000000,0.000000,0.000000,8.000000,93.220000
1769105940.310179,0,0.000000,61.040000,0.000000,-0.020000,0.000000,0.000000,0.000000,0.100000,8.000000,93.230000
1769105940.313420,0,0.000000,61.090000,0.000000,0.010000,0.000000,0.000000,0.000000,0.210000,8.000000,93.250000
1769105940.374636,0,0.000000,61.060000,0.000000,0.000000,0.000000,0.000000,0.000000,0.340000,8.000000,93.260000
1769105940.375644,0,0.000000,60.790000,0.000000,0.000000,0.000000,0.000000,0.000000,0.440000,8.000000,93.270000
1769105940.376644,0,0.000000,60.470000,0.000000,0.020000,0.000000,0.000000,0.000000,0.550000,8.000000,93.290000
1769105940.378642,0,0.000000,60.360000,0.000000,-0.100000,0.000000,0.000000,0.000000,0.640000,8.000000,93.300000
1769105940.434403,0,0.000000,60.220000,0.000000,-0.020000,0.000000,0.000000,0.000000,0.730000,8.000000,93.330000
1769105940.435404,0,0.000000,60.200000,0.000000,-0.090000,0.000000,0.000000,0.000000,0.810000,8.000000,93.330000
1769105940.436406,0,0.000000,60.090000,0.000000,0.000000,0.000000,0.000000,0.000000,0.860000,8.000000,93.360000
1769105940.438405,0,0.000000,59.750000,0.000000,-0.050000,0.000000,0.000000,0.000000,0.910000,8.000000,93.370000
1769105940.491713,0,0.000000,59.500000,0.000000,0.010000,0.000000,0.000000,0.000000,0.930000,8.000000,93.380000
1769105940.492226,0,0.000000,59.220000,0.000000,-0.010000,0.000000,0.000000,0.000000,0.950000,8.000000,93.400000
1769105940.494236,0,0.000000,59.060000,0.000000,-0.070000,0.000000,0.000000,0.000000,0.980000,8.000000,93.410000
1769105940.537540,0,0.000000,58.700000,0.000000,0.000000,0.000000,0.000000,0.000000,1.000000,8.000000,93.430000
1769105940.538541,0,0.000000,58.470000,0.000000,-0.140000,0.000000,0.000000,0.000000,1.010000,8.000000,93.440000
1769105940.540346,0,0.000000,58.000000,0.000000,0.000000,0.000000,0.000000,0.000000,1.020000,8.000000,93.450000
1769105940.541866,0,0.000000,57.750000,0.000000,-0.020000,0.000000,0.000000,0.000000,1.020000,8.000000,93.480000
1769105940.596630,0,0.000000,57.650000,0.000000,0.000000,0.000000,0.000000,0.000000,1.020000,8.000000,93.480000
1769105940.598496,0,0.000000,57.880000,0.000000,0.030000,0.000000,0.000000,0.000000,1.010000,8.000000,93.500000
1769105940.599496,0,0.000000,58.180000,0.000000,-0.120000,0.000000,0.000000,0.000000,1.000000,8.000000,93.510000
1769105940.601832,0,0.000000,58.380000,0.000000,0.000000,0.000000,0.000000,0.000000,0.980000,8.000000,93.520000
1769105940.663657,0,0.000000,58.750000,0.000000,-0.030000,0.000000,0.000000,0.000000,0.930000,8.000000,93.550000
1769105940.665657,0,0.000000,59.150000,0.000000,-0.010000,0.000000,0.000000,0.000000,0.830000,8.000000,93.550000
1769105940.667320,0,0.000000,59.560000,0.000000,0.030000,0.000000,0.000000,0.000000,0.740000,8.000000,93.580000
1769105940.668831,0,0.000000,60.090000,0.000000,0.000000,0.000000,0.000000,0.000000,0.600000,8.000000,93.580000
1769105940.714852,0,0.000000,60.410000,0.000000,0.030000,0.000000,0.000000,0.000000,0.430000,8.000000,93.610000
1769105940.715554,0,0.000000,60.400000,0.000000,0.000000,0.000000,0.000000,0.000000,0.300000,8.000000,93.620000
1769105940.716560,0,0.000000,60.180000,0.000000,0.020000,0.000000,0.000000,0.000000,0.200000,8.000000,93.630000
1769105940.717292,0,0.000000,59.810000,0.000000,0.030000,0.000000,0.000000,0.000000,0.140000,8.000000,93.660000
1769105940.768971,0,0.000000,59.330000,0.000000,0.010000,0.000000,0.000000,0.000000,0.100000,8.000000,93.660000
1769105940.769738,0,0.000000,58.860000,0.000000,-0.050000,0.000000,0.000000,0.000000,0.070000,8.000000,93.690000
1769105940.770746,0,0.000000,58.650000,0.000000,0.000000,0.000000,0.000000,0.000000,0.000000,8.000000,93.690000
1769105940.818300,0,0.000000,58.450000,0.000000,0.070000,0.000000,0.000000,0.000000,-0.050000,8.000000,93.720000
1769105940.820114,0,0.000000,58.310000,0.000000,0.070000,0.000000,0.000000,0.000000,-0.100000,8.000000,93.730000
1769105940.821124,0,0.000000,58.220000,0.000000,0.020000,0.000000,0.000000,0.000000,-0.140000,8.000000,93.750000
1769105940.870169,0,0.000000,58.270000,0.000000,0.090000,0.000000,0.000000,0.000000,-0.150000,8.000000,93.760000
1769105940.870948,0,0.000000,58.270000,0.000000,0.070000,0.000000,0.000000,0.000000,-0.170000,8.000000,93.770000
1769105940.871955,0,0.000000,58.180000,0.000000,0.000000,0.000000,0.000000,0.000000,-0.170000,8.000000,93.790000
1769105940.872958,0,0.000000,58.340000,0.000000,0.030000,0.000000,0.000000,0.000000,-0.170000,8.000000,93.800000
1769105940.924191,0,0.000000,58.310000,0.000000,0.050000,0.000000,0.000000,0.000000,-0.170000,8.000000,93.810000
1769105940.925204,0,0.000000,58.450000,0.000000,0.050000,0.000000,0.000000,0.000000,-0.170000,8.000000,93.830000
1769105940.925970,0,0.000000,58.430000,0.000000,0.010000,0.000000,0.000000,0.000000,-0.170000,8.000000,93.840000
1769105940.927741,0,0.000000,58.490000,0.000000,0.010000,0.000000,0.000000,0.000000,-0.180000,8.000000,93.870000
1769105940.975873,0,0.000000,58.540000,0.000000,0.000000,0.000000,0.000000,0.000000,-0.180000,8.000000,93.870000
1769105940.976873,0,0.000000,58.430000,0.000000,0.000000,0.000000,0.000000,0.000000,-0.180000,8.000000,93.900000
1769105940.977872,0,0.000000,58.380000,0.000000,0.000000,0.000000,0.000000,0.000000,-0.180000,8.000000,93.910000
1769105941.042368,0,0.000000,58.270000,0.000000,0.010000,0.000000,0.000000,0.000000,-0.180000,8.000000,93.930000
1769105941.045198,0,0.000000,58.340000,0.000000,0.000000,0.000000,0.000000,0.000000,-0.180000,8.000000,93.940000
1769105941.046013,0,0.000000,58.360000,0.000000,0.000000,0.000000,0.000000,0.000000,-0.180000,8.000000,93.950000
1769105941.047841,0,0.000000,58.340000,0.000000,0.000000,0.000000,0.000000,0.000000,-0.180000,8.000000,93.970000
1769105941.110146,0,0.000000,58.310000,0.000000,0.050000,0.000000,0.000000,0.000000,-0.180000,8.000000,93.980000
1769105941.111194,0,0.000000,58.340000,0.000000,0.010000,0.000000,0.000000,0.000000,-0.180000,8.000000,94.000000
1769105941.112204,0,0.000000,58.310000,0.000000,0.010000,0.000000,0.000000,0.000000,-0.180000,8.000000,94.010000
1769105941.113208,0,0.000000,58.360000,0.000000,0.000000,0.000000,0.000000,0.000000,-0.180000,8.000000,94.020000
1769105941.183825,0,0.000000,58.340000,0.000000,0.050000,0.000000,0.000000,0.000000,-0.180000,8.000000,94.050000
1769105941.185341,0,0.000000,58.270000,0.000000,0.070000,0.000000,0.000000,0.000000,-0.180000,8.000000,94.050000
1769105941.186141,0,0.000000,58.290000,0.000000,0.000000,0.000000,0.000000,0.000000,-0.180000,8.000000,94.080000
1769105941.187148,0,0.000000,58.270000,0.000000,0.000000,0.000000,0.000000,0.000000,-0.180000,8.000000,94.080000
1769105941.251762,0,0.000000,58.290000,0.000000,-0.010000,0.000000,0.000000,0.000000,-0.180000,8.000000,94.090000
1769105941.253498,0,0.000000,58.250000,0.000000,0.000000,0.000000,0.000000,0.000000,-0.180000,8.000000,94.120000
1769105941.254508,0,0.000000,58.180000,0.000000,0.070000,0.000000,0.000000,0.000000,-0.180000,8.000000,94.130000
1769105941.256373,0,0.000000,58.180000,0.000000,-0.010000,0.000000,0.000000,0.000000,-0.180000,8.000000,94.150000
1769105941.257195,0,0.000000,58.200000,0.000000,-0.090000,0.000000,0.000000,0.000000,-0.180000,8.000000,94.160000
1769105941.260107,0,0.000000,58.200000,0.000000,0.000000,0.000000,0.000000,0.000000,-0.180000,8.000000,94.180000
1769105941.318502,0,0.000000,58.180000,0.000000,0.010000,0.000000,0.000000,0.000000,-0.180000,8.000000,94.190000
1769105941.319517,0,0.000000,58.160000,0.000000,-0.020000,0.000000,0.000000,0.000000,-0.180000,8.000000,94.200000
1769105941.320301,0,0.000000,58.150000,0.000000,0.010000,0.000000,0.000000,0.000000,-0.180000,8.000000,94.230000
1769105941.322134,0,0.000000,58.200000,0.000000,0.010000,0.000000,0.000000,0.000000,-0.180000,8.000000,94.230000
1769105941.323928,0,0.000000,58.180000,0.000000,0.000000,0.000000,0.000000,0.000000,-0.180000,8.000000,94.260000
1769105941.378923,0,0.000000,58.150000,0.000000,-0.010000,0.000000,0.000000,0.000000,-0.180000,8.000000,94.260000
1769105941.380242,0,0.000000,58.220000,0.000000,0.000000,0.000000,0.000000,0.000000,-0.180000,8.000000,94.290000
1769105941.383087,0,0.000000,58.200000,0.000000,0.010000,0.000000,0.000000,0.000000,-0.180000,8.000000,94.300000
1769105941.384323,0,0.000000,58.150000,0.000000,0.000000,0.000000,0.000000,0.000000,-0.180000,8.000000,94.310000
1769105941.440529,0,0.000000,58.160000,0.000000,0.000000,0.000000,0.000000,0.000000,-0.180000,8.000000,94.330000
1769105941.442396,0,0.000000,58.160000,0.000000,0.050000,0.000000,0.000000,0.000000,-0.170000,8.000000,94.340000
1769105941.444171,0,0.000000,58.160000,0.000000,0.010000,0.000000,0.000000,0.000000,-0.180000,8.000000,94.370000
1769105941.499255,0,0.000000,58.110000,0.000000,0.000000,0.000000,0.000000,0.000000,-0.180000,8.000000,94.370000
1769105941.500770,0,0.000000,58.090000,0.000000,0.030000,0.000000,0.000000,0.000000,-0.180000,8.000000,94.400000
1769105941.501489,0,0.000000,58.060000,0.000000,0.000000,0.000000,0.000000,0.000000,-0.180000,8.000000,94.410000
1769105941.554709,0,0.000000,58.060000,0.000000,0.000000,0.000000,0.000000,0.000000,-0.180000,8.000000,94.430000
1769105941.555707,0,0.000000,58.080000,0.000000,0.100000,0.000000,0.000000,0.000000,-0.180000,8.000000,94.440000
1769105941.556707,0,0.000000,58.080000,0.000000,0.000000,0.000000,0.000000,0.000000,-0.180000,8.000000,94.450000
1769105941.557708,0,0.000000,58.080000,0.000000,0.000000,0.000000,0.000000,0.000000,-0.180000,8.000000,94.470000
1769105941.559709,0,0.000000,58.150000,0.000000,-0.050000,0.000000,0.000000,0.000000,-0.180000,8.000000,94.480000
1769105941.618587,0,0.000000,58.160000,0.000000,0.050000,0.000000,0.000000,0.000000,-0.180000,8.000000,94.500000
1769105941.619586,0,0.000000,58.080000,0.000000,-0.070000,0.000000,0.000000,0.000000,-0.180000,8.000000,94.510000
1769105941.620744,0,0.000000,58.090000,0.000000,-0.050000,0.000000,0.000000,0.000000,-0.180000,8.000000,94.520000
1769105941.621753,0,0.000000,58.150000,0.000000,0.050000,0.000000,0.000000,0.000000,-0.180000,8.000000,94.550000
1769105941.681380,0,0.000000,58.160000,0.000000,-0.070000,0.000000,0.000000,0.000000,-0.180000,8.000000,94.550000
1769105941.682358,0,0.000000,58.160000,0.000000,-0.030000,0.000000,0.000000,0.000000,-0.170000,8.000000,94.580000
1769105941.684881,0,0.000000,58.180000,0.000000,-0.050000,0.000000,0.000000,0.000000,-0.180000,8.000000,94.580000
1769105941.685784,0,0.000000,58.200000,0.000000,0.000000,0.000000,0.000000,0.000000,-0.180000,8.000000,94.610000
1769105941.733564,0,0.000000,58.250000,0.000000,0.020000,0.000000,0.000000,0.000000,-0.180000,8.000000,94.620000
1769105941.734564,0,0.000000,58.290000,0.000000,-0.030000,0.000000,0.000000,0.000000,-0.180000,8.000000,94.630000
1769105941.735564,0,0.000000,58.310000,0.000000,-0.020000,0.000000,0.000000,0.000000,-0.180000,8.000000,94.660000
1769105941.735564,0,0.000000,58.310000,0.000000,0.030000,0.000000,0.000000,0.000000,-0.180000,8.000000,94.660000
1769105941.737563,0,0.000000,58.450000,0.000000,0.010000,0.000000,0.000000,0.000000,-0.180000,8.000000,94.680000
1769105941.740242,0,0.000000,58.520000,0.000000,-0.010000,0.000000,0.000000,0.000000,-0.180000,8.000000,94.690000
1769105941.741763,0,0.000000,58.630000,0.000000,0.000000,0.000000,0.000000,0.000000,-0.180000,8.000000,94.700000
1769105941.767990,0,0.000000,58.790000,0.000000,0.000000,0.000000,0.000000,0.000000,-0.180000,8.000000,94.730000
1769105941.768998,0,0.000000,58.790000,0.000000,0.000000,0.000000,0.000000,0.000000,-0.180000,8.000000,94.730000
1769105941.783322,0,0.000000,58.860000,0.000000,0.010000,0.000000,0.000000,0.000000,-0.180000,8.000000,94.760000
1769105941.792172,0,0.000000,59.180000,0.000000,0.000000,0.000000,0.000000,0.000000,-0.170000,8.000000,94.770000
1769105941.811579,0,0.000000,59.470000,0.000000,-0.020000,0.000000,0.000000,0.000000,-0.180000,8.000000,94.790000
1769105941.812580,0,0.000000,59.770000,0.000000,-0.020000,0.000000,0.000000,0.000000,-0.180000,8.000000,94.800000
1769105941.830258,0,0.000000,59.970000,0.000000,0.000000,0.000000,0.000000,0.000000,-0.180000,8.000000,94.810000
1769105941.845121,0,0.000000,60.200000,0.000000,0.000000,0.000000,0.000000,0.000000,-0.180000,8.000000,94.830000
1769105941.866061,0,0.000000,60.360000,0.000000,0.000000,0.000000,0.000000,0.000000,-0.180000,8.000000,94.840000
1769105941.875416,0,0.000000,60.700000,0.000000,-0.010000,0.000000,0.000000,0.000000,-0.180000,8.000000,94.860000
1769105941.883457,0,0.000000,60.970000,0.000000,0.020000,0.000000,0.000000,0.000000,-0.180000,8.000000,94.870000
1769105941.905414,0,0.000000,61.340000,0.000000,0.010000,0.000000,0.000000,0.000000,-0.180000,8.000000,94.880000
1769105941.927798,0,0.000000,61.880000,0.000000,0.070000,0.000000,0.000000,0.000000,-0.170000,8.000000,94.910000
1769105941.929796,0,0.000000,62.490000,0.000000,0.050000,0.000000,0.000000,0.000000,-0.110000,8.000000,94.910000
1769105941.949672,0,0.000000,63.020000,0.000000,0.000000,0.000000,0.000000,0.000000,-0.020000,8.000000,94.940000
1769105941.957435,0,0.000000,63.380000,0.000000,0.050000,0.000000,0.000000,0.000000,0.070000,8.000000,94.940000
1769105941.980214,0,0.000000,63.770000,0.000000,0.070000,0.000000,0.000000,0.000000,0.180000,8.000000,94.970000
1769105941.993898,0,0.000000,64.080000,0.000000,0.050000,0.000000,0.000000,0.000000,0.280000,8.000000,94.980000
1769105942.016897,0,0.000000,64.200000,0.000000,0.070000,0.000000,0.000000,0.000000,0.370000,8.000000,95.000000
1769105942.024911,0,0.000000,64.360000,0.000000,0.050000,0.000000,0.000000,0.000000,0.430000,8.000000,95.010000
1769105942.047550,0,0.000000,64.440000,0.000000,0.030000,0.000000,0.000000,0.000000,0.490000,8.000000,95.020000
1769105942.054092,0,0.000000,64.550000,0.000000,0.070000,0.000000,0.000000,0.000000,0.520000,8.000000,95.040000
1769105942.069283,0,0.000000,64.660000,0.000000,0.140000,0.000000,0.000000,0.000000,0.560000,8.000000,95.050000
1769105942.076568,0,0.000000,64.730000,0.000000,0.070000,0.000000,0.000000,0.000000,0.600000,8.000000,95.060000
1769105942.092558,0,0.000000,64.790000,0.000000,0.120000,0.000000,0.000000,0.000000,0.620000,8.000000,95.080000
1769105942.120480,0,0.000000,65.000000,0.000000,0.120000,0.000000,0.000000,0.000000,0.660000,8.000000,95.090000
1769105942.129117,0,0.000000,65.110000,0.000000,0.100000,0.000000,0.000000,0.000000,0.680000,8.000000,95.120000
1769105942.152105,0,0.000000,65.410000,0.000000,0.140000,0.000000,0.000000,0.000000,0.700000,8.000000,95.130000
1769105942.159682,0,0.000000,65.800000,0.000000,0.100000,0.000000,0.000000,0.000000,0.740000,8.000000,95.150000
1769105942.174867,0,0.000000,66.090000,0.000000,0.150000,0.000000,0.000000,0.000000,0.750000,8.000000,95.160000
1769105942.197153,0,0.000000,66.330000,0.000000,0.210000,0.000000,0.000000,0.000000,0.760000,8.000000,95.180000
1769105942.211958,0,0.000000,66.480000,0.000000,0.120000,0.000000,0.000000,0.000000,0.800000,8.000000,95.190000
1769105942.214536,0,0.000000,66.520000,0.000000,0.170000,0.000000,0.000000,0.000000,0.810000,8.000000,95.200000
1769105942.234056,0,0.000000,66.620000,0.000000,0.180000,0.000000,0.000000,0.000000,0.820000,8.000000,95.230000
1769105942.249987,0,0.000000,66.800000,0.000000,0.100000,0.000000,0.000000,0.000000,0.850000,8.000000,95.230000
1769105942.272465,0,0.000000,66.950000,0.000000,0.150000,0.000000,0.000000,0.000000,0.870000,8.000000,95.260000
1769105942.278595,0,0.000000,67.150000,0.000000,0.110000,0.000000,0.000000,0.000000,0.870000,8.000000,95.260000
1769105942.294501,0,0.000000,67.440000,0.000000,0.150000,0.000000,0.000000,0.000000,0.880000,8.000000,95.290000
1769105942.320767,0,0.000000,67.660000,0.000000,0.120000,0.000000,0.000000,0.000000,0.910000,8.000000,95.300000
1769105942.323776,0,0.000000,67.790000,0.000000,0.180000,0.000000,0.000000,0.000000,0.920000,8.000000,95.310000
1769105942.346720,0,0.000000,68.010000,0.000000,0.230000,0.000000,0.000000,0.000000,0.930000,8.000000,95.330000
1769105942.361185,0,0.000000,68.010000,0.000000,0.180000,0.000000,0.000000,0.000000,0.930000,8.000000,95.340000
1769105942.383671,0,0.000000,68.060000,0.000000,0.230000,0.000000,0.000000,0.000000,0.930000,8.000000,95.360000
1769105942.392062,0,0.000000,68.060000,0.000000,0.200000,0.000000,0.000000,0.000000,0.930000,8.000000,95.370000
1769105942.399549,0,0.000000,67.970000,0.000000,0.140000,0.000000,0.000000,0.000000,0.930000,8.000000,95.380000
1769105942.422344,0,0.000000,67.660000,0.000000,0.200000,0.000000,0.000000,0.000000,0.880000,8.000000,95.410000
1769105942.436741,0,0.000000,67.550000,0.000000,0.140000,0.000000,0.000000,0.000000,0.830000,8.000000,95.410000
1769105942.451305,0,0.000000,67.230000,0.000000,0.050000,0.000000,0.000000,0.000000,0.750000,8.000000,95.440000
1769105942.460517,0,0.000000,66.910000,0.000000,0.050000,0.000000,0.000000,0.000000,0.630000,8.000000,95.440000
1769105942.482499,0,0.000000,66.480000,0.000000,0.070000,0.000000,0.000000,0.000000,0.500000,8.000000,95.470000
1769105942.512091,0,0.000000,66.190000,0.000000,0.050000,0.000000,0.000000,0.000000,0.370000,8.000000,95.480000
1769105942.515275,0,0.000000,65.690000,0.000000,0.030000,0.000000,0.000000,0.000000,0.250000,8.000000,95.500000
1769105942.518506,0,0.000000,65.270000,0.000000,-0.020000,0.000000,0.000000,0.000000,0.150000,8.000000,95.510000
1769105942.542444,0,0.000000,64.880000,0.000000,0.000000,0.000000,0.000000,0.000000,0.090000,8.000000,95.520000
1769105942.549534,0,0.000000,64.680000,0.000000,0.010000,0.000000,0.000000,0.000000,0.010000,8.000000,95.540000
1769105942.564864,0,0.000000,64.410000,0.000000,0.090000,0.000000,0.000000,0.000000,-0.020000,8.000000,95.550000
1769105942.586334,0,0.000000,64.120000,0.000000,0.050000,0.000000,0.000000,0.000000,-0.070000,8.000000,95.560000
1769105942.595512,0,0.000000,63.930000,0.000000,-0.010000,0.000000,0.000000,0.000000,-0.110000,8.000000,95.580000
1769105942.609859,0,0.000000,63.770000,0.000000,0.030000,0.000000,0.000000,0.000000,-0.140000,8.000000,95.590000
1769105942.632231,0,0.000000,63.680000,0.000000,0.000000,0.000000,0.000000,0.000000,-0.150000,8.000000,95.620000
1769105942.640680,0,0.000000,63.590000,0.000000,0.030000,0.000000,0.000000,0.000000,-0.150000,8.000000,95.620000
1769105942.654693,0,0.000000,63.590000,0.000000,0.070000,0.000000,0.000000,0.000000,-0.170000,8.000000,95.650000
1769105942.678118,0,0.000000,63.630000,0.000000,0.000000,0.000000,0.000000,0.000000,-0.170000,8.000000,95.660000
1769105942.691196,0,0.000000,63.590000,0.000000,0.100000,0.000000,0.000000,0.000000,-0.170000,8.000000,95.680000
1769105942.706959,0,0.000000,63.680000,0.000000,0.100000,0.000000,0.000000,0.000000,-0.170000,8.000000,95.690000
1769105942.713597,0,0.000000,63.750000,0.000000,0.120000,0.000000,0.000000,0.000000,-0.170000,8.000000,95.700000
1769105942.737863,0,0.000000,63.790000,0.000000,0.030000,0.000000,0.000000,0.000000,-0.170000,8.000000,95.720000
1769105942.746226,0,0.000000,63.680000,0.000000,0.000000,0.000000,0.000000,0.000000,-0.170000,8.000000,95.730000
1769105942.759548,0,0.000000,63.660000,0.000000,0.050000,0.000000,0.000000,0.000000,-0.180000,8.000000,95.750000
1769105942.773860,0,0.000000,63.720000,0.000000,0.110000,0.000000,0.000000,0.000000,-0.180000,8.000000,95.760000
1769105942.796248,0,0.000000,63.590000,0.000000,0.070000,0.000000,0.000000,0.000000,-0.180000,8.000000,95.770000
1769105942.803659,0,0.000000,63.500000,0.000000,0.050000,0.000000,0.000000,0.000000,-0.180000,8.000000,95.800000
1769105942.833885,0,0.000000,63.540000,0.000000,0.070000,0.000000,0.000000,0.000000,-0.180000,8.000000,95.800000
1769105942.835885,0,0.000000,63.380000,0.000000,0.050000,0.000000,0.000000,0.000000,-0.180000,8.000000,95.830000
1769105942.856314,0,0.000000,63.400000,0.000000,0.000000,0.000000,0.000000,0.000000,-0.170000,8.000000,95.830000
1769105942.871461,0,0.000000,63.450000,0.000000,0.070000,0.000000,0.000000,0.000000,-0.180000,8.000000,95.860000
1769105942.894896,0,0.000000,63.360000,0.000000,0.010000,0.000000,0.000000,0.000000,-0.180000,8.000000,95.870000
1769105942.896894,0,0.000000,63.400000,0.000000,-0.030000,0.000000,0.000000,0.000000,-0.180000,8.000000,95.880000
1769105942.916222,0,0.000000,63.380000,0.000000,0.050000,0.000000,0.000000,0.000000,-0.180000,8.000000,95.900000
1769105942.924560,0,0.000000,63.360000,0.000000,0.000000,0.000000,0.000000,0.000000,-0.180000,8.000000,95.910000
1769105942.939545,0,0.000000,63.340000,0.000000,0.070000,0.000000,0.000000,0.000000,-0.180000,8.000000,95.940000
1769105942.961477,0,0.000000,63.290000,0.000000,0.000000,0.000000,0.000000,0.000000,-0.180000,8.000000,95.940000
1769105942.983418,0,0.000000,63.400000,0.000000,0.000000,0.000000,0.000000,0.000000,-0.180000,8.000000,95.970000
1769105942.999685,0,0.000000,63.310000,0.000000,0.050000,0.000000,0.000000,0.000000,-0.180000,8.000000,95.980000
1769105943.008066,0,0.000000,63.270000,0.000000,0.020000,0.000000,0.000000,0.000000,-0.180000,8.000000,96.000000
1769105943.021737,0,0.000000,63.240000,0.000000,0.010000,0.000000,0.000000,0.000000,-0.180000,8.000000,96.010000
1769105943.036029,0,0.000000,63.240000,0.000000,0.000000,0.000000,0.000000,0.000000,-0.180000,8.000000,96.020000
1769105943.059714,0,0.000000,63.250000,0.000000,0.000000,0.000000,0.000000,0.000000,-0.180000,8.000000,96.040000
1769105943.066724,0,0.000000,63.160000,0.000000,0.000000,0.000000,0.000000,0.000000,-0.180000,8.000000,96.050000
1769105943.082093,0,0.000000,63.150000,0.000000,0.030000,0.000000,0.000000,0.000000,-0.180000,8.000000,96.060000
1769105943.103877,0,0.000000,63.130000,0.000000,0.050000,0.000000,0.000000,0.000000,-0.180000,8.000000,96.080000
1769105943.111259,0,0.000000,63.130000,0.000000,0.020000,0.000000,0.000000,0.000000,-0.180000,8.000000,96.090000
1769105943.126990,0,0.000000,63.000000,0.000000,0.050000,0.000000,0.000000,0.000000,-0.180000,8.000000,96.120000
1769105943.149929,0,0.000000,62.970000,0.000000,-0.050000,0.000000,0.000000,0.000000,-0.180000,8.000000,96.120000
1769105943.164636,0,0.000000,62.930000,0.000000,-0.030000,0.000000,0.000000,0.000000,-0.180000,8.000000,96.150000
1769105943.171159,0,0.000000,62.900000,0.000000,0.020000,0.000000,0.000000,0.000000,-0.180000,8.000000,96.160000
1769105943.186532,0,0.000000,62.930000,0.000000,-0.010000,0.000000,0.000000,0.000000,-0.180000,8.000000,96.180000
1769105943.210038,0,0.000000,62.790000,0.000000,0.010000,0.000000,0.000000,0.000000,-0.180000,8.000000,96.190000
1769105943.225261,0,0.000000,62.830000,0.000000,0.050000,0.000000,0.000000,0.000000,-0.180000,8.000000,96.200000
1769105943.232570,0,0.000000,62.830000,0.000000,0.000000,0.000000,0.000000,0.000000,-0.180000,8.000000,96.220000
1769105943.246928,0,0.000000,62.900000,0.000000,0.010000,0.000000,0.000000,0.000000,-0.180000,8.000000,96.230000
1769105943.268840,0,0.000000,62.860000,0.000000,0.050000,0.000000,0.000000,0.000000,-0.180000,8.000000,96.250000
1769105943.277194,0,0.000000,62.830000,0.000000,0.020000,0.000000,0.000000,0.000000,-0.180000,8.000000,96.260000
1769105943.291467,0,0.000000,62.720000,0.000000,0.050000,0.000000,0.000000,0.000000,-0.180000,8.000000,96.270000
1769105943.306848,0,0.000000,62.810000,0.000000,-0.030000,0.000000,0.000000,0.000000,-0.180000,8.000000,96.300000
1769105943.329320,0,0.000000,62.680000,0.000000,0.090000,0.000000,0.000000,0.000000,-0.180000,8.000000,96.310000
1769105943.336481,0,0.000000,62.650000,0.000000,0.050000,0.000000,0.000000,0.000000,-0.180000,8.000000,96.330000
1769105943.365584,0,0.000000,62.500000,0.000000,0.070000,0.000000,0.000000,0.000000,-0.180000,8.000000,96.340000
1769105943.367722,0,0.000000,62.490000,0.000000,-0.030000,0.000000,0.000000,0.000000,-0.170000,8.000000,96.360000
1769105943.382576,0,0.000000,62.470000,0.000000,0.090000,0.000000,0.000000,0.000000,-0.180000,8.000000,96.370000
1769105943.403877,0,0.000000,62.360000,0.000000,0.000000,0.000000,0.000000,0.000000,-0.180000,8.000000,96.380000
1769105943.411562,0,0.000000,62.410000,0.000000,0.010000,0.000000,0.000000,0.000000,-0.180000,8.000000,96.400000
1769105943.427726,0,0.000000,62.430000,0.000000,-0.030000,0.000000,0.000000,0.000000,-0.180000,8.000000,96.410000
1769105943.449043,0,0.000000,62.470000,0.000000,0.070000,0.000000,0.000000,0.000000,-0.180000,8.000000,96.430000
1769105943.456657,0,0.000000,62.490000,0.000000,0.050000,0.000000,0.000000,0.000000,-0.180000,8.000000,96.440000
1769105943.479273,0,0.000000,62.470000,0.000000,0.030000,0.000000,0.000000,0.000000,-0.180000,8.000000,96.450000
1769105943.481531,0,0.000000,62.500000,0.000000,0.000000,0.000000,0.000000,0.000000,-0.180000,8.000000,96.480000
1769105943.501678,0,0.000000,62.470000,0.000000,0.000000,0.000000,0.000000,0.000000,-0.180000,8.000000,96.480000
1769105943.516521,0,0.000000,62.470000,0.000000,0.030000,0.000000,0.000000,0.000000,-0.180000,8.000000,96.510000
1769105943.539767,0,0.000000,62.430000,0.000000,0.010000,0.000000,0.000000,0.000000,-0.180000,8.000000,96.510000
1769105943.543566,0,0.000000,62.470000,0.000000,0.050000,0.000000,0.000000,0.000000,-0.180000,8.000000,96.540000
1769105943.561581,0,0.000000,62.380000,0.000000,0.010000,0.000000,0.000000,0.000000,-0.180000,8.000000,96.550000
1769105943.578054,0,0.000000,62.430000,0.000000,0.010000,0.000000,0.000000,0.000000,-0.180000,8.000000,96.560000
1769105943.599939,0,0.000000,62.470000,0.000000,0.070000,0.000000,0.000000,0.000000,-0.180000,8.000000,96.580000
1769105943.600753,0,0.000000,62.340000,0.000000,0.100000,0.000000,0.000000,0.000000,-0.180000,8.000000,96.590000
1769105943.622056,0,0.000000,62.380000,0.000000,0.050000,0.000000,0.000000,0.000000,-0.180000,8.000000,96.610000
1769105943.643855,0,0.000000,62.360000,0.000000,-0.010000,0.000000,0.000000,0.000000,-0.180000,8.000000,96.620000
1769105943.645689,0,0.000000,62.340000,0.000000,0.000000,0.000000,0.000000,0.000000,-0.180000,8.000000,96.630000
1769105943.666312,0,0.000000,62.340000,0.000000,0.000000,0.000000,0.000000,0.000000,-0.180000,8.000000,96.660000
1769105943.681725,0,0.000000,62.360000,0.000000,0.050000,0.000000,0.000000,0.000000,-0.180000,8.000000,96.680000
1769105943.696673,0,0.000000,62.380000,0.000000,0.110000,0.000000,0.000000,0.000000,-0.180000,8.000000,96.690000
1769105943.719051,0,0.000000,62.340000,0.000000,0.030000,0.000000,0.000000,0.000000,-0.180000,8.000000,96.700000
1769105943.733499,0,0.000000,62.270000,0.000000,0.020000,0.000000,0.000000,0.000000,-0.180000,8.000000,96.720000
1769105943.742880,0,0.000000,62.290000,0.000000,0.000000,0.000000,0.000000,0.000000,-0.180000,8.000000,96.730000
1769105943.764904,0,0.000000,62.360000,0.000000,0.020000,0.000000,0.000000,0.000000,-0.180000,8.000000,96.750000
1769105943.771472,0,0.000000,62.340000,0.000000,0.070000,0.000000,0.000000,0.000000,-0.180000,8.000000,96.760000
1769105943.786760,0,0.000000,62.400000,0.000000,0.090000,0.000000,0.000000,0.000000,-0.180000,8.000000,96.770000
1769105943.801517,0,0.000000,62.380000,0.000000,0.020000,0.000000,0.000000,0.000000,-0.180000,8.000000,96.800000
1769105943.816645,0,0.000000,62.400000,0.000000,0.020000,0.000000,0.000000,0.000000,-0.180000,8.000000,96.800000
1769105943.839046,0,0.000000,62.290000,0.000000,0.000000,0.000000,0.000000,0.000000,-0.180000,8.000000,96.830000
1769105943.846522,0,0.000000,62.380000,0.000000,0.050000,0.000000,0.000000,0.000000,-0.180000,8.000000,96.830000
1769105943.861511,0,0.000000,62.310000,0.000000,0.070000,0.000000,0.000000,0.000000,-0.180000,8.000000,96.860000
1769105943.883839,0,0.000000,62.290000,0.000000,0.010000,0.000000,0.000000,0.000000,-0.180000,8.000000,96.870000
1769105943.899235,0,0.000000,62.180000,0.000000,0.140000,0.000000,0.000000,0.000000,-0.180000,8.000000,96.880000
1769105943.906684,0,0.000000,62.220000,0.000000,0.000000,0.000000,0.000000,0.000000,-0.180000,8.000000,96.900000
1769105943.936912,0,0.000000,62.110000,0.000000,0.000000,0.000000,0.000000,0.000000,-0.180000,8.000000,96.910000
1769105943.939914,0,0.000000,62.130000,0.000000,0.020000,0.000000,0.000000,0.000000,-0.180000,8.000000,96.930000
1769105943.959007,0,0.000000,62.220000,0.000000,0.050000,0.000000,0.000000,0.000000,-0.180000,8.000000,96.940000
1769105943.974092,0,0.000000,62.180000,0.000000,0.070000,0.000000,0.000000,0.000000,-0.180000,8.000000,96.950000
1769105943.989194,0,0.000000,62.270000,0.000000,0.070000,0.000000,0.000000,0.000000,-0.180000,8.000000,96.980000
1769105943.996482,0,0.000000,62.150000,0.000000,0.050000,0.000000,0.000000,0.000000,-0.180000,8.000000,96.980000
1769105944.019002,0,0.000000,62.250000,0.000000,0.000000,0.000000,0.000000,0.000000,-0.180000,8.000000,97.010000
1769105944.033993,0,0.000000,62.110000,0.000000,0.100000,0.000000,0.000000,0.000000,-0.180000,8.000000,97.010000
1769105944.056877,0,0.000000,62.000000,0.000000,0.030000,0.000000,0.000000,0.000000,-0.180000,8.000000,97.040000
1769105944.063883,0,0.000000,61.990000,0.000000,0.020000,0.000000,0.000000,0.000000,-0.180000,8.000000,97.050000
1769105944.086796,0,0.000000,62.060000,0.000000,0.070000,0.000000,0.000000,0.000000,-0.180000,8.000000,97.060000
1769105944.095714,0,0.000000,62.080000,0.000000,0.070000,0.000000,0.000000,0.000000,-0.180000,8.000000,97.080000
1769105944.109398,0,0.000000,62.110000,0.000000,0.070000,0.000000,0.000000,0.000000,-0.180000,8.000000,97.090000
1769105944.132659,0,0.000000,62.180000,0.000000,0.100000,0.000000,0.000000,0.000000,-0.180000,8.000000,97.110000
1769105944.133903,0,0.000000,62.250000,0.000000,0.000000,0.000000,0.000000,0.000000,-0.180000,8.000000,97.120000
1769105944.154515,0,0.000000,62.200000,0.000000,0.050000,0.000000,0.000000,0.000000,-0.180000,8.000000,97.150000
1769105944.169883,0,0.000000,62.150000,0.000000,0.000000,0.000000,0.000000,0.000000,-0.180000,8.000000,97.160000
1769105944.191833,0,0.000000,62.180000,0.000000,0.070000,0.000000,0.000000,0.000000,-0.180000,8.000000,97.180000
1769105944.198712,0,0.000000,62.250000,0.000000,0.030000,0.000000,0.000000,0.000000,-0.180000,8.000000,97.190000
1769105944.214726,0,0.000000,62.130000,0.000000,0.000000,0.000000,0.000000,0.000000,-0.180000,8.000000,97.200000
1769105944.229768,0,0.000000,62.180000,0.000000,0.010000,0.000000,0.000000,0.000000,-0.180000,8.000000,97.220000
1769105944.243846,0,0.000000,62.220000,0.000000,0.070000,0.000000,0.000000,0.000000,-0.180000,8.000000,97.230000
1769105944.266443,0,0.000000,62.220000,0.000000,0.000000,0.000000,0.000000,0.000000,-0.180000,8.000000,97.250000
1769105944.281997,0,0.000000,62.200000,0.000000,-0.010000,0.000000,0.000000,0.000000,-0.180000,8.000000,97.260000
1769105944.288439,0,0.000000,62.360000,0.000000,0.000000,0.000000,0.000000,0.000000,-0.180000,8.000000,97.270000
1769105944.311028,0,0.000000,62.270000,0.000000,0.020000,0.000000,0.000000,0.000000,-0.180000,8.000000,97.300000
1769105944.319135,0,0.000000,62.360000,0.000000,0.050000,0.000000,0.000000,0.000000,-0.180000,8.000000,97.300000
1769105944.334294,0,0.000000,62.380000,0.000000,0.030000,0.000000,0.000000,0.000000,-0.180000,8.000000,97.330000
1769105944.348605,0,0.000000,62.490000,0.000000,0.030000,0.000000,0.000000,0.000000,-0.180000,8.000000,97.330000
1769105944.379196,0,0.000000,62.540000,0.000000,0.050000,0.000000,0.000000,0.000000,-0.180000,8.000000,97.360000
1769105944.386344,0,0.000000,62.540000,0.000000,0.050000,0.000000,0.000000,0.000000,-0.180000,8.000000,97.370000
1769105944.401672,0,0.000000,62.520000,0.000000,0.070000,0.000000,0.000000,0.000000,-0.180000,8.000000,97.380000
1769105944.423813,0,0.000000,62.540000,0.000000,0.070000,0.000000,0.000000,0.000000,-0.180000,8.000000,97.400000
1769105944.425812,0,0.000000,62.560000,0.000000,0.050000,0.000000,0.000000,0.000000,-0.180000,8.000000,97.410000
1769105944.457071,0,0.000000,62.520000,0.000000,0.010000,0.000000,0.000000,0.000000,-0.180000,8.000000,97.430000
1769105944.469616,0,0.000000,62.590000,0.000000,0.090000,0.000000,0.000000,0.000000,-0.180000,8.000000,97.440000
1769105944.471622,0,0.000000,62.680000,0.000000,0.020000,0.000000,0.000000,0.000000,-0.180000,8.000000,97.450000
1769105944.491791,0,0.000000,62.520000,0.000000,0.070000,0.000000,0.000000,0.000000,-0.180000,8.000000,97.480000
1769105944.506036,0,0.000000,62.650000,0.000000,0.140000,0.000000,0.000000,0.000000,-0.180000,8.000000,97.500000
1769105944.521451,0,0.000000,62.650000,0.000000,0.050000,0.000000,0.000000,0.000000,-0.180000,8.000000,97.510000
1769105944.529398,0,0.000000,62.680000,0.000000,0.050000,0.000000,0.000000,0.000000,-0.180000,8.000000,97.520000
1769105944.551784,0,0.000000,62.650000,0.000000,0.050000,0.000000,0.000000,0.000000,-0.180000,8.000000,97.540000
1769105944.574292,0,0.000000,62.720000,0.000000,0.030000,0.000000,0.000000,0.000000,-0.180000,8.000000,97.550000
1769105944.581431,0,0.000000,62.630000,0.000000,0.000000,0.000000,0.000000,0.000000,-0.180000,8.000000,97.560000
1769105944.589466,0,0.000000,62.630000,0.000000,0.030000,0.000000,0.000000,0.000000,-0.180000,8.000000,97.580000
1769105944.611866,0,0.000000,62.650000,0.000000,0.050000,0.000000,0.000000,0.000000,-0.180000,8.000000,97.590000
1769105944.634228,0,0.000000,62.630000,0.000000,-0.010000,0.000000,0.000000,0.000000,-0.180000,8.000000,97.620000
1769105944.641811,0,0.000000,62.740000,0.000000,0.050000,0.000000,0.000000,0.000000,-0.180000,8.000000,97.620000
1769105944.657037,0,0.000000,62.650000,0.000000,0.000000,0.000000,0.000000,0.000000,-0.180000,8.000000,97.650000
1769105944.671115,0,0.000000,62.650000,0.000000,0.100000,0.000000,0.000000,0.000000,-0.180000,8.000000,97.660000
1769105944.686520,0,0.000000,62.700000,0.000000,0.030000,0.000000,0.000000,0.000000,-0.180000,8.000000,97.680000
1769105944.709231,0,0.000000,62.610000,0.000000,0.030000,0.000000,0.000000,0.000000,-0.180000,8.000000,97.690000
1769105944.716845,0,0.000000,62.630000,0.000000,0.050000,0.000000,0.000000,0.000000,-0.180000,8.000000,97.700000
1769105944.732780,0,0.000000,62.700000,0.000000,0.010000,0.000000,0.000000,0.000000,-0.180000,8.000000,97.720000
1769105944.746329,0,0.000000,62.630000,0.000000,0.000000,0.000000,0.000000,0.000000,-0.180000,8.000000,97.730000
1769105944.761799,0,0.000000,62.630000,0.000000,-0.010000,0.000000,0.000000,0.000000,-0.180000,8.000000,97.760000
1769105944.783439,0,0.000000,62.650000,0.000000,0.010000,0.000000,0.000000,0.000000,-0.180000,8.000000,97.760000
1769105944.791841,0,0.000000,62.610000,0.000000,0.000000,0.000000,0.000000,0.000000,-0.180000,8.000000,97.790000
1769105944.813946,0,0.000000,62.610000,0.000000,0.090000,0.000000,0.000000,0.000000,-0.180000,8.000000,97.800000
1769105944.825665,0,0.000000,62.650000,0.000000,0.020000,0.000000,0.000000,0.000000,-0.180000,8.000000,97.810000
1769105944.844676,0,0.000000,62.700000,0.000000,0.000000,0.000000,0.000000,0.000000,-0.180000,8.000000,97.830000
1769105944.850779,0,0.000000,62.680000,0.000000,0.050000,0.000000,0.000000,0.000000,-0.180000,8.000000,97.840000
1769105944.881577,0,0.000000,62.630000,0.000000,0.020000,0.000000,0.000000,0.000000,-0.180000,8.000000,97.860000
1769105944.889092,0,0.000000,62.650000,0.000000,0.050000,0.000000,0.000000,0.000000,-0.180000,8.000000,97.870000
1769105944.904033,0,0.000000,62.630000,0.000000,0.070000,0.000000,0.000000,0.000000,-0.180000,8.000000,97.880000
1769105944.919934,0,0.000000,62.610000,0.000000,0.050000,0.000000,0.000000,0.000000,-0.180000,8.000000,97.910000
1769105944.942065,0,0.000000,62.590000,0.000000,0.000000,0.000000,0.000000,0.000000,-0.170000,8.000000,97.910000
1769105944.948873,0,0.000000,62.560000,0.000000,0.100000,0.000000,0.000000,0.000000,-0.180000,8.000000,97.940000
1769105944.971895,0,0.000000,62.610000,0.000000,0.010000,0.000000,0.000000,0.000000,-0.170000,8.000000,97.940000
1769105944.986079,0,0.000000,62.700000,0.000000,0.030000,0.000000,0.000000,0.000000,-0.100000,8.000000,97.970000
1769105944.994278,0,0.000000,62.790000,0.000000,0.050000,0.000000,0.000000,0.000000,0.050000,8.000000,97.980000
1769105945.009605,0,0.000000,62.830000,0.000000,0.050000,0.000000,0.000000,0.000000,0.250000,8.000000,98.000000
1769105945.120613,0,0.000000,62.720000,0.000000,0.020000,0.000000,0.000000,0.000000,0.380000,8.000000,98.010000
1769105945.121394,0,0.000000,62.520000,0.000000,0.000000,0.000000,0.000000,0.000000,0.520000,8.000000,98.020000
1769105945.122437,0,0.000000,62.220000,0.000000,0.020000,0.000000,0.000000,0.000000,0.640000,8.000000,98.050000
1769105945.123235,0,0.000000,61.810000,0.000000,-0.030000,0.000000,0.000000,0.000000,0.750000,8.000000,98.050000
1769105945.124272,0,0.000000,61.150000,0.000000,-0.070000,0.000000,0.000000,0.000000,0.810000,8.000000,98.080000
1769105945.124995,0,0.000000,60.310000,0.000000,-0.050000,0.000000,0.000000,0.000000,0.870000,8.000000,98.080000
1769105945.126372,0,0.000000,59.540000,0.000000,-0.030000,0.000000,0.000000,0.000000,0.920000,8.000000,98.110000
1769105945.208584,0,0.000000,58.900000,0.000000,-0.070000,0.000000,0.000000,0.000000,0.950000,8.000000,98.120000
1769105945.210585,0,0.000000,58.250000,0.000000,-0.070000,0.000000,0.000000,0.000000,0.990000,8.000000,98.130000
1769105945.211583,0,0.000000,57.930000,0.000000,-0.050000,0.000000,0.000000,0.000000,1.000000,8.000000,98.150000
1769105945.212585,0,0.000000,57.560000,0.000000,0.000000,0.000000,0.000000,0.000000,1.020000,8.000000,98.160000
1769105945.213583,0,0.000000,57.040000,0.000000,-0.120000,0.000000,0.000000,0.000000,1.040000,8.000000,98.180000
1769105945.252581,0,0.000000,56.090000,0.000000,-0.100000,0.000000,0.000000,0.000000,1.050000,8.000000,98.190000
1769105945.294712,0,0.000000,55.020000,0.000000,-0.070000,0.000000,0.000000,0.000000,1.070000,8.000000,98.200000
1769105945.295711,0,0.000000,53.680000,0.000000,-0.090000,0.000000,0.000000,0.000000,1.080000,8.000000,98.230000
1769105945.297709,0,0.000000,52.240000,0.000000,-0.120000,0.000000,0.000000,0.000000,1.090000,8.000000,98.250000
1769105945.337660,0,0.000000,50.970000,0.000000,0.000000,0.000000,0.000000,0.000000,1.090000,8.000000,98.260000
1769105945.338669,0,0.000000,50.240000,0.000000,0.000000,0.000000,0.000000,0.000000,1.090000,8.000000,98.270000
1769105945.339457,0,0.000000,49.790000,0.000000,-0.010000,0.000000,0.000000,0.000000,1.100000,8.000000,98.290000
1769105945.380782,0,0.000000,49.450000,0.000000,-0.050000,0.000000,0.000000,0.000000,1.100000,8.000000,98.300000
1769105945.381789,0,0.000000,49.380000,0.000000,0.000000,0.000000,0.000000,0.000000,1.100000,8.000000,98.310000
1769105945.415447,0,0.000000,49.750000,0.000000,-0.050000,0.000000,0.000000,0.000000,1.100000,8.000000,98.330000
1769105945.416454,0,0.000000,50.000000,0.000000,-0.020000,0.000000,0.000000,0.000000,1.100000,8.000000,98.340000
1769105945.417452,0,0.000000,50.540000,0.000000,-0.010000,0.000000,0.000000,0.000000,1.090000,8.000000,98.370000
1769105945.418453,0,0.000000,51.000000,0.000000,-0.140000,0.000000,0.000000,0.000000,1.070000,8.000000,98.370000
1769105945.462194,0,0.000000,51.750000,0.000000,-0.020000,0.000000,0.000000,0.000000,1.020000,8.000000,98.400000
1769105945.463194,0,0.000000,52.880000,0.000000,-0.020000,0.000000,0.000000,0.000000,0.940000,8.000000,98.410000
1769105945.498616,0,0.000000,54.250000,0.000000,0.000000,0.000000,0.000000,0.000000,0.860000,8.000000,98.430000
1769105945.499121,0,0.000000,55.560000,0.000000,0.000000,0.000000,0.000000,0.000000,0.750000,8.000000,98.440000
1769105945.538966,0,0.000000,56.360000,0.000000,0.000000,0.000000,0.000000,0.000000,0.660000,8.000000,98.450000
1769105945.539968,0,0.000000,56.700000,0.000000,-0.020000,0.000000,0.000000,0.000000,0.540000,8.000000,98.470000
1769105945.583120,0,0.000000,56.290000,0.000000,0.000000,0.000000,0.000000,0.000000,0.400000,8.000000,98.480000
1769105945.584117,0,0.000000,55.840000,0.000000,-0.050000,0.000000,0.000000,0.000000,0.250000,8.000000,98.500000
1769105945.585118,0,0.000000,55.130000,0.000000,-0.050000,0.000000,0.000000,0.000000,0.120000,8.000000,98.510000
1769105945.628448,0,0.000000,54.680000,0.000000,-0.070000,0.000000,0.000000,0.000000,0.000000,8.000000,98.520000
1769105945.629448,0,0.000000,54.310000,0.000000,0.000000,0.000000,0.000000,0.000000,-0.070000,8.000000,98.550000
1769105945.629448,0,0.000000,54.150000,0.000000,0.050000,0.000000,0.000000,0.000000,-0.110000,8.000000,98.550000
1769105945.669210,0,0.000000,54.150000,0.000000,0.070000,0.000000,0.000000,0.000000,-0.150000,8.000000,98.580000
1769105945.670216,0,0.000000,54.000000,0.000000,0.000000,0.000000,0.000000,0.000000,-0.150000,8.000000,98.580000
1769105945.671961,0,0.000000,54.040000,0.000000,0.070000,0.000000,0.000000,0.000000,-0.150000,8.000000,98.610000
1769105945.672844,0,0.000000,53.970000,0.000000,0.000000,0.000000,0.000000,0.000000,-0.170000,8.000000,98.620000
1769105945.715761,0,0.000000,54.020000,0.000000,0.050000,0.000000,0.000000,0.000000,-0.170000,8.000000,98.630000
1769105945.715761,0,0.000000,54.130000,0.000000,0.110000,0.000000,0.000000,0.000000,-0.170000,8.000000,98.650000
1769105945.717569,0,0.000000,54.270000,0.000000,0.020000,0.000000,0.000000,0.000000,-0.170000,8.000000,98.660000
1769105945.760993,0,0.000000,54.450000,0.000000,-0.010000,0.000000,0.000000,0.000000,-0.170000,8.000000,98.680000
1769105945.761742,0,0.000000,54.580000,0.000000,0.020000,0.000000,0.000000,0.000000,-0.180000,8.000000,98.690000
1769105945.763615,0,0.000000,54.810000,0.000000,0.010000,0.000000,0.000000,0.000000,-0.180000,8.000000,98.700000
1769105945.809752,0,0.000000,54.840000,0.000000,0.000000,0.000000,0.000000,0.000000,-0.180000,8.000000,98.730000
1769105945.810752,0,0.000000,54.930000,0.000000,-0.020000,0.000000,0.000000,0.000000,-0.170000,8.000000,98.730000
1769105945.854023,0,0.000000,55.000000,0.000000,0.000000,0.000000,0.000000,0.000000,-0.120000,8.000000,98.760000
1769105945.854844,0,0.000000,55.090000,0.000000,0.000000,0.000000,0.000000,0.000000,0.010000,8.000000,98.770000
1769105945.855853,0,0.000000,55.220000,0.000000,-0.070000,0.000000,0.000000,0.000000,0.230000,8.000000,98.790000
1769105945.898040,0,0.000000,55.410000,0.000000,0.000000,0.000000,0.000000,0.000000,0.470000,8.000000,98.800000
1769105945.898850,0,0.000000,55.340000,0.000000,0.020000,0.000000,0.000000,0.000000,0.640000,8.000000,98.810000
1769105945.899855,0,0.000000,55.310000,0.000000,-0.020000,0.000000,0.000000,0.000000,0.790000,8.000000,98.830000
1769105945.940819,0,0.000000,55.090000,0.000000,-0.010000,0.000000,0.000000,0.000000,0.880000,8.000000,98.840000
1769105945.941826,0,0.000000,54.500000,0.000000,-0.020000,0.000000,0.000000,0.000000,0.940000,8.000000,98.870000
1769105945.942607,0,0.000000,54.000000,0.000000,0.000000,0.000000,0.000000,0.000000,0.990000,8.000000,98.870000
1769105945.943612,0,0.000000,53.500000,0.000000,-0.020000,0.000000,0.000000,0.000000,1.020000,8.000000,98.900000
1769105945.984195,0,0.000000,53.150000,0.000000,-0.050000,0.000000,0.000000,0.000000,1.040000,8.000000,98.910000
1769105945.984952,0,0.000000,52.840000,0.000000,-0.140000,0.000000,0.000000,0.000000,1.070000,8.000000,98.930000
1769105945.986469,0,0.000000,52.160000,0.000000,-0.100000,0.000000,0.000000,0.000000,1.080000,8.000000,98.940000
1769105946.028821,0,0.000000,51.380000,0.000000,-0.050000,0.000000,0.000000,0.000000,1.090000,8.000000,98.950000
1769105946.029823,0,0.000000,50.020000,0.000000,0.000000,0.000000,0.000000,0.000000,1.100000,8.000000,98.970000
1769105946.031821,0,0.000000,48.500000,0.000000,-0.050000,0.000000,0.000000,0.000000,1.100000,8.000000,98.980000
1769105946.070763,0,0.000000,46.990000,0.000000,-0.120000,0.000000,0.000000,0.000000,1.110000,8.000000,99.000000
1769105946.071772,0,0.000000,45.810000,0.000000,0.000000,0.000000,0.000000,0.000000,1.110000,8.000000,99.010000
1769105946.117760,0,0.000000,44.680000,0.000000,0.000000,0.000000,0.000000,0.000000,1.110000,8.000000,99.020000
1769105946.118764,0,0.000000,43.750000,0.000000,-0.070000,0.000000,0.000000,0.000000,1.110000,8.000000,99.050000
1769105946.119762,0,0.000000,43.310000,0.000000,0.000000,0.000000,0.000000,0.000000,1.110000,8.000000,99.050000
1769105946.163064,0,0.000000,42.790000,0.000000,-0.050000,0.000000,0.000000,0.000000,1.120000,8.000000,99.080000
1769105946.164064,0,0.000000,42.310000,0.000000,-0.030000,0.000000,0.000000,0.000000,1.110000,8.000000,99.090000
1769105946.165063,0,0.000000,42.000000,0.000000,-0.120000,0.000000,0.000000,0.000000,1.100000,8.000000,99.110000
1769105946.214458,0,0.000000,42.040000,0.000000,-0.010000,0.000000,0.000000,0.000000,1.080000,8.000000,99.120000
1769105946.215174,0,0.000000,42.340000,0.000000,-0.090000,0.000000,0.000000,0.000000,1.040000,8.000000,99.130000
1769105946.216181,0,0.000000,42.950000,0.000000,-0.050000,0.000000,0.000000,0.000000,1.000000,8.000000,99.160000
1769105946.254303,0,0.000000,43.770000,0.000000,0.000000,0.000000,0.000000,0.000000,0.910000,8.000000,99.160000
1769105946.254303,0,0.000000,44.660000,0.000000,-0.010000,0.000000,0.000000,0.000000,0.800000,8.000000,99.190000
1769105946.255301,0,0.000000,45.290000,0.000000,0.000000,0.000000,0.000000,0.000000,0.640000,8.000000,99.190000
1769105946.298091,0,0.000000,45.410000,0.000000,0.000000,0.000000,0.000000,0.000000,0.500000,8.000000,99.220000
1769105946.299088,0,0.000000,45.340000,0.000000,0.000000,0.000000,0.000000,0.000000,0.340000,8.000000,99.230000
1769105946.330580,0,0.000000,45.090000,0.000000,-0.020000,0.000000,0.000000,0.000000,0.180000,8.000000,99.250000
1769105946.332584,0,0.000000,44.770000,0.000000,-0.050000,0.000000,0.000000,0.000000,0.050000,8.000000,99.260000
1769105946.333583,0,0.000000,44.630000,0.000000,0.000000,0.000000,0.000000,0.000000,-0.050000,8.000000,99.270000
1769105946.369324,0,0.000000,44.590000,0.000000,0.000000,0.000000,0.000000,0.000000,-0.100000,8.000000,99.290000
1769105946.370334,0,0.000000,44.650000,0.000000,0.000000,0.000000,0.000000,0.000000,-0.140000,8.000000,99.300000
1769105946.371097,0,0.000000,44.740000,0.000000,0.000000,0.000000,0.000000,0.000000,-0.150000,8.000000,99.310000
1769105946.401936,0,0.000000,45.180000,0.000000,0.070000,0.000000,0.000000,0.000000,-0.170000,8.000000,99.330000
1769105946.403717,0,0.000000,45.380000,0.000000,0.000000,0.000000,0.000000,0.000000,-0.170000,8.000000,99.360000
1769105946.437651,0,0.000000,45.790000,0.000000,0.000000,0.000000,0.000000,0.000000,-0.170000,8.000000,99.370000
1769105946.438653,0,0.000000,46.360000,0.000000,0.000000,0.000000,0.000000,0.000000,-0.170000,8.000000,99.380000
1769105946.438653,0,0.000000,46.950000,0.000000,0.090000,0.000000,0.000000,0.000000,-0.150000,8.000000,99.400000
1769105946.473963,0,0.000000,47.680000,0.000000,0.010000,0.000000,0.000000,0.000000,-0.110000,8.000000,99.410000
1769105946.474523,0,0.000000,48.470000,0.000000,0.050000,0.000000,0.000000,0.000000,-0.010000,8.000000,99.430000
1769105946.508921,0,0.000000,49.110000,0.000000,-0.010000,0.000000,0.000000,0.000000,0.150000,8.000000,99.440000
1769105946.510734,0,0.000000,50.000000,0.000000,0.020000,0.000000,0.000000,0.000000,0.370000,8.000000,99.450000
1769105946.546721,0,0.000000,50.810000,0.000000,0.050000,0.000000,0.000000,0.000000,0.580000,8.000000,99.480000
1769105946.547720,0,0.000000,51.560000,0.000000,0.050000,0.000000,0.000000,0.000000,0.740000,8.000000,99.480000
1769105946.548720,0,0.000000,51.930000,0.000000,0.000000,0.000000,0.000000,0.000000,0.820000,8.000000,99.510000
1769105946.579719,0,0.000000,52.250000,0.000000,0.020000,0.000000,0.000000,0.000000,0.880000,8.000000,99.510000
1769105946.611520,0,0.000000,52.490000,0.000000,-0.030000,0.000000,0.000000,0.000000,0.930000,8.000000,99.540000
1769105946.611520,0,0.000000,52.910000,0.000000,-0.100000,0.000000,0.000000,0.000000,0.970000,8.000000,99.550000
1769105946.613028,0,0.000000,53.500000,0.000000,0.000000,0.000000,0.000000,0.000000,1.000000,8.000000,99.560000
1769105946.648954,0,0.000000,54.180000,0.000000,0.000000,0.000000,0.000000,0.000000,1.010000,8.000000,99.580000
1769105946.649961,0,0.000000,54.590000,0.000000,-0.050000,0.000000,0.000000,0.000000,1.030000,8.000000,99.590000
1769105946.686103,0,0.000000,54.860000,0.000000,0.000000,0.000000,0.000000,0.000000,1.040000,8.000000,99.620000
1769105946.687266,0,0.000000,54.900000,0.000000,-0.020000,0.000000,0.000000,0.000000,1.050000,8.000000,99.620000
1769105946.724478,0,0.000000,54.560000,0.000000,-0.030000,0.000000,0.000000,0.000000,1.070000,8.000000,99.650000
1769105946.724983,0,0.000000,54.200000,0.000000,-0.070000,0.000000,0.000000,0.000000,1.080000,8.000000,99.660000
1769105946.760335,0,0.000000,54.000000,0.000000,-0.100000,0.000000,0.000000,0.000000,1.090000,8.000000,99.680000
1769105946.761334,0,0.000000,54.060000,0.000000,-0.020000,0.000000,0.000000,0.000000,1.090000,8.000000,99.690000
1769105946.762037,0,0.000000,54.340000,0.000000,0.050000,0.000000,0.000000,0.000000,1.090000,8.000000,99.700000
1769105946.800616,0,0.000000,54.930000,0.000000,0.020000,0.000000,0.000000,0.000000,1.090000,8.000000,99.720000
1769105946.801120,0,0.000000,55.830000,0.000000,-0.050000,0.000000,0.000000,0.000000,1.080000,8.000000,99.730000
1769105946.802439,0,0.000000,57.090000,0.000000,0.000000,0.000000,0.000000,0.000000,1.080000,8.000000,99.750000
1769105946.835514,0,0.000000,58.700000,0.000000,0.030000,0.000000,0.000000,0.000000,1.040000,8.000000,99.760000
1769105946.837088,0,0.000000,60.830000,0.000000,0.010000,0.000000,0.000000,0.000000,1.000000,8.000000,99.790000
1769105946.876333,0,0.000000,63.150000,0.000000,0.150000,0.000000,0.000000,0.000000,0.930000,8.000000,99.800000
1769105946.877339,0,0.000000,65.040000,0.000000,0.170000,0.000000,0.000000,0.000000,0.820000,8.000000,99.810000
1769105946.912927,0,0.000000,65.660000,0.000000,0.170000,0.000000,0.000000,0.000000,0.680000,8.000000,99.830000
1769105946.913930,0,0.000000,65.310000,0.000000,0.120000,0.000000,0.000000,0.000000,0.500000,8.000000,99.840000
1769105946.914928,0,0.000000,64.370000,0.000000,0.050000,0.000000,0.000000,0.000000,0.300000,8.000000,99.860000
1769105946.951736,0,0.000000,63.360000,0.000000,-0.010000,0.000000,0.000000,0.000000,0.140000,8.000000,99.870000
1769105946.952740,0,0.000000,62.500000,0.000000,-0.010000,0.000000,0.000000,0.000000,0.000000,8.000000,99.880000
1769105946.986451,0,0.000000,61.770000,0.000000,-0.010000,0.000000,0.000000,0.000000,-0.050000,8.000000,99.910000
1769105946.987456,0,0.000000,61.150000,0.000000,0.000000,0.000000,0.000000,0.000000,-0.100000,8.000000,99.910000
1769105946.988458,0,0.000000,60.560000,0.000000,0.000000,0.000000,0.000000,0.000000,-0.120000,8.000000,99.940000
1769105947.032955,0,0.000000,59.930000,0.000000,0.030000,0.000000,0.000000,0.000000,-0.140000,8.000000,99.940000
1769105947.033955,0,0.000000,59.270000,0.000000,-0.010000,0.000000,0.000000,0.000000,-0.140000,8.000000,99.970000
1769105947.073132,0,0.000000,58.630000,0.000000,0.000000,0.000000,0.000000,0.000000,-0.140000,8.000000,99.980000
1769105947.074963,0,0.000000,58.150000,0.000000,0.050000,0.000000,0.000000,0.000000,-0.140000,8.000000,100.000000
1769105947.075970,0,0.000000,58.020000,0.000000,0.090000,0.000000,0.000000,0.000000,-0.140000,8.000000,100.010000
1769105947.116476,0,0.000000,58.000000,0.000000,0.050000,0.000000,0.000000,0.000000,-0.140000,8.000000,100.020000
1769105947.116986,0,0.000000,58.090000,0.000000,0.050000,0.000000,0.000000,0.000000,-0.120000,8.000000,100.040000
1769105947.118571,0,0.000000,58.250000,0.000000,0.000000,0.000000,0.000000,0.000000,-0.100000,8.000000,100.050000
1769105947.162137,0,0.000000,58.540000,0.000000,0.000000,0.000000,0.000000,0.000000,-0.010000,8.000000,100.060000
1769105947.162909,0,0.000000,59.000000,0.000000,0.000000,0.000000,0.000000,0.000000,0.070000,8.000000,100.080000
1769105947.164271,0,0.000000,59.680000,0.000000,0.050000,0.000000,0.000000,0.000000,0.170000,8.000000,100.090000
1769105947.164777,0,0.000000,60.540000,0.000000,0.020000,0.000000,0.000000,0.000000,0.280000,8.000000,100.120000
1769105947.201143,0,0.000000,61.330000,0.000000,0.000000,0.000000,0.000000,0.000000,0.370000,8.000000,100.120000
1769105947.202153,0,0.000000,62.060000,0.000000,0.070000,0.000000,0.000000,0.000000,0.460000,8.000000,100.150000
1769105947.245349,0,0.000000,62.490000,0.000000,0.000000,0.000000,0.000000,0.000000,0.520000,8.000000,100.160000
1769105947.246075,0,0.000000,62.790000,0.000000,0.020000,0.000000,0.000000,0.000000,0.570000,8.000000,100.180000
1769105947.246580,0,0.000000,62.930000,0.000000,0.070000,0.000000,0.000000,0.000000,0.620000,8.000000,100.190000
1769105947.247974,0,0.000000,63.000000,0.000000,0.050000,0.000000,0.000000,0.000000,0.640000,8.000000,100.200000
1769105947.286664,0,0.000000,63.110000,0.000000,0.000000,0.000000,0.000000,0.000000,0.680000,8.000000,100.220000
1769105947.287170,0,0.000000,63.340000,0.000000,0.050000,0.000000,0.000000,0.000000,0.730000,8.000000,100.230000
1769105947.326880,0,0.000000,63.520000,0.000000,0.020000,0.000000,0.000000,0.000000,0.760000,8.000000,100.250000
1769105947.327887,0,0.000000,63.580000,0.000000,0.070000,0.000000,0.000000,0.000000,0.800000,8.000000,100.260000
1769105947.329653,0,0.000000,63.520000,0.000000,0.010000,0.000000,0.000000,0.000000,0.830000,8.000000,100.270000
1769105947.370249,0,0.000000,63.360000,0.000000,-0.070000,0.000000,0.000000,0.000000,0.870000,8.000000,100.300000
1769105947.371596,0,0.000000,63.090000,0.000000,0.070000,0.000000,0.000000,0.000000,0.880000,8.000000,100.300000
1769105947.414321,0,0.000000,62.910000,0.000000,0.000000,0.000000,0.000000,0.000000,0.910000,8.000000,100.330000
1769105947.414949,0,0.000000,62.590000,0.000000,-0.020000,0.000000,0.000000,0.000000,0.930000,8.000000,100.330000
1769105947.416786,0,0.000000,62.410000,0.000000,0.000000,0.000000,0.000000,0.000000,0.940000,8.000000,100.360000
1769105947.417793,0,0.000000,62.200000,0.000000,-0.090000,0.000000,0.000000,0.000000,0.950000,8.000000,100.370000
1769105947.453560,0,0.000000,62.130000,0.000000,-0.140000,0.000000,0.000000,0.000000,0.970000,8.000000,100.380000
1769105947.454567,0,0.000000,62.150000,0.000000,-0.010000,0.000000,0.000000,0.000000,0.980000,8.000000,100.400000
1769105947.493077,0,0.000000,62.290000,0.000000,0.000000,0.000000,0.000000,0.000000,0.980000,8.000000,100.410000
1769105947.494083,0,0.000000,62.360000,0.000000,-0.020000,0.000000,0.000000,0.000000,0.980000,8.000000,100.430000
1769105947.530420,0,0.000000,62.400000,0.000000,0.000000,0.000000,0.000000,0.000000,0.970000,8.000000,100.440000
1769105947.531609,0,0.000000,62.310000,0.000000,0.000000,0.000000,0.000000,0.000000,0.950000,8.000000,100.450000
1769105947.531609,0,0.000000,62.220000,0.000000,0.020000,0.000000,0.000000,0.000000,0.930000,8.000000,100.480000
1769105947.534318,0,0.000000,62.000000,0.000000,-0.010000,0.000000,0.000000,0.000000,0.880000,8.000000,100.480000
1769105947.571080,0,0.000000,62.080000,0.000000,0.020000,0.000000,0.000000,0.000000,0.810000,8.000000,100.510000
1769105947.572086,0,0.000000,61.970000,0.000000,0.000000,0.000000,0.000000,0.000000,0.700000,8.000000,100.510000
1769105947.615024,0,0.000000,62.040000,0.000000,-0.010000,0.000000,0.000000,0.000000,0.560000,8.000000,100.540000
1769105947.616035,0,0.000000,62.110000,0.000000,0.000000,0.000000,0.000000,0.000000,0.430000,8.000000,100.550000
1769105947.652952,0,0.000000,61.950000,0.000000,0.000000,0.000000,0.000000,0.000000,0.280000,8.000000,100.560000
1769105947.653950,0,0.000000,61.840000,0.000000,0.000000,0.000000,0.000000,0.000000,0.180000,8.000000,100.580000
1769105947.653950,0,0.000000,61.470000,0.000000,-0.050000,0.000000,0.000000,0.000000,0.100000,8.000000,100.590000
1769105947.654951,0,0.000000,61.180000,0.000000,0.000000,0.000000,0.000000,0.000000,0.050000,8.000000,100.610000
1769105947.694718,0,0.000000,60.590000,0.000000,-0.030000,0.000000,0.000000,0.000000,0.000000,8.000000,100.620000
1769105947.732411,0,0.000000,60.040000,0.000000,-0.010000,0.000000,0.000000,0.000000,-0.030000,8.000000,100.630000
1769105947.733148,0,0.000000,59.430000,0.000000,0.000000,0.000000,0.000000,0.000000,-0.090000,8.000000,100.660000
1769105947.734154,0,0.000000,58.810000,0.000000,0.000000,0.000000,0.000000,0.000000,-0.110000,8.000000,100.660000
1769105947.734935,0,0.000000,58.270000,0.000000,-0.050000,0.000000,0.000000,0.000000,-0.140000,8.000000,100.690000
1769105947.777956,0,0.000000,58.000000,0.000000,0.000000,0.000000,0.000000,0.000000,-0.150000,8.000000,100.700000
1769105947.778957,0,0.000000,57.840000,0.000000,0.000000,0.000000,0.000000,0.000000,-0.150000,8.000000,100.720000
1769105947.817961,0,0.000000,57.720000,0.000000,-0.020000,0.000000,0.000000,0.000000,-0.150000,8.000000,100.730000
1769105947.818959,0,0.000000,57.750000,0.000000,0.020000,0.000000,0.000000,0.000000,-0.150000,8.000000,100.750000
1769105947.820522,0,0.000000,57.770000,0.000000,0.000000,0.000000,0.000000,0.000000,-0.150000,8.000000,100.760000
1769105947.862363,0,0.000000,57.860000,0.000000,0.000000,0.000000,0.000000,0.000000,-0.140000,8.000000,100.770000
1769105947.863361,0,0.000000,57.860000,0.000000,0.000000,0.000000,0.000000,0.000000,-0.140000,8.000000,100.800000
1769105947.901087,0,0.000000,57.900000,0.000000,0.000000,0.000000,0.000000,0.000000,-0.120000,8.000000,100.800000
1769105947.902093,0,0.000000,57.970000,0.000000,-0.020000,0.000000,0.000000,0.000000,-0.140000,8.000000,100.830000
1769105947.902874,0,0.000000,57.930000,0.000000,0.000000,0.000000,0.000000,0.000000,-0.120000,8.000000,100.830000
1769105947.944637,0,0.000000,57.880000,0.000000,0.000000,0.000000,0.000000,0.000000,-0.120000,8.000000,100.860000
1769105947.946320,0,0.000000,57.860000,0.000000,-0.010000,0.000000,0.000000,0.000000,-0.120000,8.000000,100.870000
1769105947.948503,0,0.000000,57.790000,0.000000,-0.020000,0.000000,0.000000,0.000000,-0.120000,8.000000,100.880000
1769105947.984549,0,0.000000,57.660000,0.000000,0.050000,0.000000,0.000000,0.000000,-0.120000,8.000000,100.900000
1769105947.985546,0,0.000000,57.560000,0.000000,0.050000,0.000000,0.000000,0.000000,-0.120000,8.000000,100.910000
1769105947.987053,0,0.000000,57.520000,0.000000,-0.010000,0.000000,0.000000,0.000000,-0.120000,8.000000,100.930000
1769105948.026898,0,0.000000,57.360000,0.000000,0.050000,0.000000,0.000000,0.000000,-0.120000,8.000000,100.940000
1769105948.026898,0,0.000000,57.290000,0.000000,0.000000,0.000000,0.000000,0.000000,-0.120000,8.000000,100.950000
1769105948.027905,0,0.000000,57.290000,0.000000,0.000000,0.000000,0.000000,0.000000,-0.120000,8.000000,100.980000
1769105948.064599,0,0.000000,57.380000,0.000000,0.000000,0.000000,0.000000,0.000000,-0.120000,8.000000,100.980000
1769105948.065293,0,0.000000,57.340000,0.000000,0.000000,0.000000,0.000000,0.000000,-0.140000,8.000000,101.010000
1769105948.098097,0,0.000000,57.360000,0.000000,-0.050000,0.000000,0.000000,0.000000,-0.140000,8.000000,101.010000
1769105948.099277,0,0.000000,57.340000,0.000000,0.000000,0.000000,0.000000,0.000000,-0.140000,8.000000,101.040000
1769105948.100672,0,0.000000,57.410000,0.000000,-0.030000,0.000000,0.000000,0.000000,-0.150000,8.000000,101.050000
1769105948.136562,0,0.000000,57.410000,0.000000,0.000000,0.000000,0.000000,0.000000,-0.150000,8.000000,101.060000
1769105948.138562,0,0.000000,57.330000,0.000000,0.030000,0.000000,0.000000,0.000000,-0.150000,8.000000,101.080000
1769105948.176044,0,0.000000,57.250000,0.000000,0.000000,0.000000,0.000000,0.000000,-0.150000,8.000000,101.090000
1769105948.176754,0,0.000000,57.200000,0.000000,-0.010000,0.000000,0.000000,0.000000,-0.150000,8.000000,101.110000
1769105948.177759,0,0.000000,57.200000,0.000000,-0.020000,0.000000,0.000000,0.000000,-0.150000,8.000000,101.120000
1769105948.217380,0,0.000000,57.130000,0.000000,0.000000,0.000000,0.000000,0.000000,-0.150000,8.000000,101.130000
1769105948.218884,0,0.000000,57.090000,0.000000,0.000000,0.000000,0.000000,0.000000,-0.150000,8.000000,101.160000
1769105948.219889,0,0.000000,57.110000,0.000000,0.000000,0.000000,0.000000,0.000000,-0.150000,8.000000,101.160000
1769105948.261512,0,0.000000,57.150000,0.000000,0.070000,0.000000,0.000000,0.000000,-0.140000,8.000000,101.190000
1769105948.263375,0,0.000000,57.110000,0.000000,0.020000,0.000000,0.000000,0.000000,-0.140000,8.000000,101.200000
1769105948.297987,0,0.000000,57.130000,0.000000,0.030000,0.000000,0.000000,0.000000,-0.140000,8.000000,101.220000
1769105948.298687,0,0.000000,57.150000,0.000000,0.020000,0.000000,0.000000,0.000000,-0.140000,8.000000,101.230000
1769105948.299696,0,0.000000,57.110000,0.000000,0.000000,0.000000,0.000000,0.000000,-0.150000,8.000000,101.250000
1769105948.334775,0,0.000000,57.000000,0.000000,0.050000,0.000000,0.000000,0.000000,-0.150000,8.000000,101.260000
1769105948.335775,0,0.000000,57.150000,0.000000,0.030000,0.000000,0.000000,0.000000,-0.150000,8.000000,101.270000
1769105948.336776,0,0.000000,57.130000,0.000000,0.000000,0.000000,0.000000,0.000000,-0.150000,8.000000,101.300000
1769105948.371548,0,0.000000,56.950000,0.000000,0.050000,0.000000,0.000000,0.000000,-0.150000,8.000000,101.300000
1769105948.372557,0,0.000000,57.020000,0.000000,0.000000,0.000000,0.000000,0.000000,-0.150000,8.000000,101.330000
1769105948.413098,0,0.000000,57.060000,0.000000,0.100000,0.000000,0.000000,0.000000,-0.150000,8.000000,101.330000
1769105948.414107,0,0.000000,57.000000,0.000000,0.000000,0.000000,0.000000,0.000000,-0.150000,8.000000,101.360000
1769105948.446620,0,0.000000,57.000000,0.000000,0.000000,0.000000,0.000000,0.000000,-0.150000,8.000000,101.370000
1769105948.446620,0,0.000000,57.000000,0.000000,0.020000,0.000000,0.000000,0.000000,-0.150000,8.000000,101.380000
1769105948.448819,0,0.000000,57.090000,0.000000,0.010000,0.000000,0.000000,0.000000,-0.140000,8.000000,101.400000
1769105948.485750,0,0.000000,57.000000,0.000000,0.030000,0.000000,0.000000,0.000000,-0.140000,8.000000,101.410000
1769105948.486508,0,0.000000,56.990000,0.000000,0.020000,0.000000,0.000000,0.000000,-0.140000,8.000000,101.430000
1769105948.487515,0,0.000000,57.060000,0.000000,0.050000,0.000000,0.000000,0.000000,-0.150000,8.000000,101.440000
1769105948.525794,0,0.000000,57.040000,0.000000,-0.030000,0.000000,0.000000,0.000000,-0.150000,8.000000,101.450000
1769105948.527546,0,0.000000,56.990000,0.000000,0.000000,0.000000,0.000000,0.000000,-0.150000,8.000000,101.480000
1769105948.564525,0,0.000000,57.020000,0.000000,0.010000,0.000000,0.000000,0.000000,-0.150000,8.000000,101.480000
1769105948.566800,0,0.000000,57.020000,0.000000,0.000000,0.000000,0.000000,0.000000,-0.150000,8.000000,101.510000
1769105948.568280,0,0.000000,57.000000,0.000000,0.020000,0.000000,0.000000,0.000000,-0.150000,8.000000,101.510000
1769105948.602835,0,0.000000,56.930000,0.000000,0.100000,0.000000,0.000000,0.000000,-0.150000,8.000000,101.540000
1769105948.603833,0,0.000000,57.000000,0.000000,0.020000,0.000000,0.000000,0.000000,-0.150000,8.000000,101.550000
1769105948.635909,0,0.000000,56.990000,0.000000,0.050000,0.000000,0.000000,0.000000,-0.150000,8.000000,101.560000
1769105948.636909,0,0.000000,57.000000,0.000000,0.000000,0.000000,0.000000,0.000000,-0.150000,8.000000,101.580000
1769105948.677300,0,0.000000,57.060000,0.000000,0.050000,0.000000,0.000000,0.000000,-0.150000,8.000000,101.590000
1769105948.678312,0,0.000000,57.020000,0.000000,0.020000,0.000000,0.000000,0.000000,-0.150000,8.000000,101.610000
1769105948.679310,0,0.000000,57.020000,0.000000,-0.020000,0.000000,0.000000,0.000000,-0.150000,8.000000,101.620000
1769105948.719316,0,0.000000,57.040000,0.000000,0.020000,0.000000,0.000000,0.000000,-0.150000,8.000000,101.630000
1769105948.721134,0,0.000000,57.060000,0.000000,0.050000,0.000000,0.000000,0.000000,-0.150000,8.000000,101.660000
1769105948.758259,0,0.000000,57.000000,0.000000,0.030000,0.000000,0.000000,0.000000,-0.150000,8.000000,101.660000
1769105948.760088,0,0.000000,56.990000,0.000000,0.000000,0.000000,0.000000,0.000000,-0.150000,8.000000,101.690000
1769105948.761096,0,0.000000,57.110000,0.000000,-0.050000,0.000000,0.000000,0.000000,-0.150000,8.000000,101.690000
1769105948.792157,0,0.000000,57.040000,0.000000,0.000000,0.000000,0.000000,0.000000,-0.150000,8.000000,101.720000
1769105948.793165,0,0.000000,57.000000,0.000000,-0.030000,0.000000,0.000000,0.000000,-0.150000,8.000000,101.730000
1769105948.793883,0,0.000000,57.020000,0.000000,0.000000,0.000000,0.000000,0.000000,-0.150000,8.000000,101.750000
1769105948.827931,0,0.000000,57.090000,0.000000,-0.050000,0.000000,0.000000,0.000000,-0.150000,8.000000,101.760000
1769105948.829723,0,0.000000,57.040000,0.000000,0.030000,0.000000,0.000000,0.000000,-0.150000,8.000000,101.770000
1769105948.830723,0,0.000000,57.040000,0.000000,-0.010000,0.000000,0.000000,0.000000,-0.150000,8.000000,101.790000
1769105948.870041,0,0.000000,57.060000,0.000000,0.010000,0.000000,0.000000,0.000000,-0.150000,8.000000,101.800000
1769105948.904857,0,0.000000,56.910000,0.000000,0.000000,0.000000,0.000000,0.000000,-0.150000,8.000000,101.810000
1769105948.905864,0,0.000000,56.950000,0.000000,0.020000,0.000000,0.000000,0.000000,-0.150000,8.000000,101.830000
1769105948.906864,0,0.000000,56.930000,0.000000,0.000000,0.000000,0.000000,0.000000,-0.150000,8.000000,101.860000
1769105948.945343,0,0.000000,56.910000,0.000000,0.000000,0.000000,0.000000,0.000000,-0.150000,8.000000,101.870000
1769105948.946040,0,0.000000,56.930000,0.000000,0.050000,0.000000,0.000000,0.000000,-0.150000,8.000000,101.880000
1769105948.947362,0,0.000000,56.950000,0.000000,0.010000,0.000000,0.000000,0.000000,-0.150000,8.000000,101.900000
1769105948.983891,0,0.000000,56.910000,0.000000,0.050000,0.000000,0.000000,0.000000,-0.150000,8.000000,101.910000
1769105948.984889,0,0.000000,56.930000,0.000000,-0.020000,0.000000,0.000000,0.000000,-0.150000,8.000000,101.930000
1769105949.018854,0,0.000000,56.930000,0.000000,-0.010000,0.000000,0.000000,0.000000,-0.150000,8.000000,101.940000
1769105949.019853,0,0.000000,56.990000,0.000000,-0.050000,0.000000,0.000000,0.000000,-0.150000,8.000000,101.950000
1769105949.022651,0,0.000000,56.910000,0.000000,0.050000,0.000000,0.000000,0.000000,-0.150000,8.000000,101.980000
1769105949.057250,0,0.000000,56.910000,0.000000,-0.090000,0.000000,0.000000,0.000000,-0.170000,8.000000,101.980000
1769105949.058249,0,0.000000,56.880000,0.000000,0.000000,0.000000,0.000000,0.000000,-0.170000,8.000000,102.010000
1769105949.095941,0,0.000000,56.880000,0.000000,0.010000,0.000000,0.000000,0.000000,-0.170000,8.000000,102.010000
1769105949.097252,0,0.000000,56.990000,0.000000,0.020000,0.000000,0.000000,0.000000,-0.170000,8.000000,102.040000
1769105949.097764,0,0.000000,57.000000,0.000000,0.000000,0.000000,0.000000,0.000000,-0.170000,8.000000,102.050000
1769105949.134543,0,0.000000,56.860000,0.000000,0.090000,0.000000,0.000000,0.000000,-0.170000,8.000000,102.060000
1769105949.135245,0,0.000000,56.910000,0.000000,-0.010000,0.000000,0.000000,0.000000,-0.170000,8.000000,102.080000
1769105949.170720,0,0.000000,56.880000,0.000000,0.050000,0.000000,0.000000,0.000000,-0.170000,8.000000,102.090000
1769105949.173538,0,0.000000,56.910000,0.000000,0.020000,0.000000,0.000000,0.000000,-0.170000,8.000000,102.110000
1769105949.174312,0,0.000000,56.810000,0.000000,0.030000,0.000000,0.000000,0.000000,-0.170000,8.000000,102.120000
1769105949.176324,0,0.000000,56.790000,0.000000,0.030000,0.000000,0.000000,0.000000,-0.170000,8.000000,102.130000
1769105949.213786,0,0.000000,56.810000,0.000000,0.020000,0.000000,0.000000,0.000000,-0.170000,8.000000,102.160000
1769105949.214292,0,0.000000,56.840000,0.000000,0.010000,0.000000,0.000000,0.000000,-0.170000,8.000000,102.160000
1769105949.251737,0,0.000000,56.770000,0.000000,0.000000,0.000000,0.000000,0.000000,-0.170000,8.000000,102.190000
1769105949.252734,0,0.000000,56.880000,0.000000,0.000000,0.000000,0.000000,0.000000,-0.170000,8.000000,102.190000
1769105949.291727,0,0.000000,56.900000,0.000000,0.000000,0.000000,0.000000,0.000000,-0.170000,8.000000,102.220000
1769105949.293574,0,0.000000,56.900000,0.000000,0.020000,0.000000,0.000000,0.000000,-0.170000,8.000000,102.230000
1769105949.294581,0,0.000000,56.900000,0.000000,0.050000,0.000000,0.000000,0.000000,-0.180000,8.000000,102.250000
1769105949.330730,0,0.000000,56.910000,0.000000,0.050000,0.000000,0.000000,0.000000,-0.170000,8.000000,102.260000
1769105949.331236,0,0.000000,56.810000,0.000000,-0.050000,0.000000,0.000000,0.000000,-0.180000,8.000000,102.270000
1769105949.332881,0,0.000000,56.750000,0.000000,-0.020000,0.000000,0.000000,0.000000,-0.180000,8.000000,102.290000
1769105949.369789,0,0.000000,56.810000,0.000000,0.000000,0.000000,0.000000,0.000000,-0.180000,8.000000,102.300000
1769105949.371539,0,0.000000,56.790000,0.000000,0.050000,0.000000,0.000000,0.000000,-0.180000,8.000000,102.310000
1769105949.412613,0,0.000000,56.810000,0.000000,0.020000,0.000000,0.000000,0.000000,-0.180000,8.000000,102.330000
1769105949.413287,0,0.000000,56.790000,0.000000,0.030000,0.000000,0.000000,0.000000,-0.180000,8.000000,102.340000
1769105949.414293,0,0.000000,56.770000,0.000000,-0.100000,0.000000,0.000000,0.000000,-0.180000,8.000000,102.370000
1769105949.445621,0,0.000000,56.790000,0.000000,0.000000,0.000000,0.000000,0.000000,-0.180000,8.000000,102.370000
1769105949.446626,0,0.000000,56.770000,0.000000,0.000000,0.000000,0.000000,0.000000,-0.180000,8.000000,102.400000
1769105949.482549,0,0.000000,56.750000,0.000000,0.030000,0.000000,0.000000,0.000000,-0.180000,8.000000,102.410000
1769105949.483559,0,0.000000,56.720000,0.000000,0.030000,0.000000,0.000000,0.000000,-0.180000,8.000000,102.430000
1769105949.484325,0,0.000000,56.700000,0.000000,0.070000,0.000000,0.000000,0.000000,-0.180000,8.000000,102.440000
1769105949.517826,0,0.000000,56.610000,0.000000,0.000000,0.000000,0.000000,0.000000,-0.180000,8.000000,102.450000
1769105949.519596,0,0.000000,56.630000,0.000000,0.000000,0.000000,0.000000,0.000000,-0.180000,8.000000,102.470000
1769105949.554587,0,0.000000,56.610000,0.000000,0.020000,0.000000,0.000000,0.000000,-0.180000,8.000000,102.480000
1769105949.585389,0,0.000000,56.500000,0.000000,0.000000,0.000000,0.000000,0.000000,-0.180000,8.000000,102.500000
1769105949.586387,0,0.000000,56.560000,0.000000,-0.070000,0.000000,0.000000,0.000000,-0.180000,8.000000,102.510000
1769105949.586387,0,0.000000,56.490000,0.000000,0.000000,0.000000,0.000000,0.000000,-0.180000,8.000000,102.520000
1769105949.618510,0,0.000000,56.450000,0.000000,0.000000,0.000000,0.000000,0.000000,-0.180000,8.000000,102.550000
1769105949.619288,0,0.000000,56.490000,0.000000,0.050000,0.000000,0.000000,0.000000,-0.180000,8.000000,102.550000
1769105949.620296,0,0.000000,56.430000,0.000000,0.020000,0.000000,0.000000,0.000000,-0.170000,8.000000,102.580000
1769105949.666118,0,0.000000,56.430000,0.000000,0.000000,0.000000,0.000000,0.000000,-0.180000,8.000000,102.580000
1769105949.667677,0,0.000000,56.470000,0.000000,0.000000,0.000000,0.000000,0.000000,-0.180000,8.000000,102.610000
1769105949.707638,0,0.000000,56.400000,0.000000,0.010000,0.000000,0.000000,0.000000,-0.170000,8.000000,102.620000
1769105949.708641,0,0.000000,56.430000,0.000000,0.000000,0.000000,0.000000,0.000000,-0.180000,8.000000,102.630000
1769105949.709638,0,0.000000,56.430000,0.000000,0.000000,0.000000,0.000000,0.000000,-0.180000,8.000000,102.650000
1769105949.752995,0,0.000000,56.270000,0.000000,0.010000,0.000000,0.000000,0.000000,-0.170000,8.000000,102.660000
1769105949.753502,0,0.000000,56.340000,0.000000,0.050000,0.000000,0.000000,0.000000,-0.180000,8.000000,102.680000
1769105949.754821,0,0.000000,56.290000,0.000000,0.090000,0.000000,0.000000,0.000000,-0.180000,8.000000,102.690000
1769105949.789930,0,0.000000,56.340000,0.000000,0.010000,0.000000,0.000000,0.000000,-0.180000,8.000000,102.700000
1769105949.789930,0,0.000000,56.380000,0.000000,0.000000,0.000000,0.000000,0.000000,-0.180000,8.000000,102.730000
1769105949.791711,0,0.000000,56.270000,0.000000,0.050000,0.000000,0.000000,0.000000,-0.170000,8.000000,102.730000
1769105949.836674,0,0.000000,56.250000,0.000000,-0.010000,0.000000,0.000000,0.000000,-0.180000,8.000000,102.760000
1769105949.837682,0,0.000000,56.250000,0.000000,0.000000,0.000000,0.000000,0.000000,-0.180000,8.000000,102.760000
1769105949.869740,0,0.000000,56.090000,0.000000,0.000000,0.000000,0.000000,0.000000,-0.180000,8.000000,102.790000
1769105949.870396,0,0.000000,56.180000,0.000000,-0.030000,0.000000,0.000000,0.000000,-0.180000,8.000000,102.800000
1769105949.871403,0,0.000000,56.040000,0.000000,0.000000,0.000000,0.000000,0.000000,-0.180000,8.000000,102.810000
1769105949.935006,0,0.000000,56.060000,0.000000,0.000000,0.000000,0.000000,0.000000,-0.180000,8.000000,102.830000
1769105949.935781,0,0.000000,56.080000,0.000000,0.000000,0.000000,0.000000,0.000000,-0.180000,8.000000,102.840000
1769105949.936785,0,0.000000,56.020000,0.000000,-0.070000,0.000000,0.000000,0.000000,-0.180000,8.000000,102.860000
1769105949.937591,0,0.000000,55.970000,0.000000,0.030000,0.000000,0.000000,0.000000,-0.180000,8.000000,102.870000
1769105949.938597,0,0.000000,55.950000,0.000000,0.000000,0.000000,0.000000,0.000000,-0.180000,8.000000,102.880000
1769105949.939429,0,0.000000,55.900000,0.000000,-0.110000,0.000000,0.000000,0.000000,-0.180000,8.000000,102.910000
1769105949.984546,0,0.000000,56.000000,0.000000,-0.070000,0.000000,0.000000,0.000000,-0.180000,8.000000,102.910000
1769105950.032127,0,0.000000,55.930000,0.000000,0.000000,0.000000,0.000000,0.000000,-0.180000,8.000000,102.940000
1769105950.033134,0,0.000000,56.040000,0.000000,0.000000,0.000000,0.000000,0.000000,-0.170000,8.000000,102.940000
1769105950.033830,0,0.000000,56.060000,0.000000,0.030000,0.000000,0.000000,0.000000,-0.180000,8.000000,102.970000
1769105950.079137,0,0.000000,55.930000,0.000000,0.010000,0.000000,0.000000,0.000000,-0.180000,8.000000,102.980000
1769105950.080132,0,0.000000,55.860000,0.000000,0.000000,0.000000,0.000000,0.000000,-0.180000,8.000000,103.000000
1769105950.081135,0,0.000000,55.790000,0.000000,0.000000,0.000000,0.000000,0.000000,-0.180000,8.000000,103.010000
1769105950.126021,0,0.000000,55.790000,0.000000,0.050000,0.000000,0.000000,0.000000,-0.180000,8.000000,103.020000
1769105950.127538,0,0.000000,55.830000,0.000000,0.030000,0.000000,0.000000,0.000000,-0.170000,8.000000,103.050000
1769105950.128341,0,0.000000,55.790000,0.000000,0.090000,0.000000,0.000000,0.000000,-0.180000,8.000000,103.050000
1769105950.168416,0,0.000000,55.770000,0.000000,0.000000,0.000000,0.000000,0.000000,-0.170000,8.000000,103.080000
1769105950.168416,0,0.000000,55.740000,0.000000,0.050000,0.000000,0.000000,0.000000,-0.180000,8.000000,103.080000
1769105950.169422,0,0.000000,55.770000,0.000000,0.100000,0.000000,0.000000,0.000000,-0.180000,8.000000,103.090000
1769105950.215030,0,0.000000,55.720000,0.000000,0.000000,0.000000,0.000000,0.000000,-0.180000,8.000000,103.120000
1769105950.216031,0,0.000000,55.750000,0.000000,0.050000,0.000000,0.000000,0.000000,-0.180000,8.000000,103.120000
1769105950.216031,0,0.000000,55.740000,0.000000,0.070000,0.000000,0.000000,0.000000,-0.180000,8.000000,103.150000
1769105950.256483,0,0.000000,55.610000,0.000000,0.050000,0.000000,0.000000,0.000000,-0.180000,8.000000,103.160000
1769105950.257490,0,0.000000,55.700000,0.000000,0.000000,0.000000,0.000000,0.000000,-0.180000,8.000000,103.180000
1769105950.258248,0,0.000000,55.650000,0.000000,0.000000,0.000000,0.000000,0.000000,-0.180000,8.000000,103.190000
1769105950.260255,0,0.000000,55.610000,0.000000,0.020000,0.000000,0.000000,0.000000,-0.180000,8.000000,103.200000
1769105950.304418,0,0.000000,55.720000,0.000000,0.000000,0.000000,0.000000,0.000000,-0.180000,8.000000,103.230000
1769105950.305426,0,0.000000,55.610000,0.000000,-0.030000,0.000000,0.000000,0.000000,-0.180000,8.000000,103.230000
1769105950.306426,0,0.000000,55.650000,0.000000,0.010000,0.000000,0.000000,0.000000,-0.180000,8.000000,103.250000
1769105950.352240,0,0.000000,55.630000,0.000000,0.030000,0.000000,0.000000,0.000000,-0.180000,8.000000,103.260000
1769105950.353248,0,0.000000,55.630000,0.000000,0.000000,0.000000,0.000000,0.000000,-0.180000,8.000000,103.290000
1769105950.354951,0,0.000000,55.590000,0.000000,0.000000,0.000000,0.000000,0.000000,-0.180000,8.000000,103.300000
1769105950.403623,0,0.000000,55.650000,0.000000,-0.010000,0.000000,0.000000,0.000000,-0.180000,8.000000,103.310000
1769105950.405622,0,0.000000,55.660000,0.000000,0.000000,0.000000,0.000000,0.000000,-0.180000,8.000000,103.330000
1769105950.450193,0,0.000000,55.630000,0.000000,0.100000,0.000000,0.000000,0.000000,-0.180000,8.000000,103.340000
1769105950.451555,0,0.000000,55.540000,0.000000,0.050000,0.000000,0.000000,0.000000,-0.180000,8.000000,103.360000
1769105950.452064,0,0.000000,55.540000,0.000000,0.070000,0.000000,0.000000,0.000000,-0.180000,8.000000,103.370000
1769105950.453846,0,0.000000,55.590000,0.000000,0.000000,0.000000,0.000000,0.000000,-0.180000,8.000000,103.380000
1769105950.508609,0,0.000000,55.590000,0.000000,0.050000,0.000000,0.000000,0.000000,-0.180000,8.000000,103.410000
1769105950.510884,0,0.000000,55.560000,0.000000,0.020000,0.000000,0.000000,0.000000,-0.180000,8.000000,103.410000
1769105950.513018,0,0.000000,55.590000,0.000000,0.000000,0.000000,0.000000,0.000000,-0.180000,8.000000,103.440000
1769105950.514077,0,0.000000,55.560000,0.000000,-0.100000,0.000000,0.000000,0.000000,-0.180000,8.000000,103.450000
1769105950.568030,0,0.000000,55.540000,0.000000,0.000000,0.000000,0.000000,0.000000,-0.180000,8.000000,103.470000
1769105950.570013,0,0.000000,55.540000,0.000000,-0.030000,0.000000,0.000000,0.000000,-0.180000,8.000000,103.480000
1769105950.571865,0,0.000000,55.540000,0.000000,-0.030000,0.000000,0.000000,0.000000,-0.180000,8.000000,103.500000
1769105950.619552,0,0.000000,55.540000,0.000000,0.000000,0.000000,0.000000,0.000000,-0.180000,8.000000,103.510000
1769105950.621254,0,0.000000,55.540000,0.000000,0.020000,0.000000,0.000000,0.000000,-0.180000,8.000000,103.520000
1769105950.623127,0,0.000000,55.520000,0.000000,-0.050000,0.000000,0.000000,0.000000,-0.180000,8.000000,103.550000
1769105950.624925,0,0.000000,55.660000,0.000000,0.050000,0.000000,0.000000,0.000000,-0.180000,8.000000,103.550000
1769105950.691574,0,0.000000,55.540000,0.000000,0.030000,0.000000,0.000000,0.000000,-0.180000,8.000000,103.580000
1769105950.693537,0,0.000000,55.540000,0.000000,0.010000,0.000000,0.000000,0.000000,-0.180000,8.000000,103.580000
1769105950.696268,0,0.000000,55.610000,0.000000,0.010000,0.000000,0.000000,0.000000,-0.180000,8.000000,103.610000
1769105950.697103,0,0.000000,55.560000,0.000000,0.070000,0.000000,0.000000,0.000000,-0.180000,8.000000,103.620000
1769105950.747221,0,0.000000,55.540000,0.000000,0.050000,0.000000,0.000000,0.000000,-0.180000,8.000000,103.630000
1769105950.749226,0,0.000000,55.650000,0.000000,0.010000,0.000000,0.000000,0.000000,-0.180000,8.000000,103.650000
1769105950.750220,0,0.000000,55.560000,0.000000,-0.010000,0.000000,0.000000,0.000000,-0.180000,8.000000,103.660000
1769105950.752500,0,0.000000,55.660000,0.000000,-0.010000,0.000000,0.000000,0.000000,-0.180000,8.000000,103.680000
1769105950.809883,0,0.000000,55.700000,0.000000,0.050000,0.000000,0.000000,0.000000,-0.180000,8.000000,103.690000
1769105950.810882,0,0.000000,55.650000,0.000000,-0.010000,0.000000,0.000000,0.000000,-0.180000,8.000000,103.700000
1769105950.812430,0,0.000000,55.660000,0.000000,0.000000,0.000000,0.000000,0.000000,-0.180000,8.000000,103.730000
1769105950.813438,0,0.000000,55.610000,0.000000,0.000000,0.000000,0.000000,0.000000,-0.180000,8.000000,103.730000
1769105950.868010,0,0.000000,55.660000,0.000000,0.020000,0.000000,0.000000,0.000000,-0.180000,8.000000,103.760000
1769105950.870121,0,0.000000,55.650000,0.000000,0.000000,0.000000,0.000000,0.000000,-0.180000,8.000000,103.760000
1769105950.871717,0,0.000000,55.520000,0.000000,0.000000,0.000000,0.000000,0.000000,-0.180000,8.000000,103.790000
1769105950.917619,0,0.000000,55.610000,0.000000,0.050000,0.000000,0.000000,0.000000,-0.180000,8.000000,103.800000
1769105950.918619,0,0.000000,55.660000,0.000000,0.010000,0.000000,0.000000,0.000000,-0.180000,8.000000,103.810000
1769105950.919618,0,0.000000,55.630000,0.000000,0.000000,0.000000,0.000000,0.000000,-0.180000,8.000000,103.830000
1769105950.920620,0,0.000000,55.740000,0.000000,0.000000,0.000000,0.000000,0.000000,-0.180000,8.000000,103.840000
1769105950.921619,0,0.000000,55.720000,0.000000,0.050000,0.000000,0.000000,0.000000,-0.180000,8.000000,103.860000
1769105950.972367,0,0.000000,55.790000,0.000000,0.000000,0.000000,0.000000,0.000000,-0.180000,8.000000,103.870000
1769105950.974948,0,0.000000,55.770000,0.000000,0.020000,0.000000,0.000000,0.000000,-0.180000,8.000000,103.880000
1769105950.975455,0,0.000000,55.830000,0.000000,0.050000,0.000000,0.000000,0.000000,-0.180000,8.000000,103.910000
1769105951.022717,0,0.000000,55.900000,0.000000,0.000000,0.000000,0.000000,0.000000,-0.180000,8.000000,103.910000
1769105951.025050,0,0.000000,55.950000,0.000000,0.070000,0.000000,0.000000,0.000000,-0.180000,8.000000,103.940000
1769105951.026878,0,0.000000,56.000000,0.000000,0.050000,0.000000,0.000000,0.000000,-0.180000,8.000000,103.940000
1769105951.028206,0,0.000000,56.090000,0.000000,0.050000,0.000000,0.000000,0.000000,-0.180000,8.000000,103.970000
1769105951.083241,0,0.000000,56.250000,0.000000,0.000000,0.000000,0.000000,0.000000,-0.180000,8.000000,103.980000
1769105951.084025,0,0.000000,56.200000,0.000000,0.000000,0.000000,0.000000,0.000000,-0.180000,8.000000,104.000000
1769105951.085811,0,0.000000,56.220000,0.000000,0.030000,0.000000,0.000000,0.000000,-0.180000,8.000000,104.010000
1769105951.087123,0,0.000000,56.360000,0.000000,0.030000,0.000000,0.000000,0.000000,-0.180000,8.000000,104.020000
1769105951.136425,0,0.000000,56.400000,0.000000,0.000000,0.000000,0.000000,0.000000,-0.180000,8.000000,104.040000
1769105951.137206,0,0.000000,56.520000,0.000000,0.010000,0.000000,0.000000,0.000000,-0.170000,8.000000,104.050000
1769105951.138212,0,0.000000,56.750000,0.000000,0.090000,0.000000,0.000000,0.000000,-0.180000,8.000000,104.060000
1769105951.139216,0,0.000000,56.880000,0.000000,0.000000,0.000000,0.000000,0.000000,-0.180000,8.000000,104.080000
1769105951.182630,0,0.000000,57.090000,0.000000,0.050000,0.000000,0.000000,0.000000,-0.180000,8.000000,104.090000
1769105951.183387,0,0.000000,57.250000,0.000000,0.030000,0.000000,0.000000,0.000000,-0.180000,8.000000,104.120000
1769105951.227857,0,0.000000,57.610000,0.000000,0.050000,0.000000,0.000000,0.000000,-0.180000,8.000000,104.120000
1769105951.228866,0,0.000000,57.860000,0.000000,0.020000,0.000000,0.000000,0.000000,-0.180000,8.000000,104.150000
1769105951.229869,0,0.000000,58.200000,0.000000,0.030000,0.000000,0.000000,0.000000,-0.180000,8.000000,104.160000
1769105951.230865,0,0.000000,58.540000,0.000000,-0.070000,0.000000,0.000000,0.000000,-0.180000,8.000000,104.180000
1769105951.277865,0,0.000000,59.020000,0.000000,0.030000,0.000000,0.000000,0.000000,-0.170000,8.000000,104.190000
1769105951.278916,0,0.000000,59.500000,0.000000,0.050000,0.000000,0.000000,0.000000,-0.150000,8.000000,104.200000
1769105951.334190,0,0.000000,60.020000,0.000000,0.050000,0.000000,0.000000,0.000000,-0.150000,8.000000,104.220000
1769105951.335251,0,0.000000,60.450000,0.000000,0.070000,0.000000,0.000000,0.000000,-0.140000,8.000000,104.230000
1769105951.336317,0,0.000000,60.810000,0.000000,0.020000,0.000000,0.000000,0.000000,-0.120000,8.000000,104.250000
1769105951.338984,0,0.000000,61.250000,0.000000,0.010000,0.000000,0.000000,0.000000,-0.120000,8.000000,104.260000
1769105951.384418,0,0.000000,61.430000,0.000000,0.090000,0.000000,0.000000,0.000000,-0.120000,8.000000,104.290000
1769105951.386385,0,0.000000,61.680000,0.000000,0.100000,0.000000,0.000000,0.000000,-0.120000,8.000000,104.300000
1769105951.388265,0,0.000000,61.750000,0.000000,0.100000,0.000000,0.000000,0.000000,-0.120000,8.000000,104.300000
1769105951.444581,0,0.000000,61.750000,0.000000,0.020000,0.000000,0.000000,0.000000,-0.120000,8.000000,104.330000
1769105951.445237,0,0.000000,61.750000,0.000000,0.100000,0.000000,0.000000,0.000000,-0.120000,8.000000,104.340000
1769105951.446249,0,0.000000,61.700000,0.000000,-0.050000,0.000000,0.000000,0.000000,-0.140000,8.000000,104.360000
1769105951.447023,0,0.000000,61.790000,0.000000,0.030000,0.000000,0.000000,0.000000,-0.140000,8.000000,104.370000
1769105951.493641,0,0.000000,61.660000,0.000000,0.000000,0.000000,0.000000,0.000000,-0.150000,8.000000,104.380000
1769105951.494448,0,0.000000,61.650000,0.000000,0.050000,0.000000,0.000000,0.000000,-0.150000,8.000000,104.400000
1769105951.495453,0,0.000000,61.650000,0.000000,0.000000,0.000000,0.000000,0.000000,-0.150000,8.000000,104.410000
1769105951.498064,0,0.000000,61.720000,0.000000,0.070000,0.000000,0.000000,0.000000,-0.150000,8.000000,104.430000
1769105951.500074,0,0.000000,61.680000,0.000000,0.000000,0.000000,0.000000,0.000000,-0.150000,8.000000,104.440000
1769105951.548209,0,0.000000,61.580000,0.000000,-0.020000,0.000000,0.000000,0.000000,-0.150000,8.000000,104.450000
1769105951.549888,0,0.000000,61.470000,0.000000,-0.050000,0.000000,0.000000,0.000000,-0.170000,8.000000,104.480000
1769105951.590423,0,0.000000,61.330000,0.000000,0.070000,0.000000,0.000000,0.000000,-0.170000,8.000000,104.500000
1769105951.591435,0,0.000000,61.360000,0.000000,0.010000,0.000000,0.000000,0.000000,-0.170000,8.000000,104.510000
1769105951.593429,0,0.000000,61.380000,0.000000,0.050000,0.000000,0.000000,0.000000,-0.170000,8.000000,104.510000
1769105951.594430,0,0.000000,61.400000,0.000000,0.050000,0.000000,0.000000,0.000000,-0.170000,8.000000,104.540000
1769105951.635495,0,0.000000,61.290000,0.000000,0.010000,0.000000,0.000000,0.000000,-0.180000,8.000000,104.550000
1769105951.636496,0,0.000000,61.360000,0.000000,0.020000,0.000000,0.000000,0.000000,-0.180000,8.000000,104.560000
1769105951.637499,0,0.000000,61.240000,0.000000,0.010000,0.000000,0.000000,0.000000,-0.180000,8.000000,104.580000
1769105951.678365,0,0.000000,61.130000,0.000000,0.000000,0.000000,0.000000,0.000000,-0.180000,8.000000,104.590000
1769105951.679710,0,0.000000,61.060000,0.000000,-0.020000,0.000000,0.000000,0.000000,-0.180000,8.000000,104.620000
1769105951.681224,0,0.000000,61.000000,0.000000,0.000000,0.000000,0.000000,0.000000,-0.180000,8.000000,104.620000
1769105951.726104,0,0.000000,60.910000,0.000000,0.070000,0.000000,0.000000,0.000000,-0.180000,8.000000,104.650000
1769105951.727164,0,0.000000,60.720000,0.000000,0.090000,0.000000,0.000000,0.000000,-0.180000,8.000000,104.660000
1769105951.728759,0,0.000000,60.630000,0.000000,0.000000,0.000000,0.000000,0.000000,-0.180000,8.000000,104.680000
1769105951.779644,0,0.000000,60.520000,0.000000,0.010000,0.000000,0.000000,0.000000,-0.180000,8.000000,104.690000
1769105951.781179,0,0.000000,60.470000,0.000000,0.090000,0.000000,0.000000,0.000000,-0.180000,8.000000,104.700000
1769105951.783020,0,0.000000,60.380000,0.000000,-0.050000,0.000000,0.000000,0.000000,-0.170000,8.000000,104.720000
1769105951.837600,0,0.000000,60.290000,0.000000,-0.020000,0.000000,0.000000,0.000000,-0.180000,8.000000,104.730000
1769105951.838603,0,0.000000,60.180000,0.000000,0.020000,0.000000,0.000000,0.000000,-0.180000,8.000000,104.750000
1769105951.839602,0,0.000000,60.110000,0.000000,0.020000,0.000000,0.000000,0.000000,-0.180000,8.000000,104.760000
1769105951.887514,0,0.000000,60.110000,0.000000,0.070000,0.000000,0.000000,0.000000,-0.180000,8.000000,104.770000
1769105951.889134,0,0.000000,60.040000,0.000000,0.000000,0.000000,0.000000,0.000000,-0.180000,8.000000,104.800000
1769105951.889845,0,0.000000,60.020000,0.000000,0.030000,0.000000,0.000000,0.000000,-0.180000,8.000000,104.800000
1769105951.891357,0,0.000000,59.950000,0.000000,0.050000,0.000000,0.000000,0.000000,-0.180000,8.000000,104.830000
1769105951.953691,0,0.000000,59.900000,0.000000,0.000000,0.000000,0.000000,0.000000,-0.180000,8.000000,104.830000
1769105951.955818,0,0.000000,59.990000,0.000000,-0.020000,0.000000,0.000000,0.000000,-0.180000,8.000000,104.860000
1769105951.957818,0,0.000000,59.970000,0.000000,0.020000,0.000000,0.000000,0.000000,-0.180000,8.000000,104.870000
1769105951.959820,0,0.000000,59.970000,0.000000,-0.050000,0.000000,0.000000,0.000000,-0.180000,8.000000,104.880000
1769105952.014879,0,0.000000,59.810000,0.000000,0.000000,0.000000,0.000000,0.000000,-0.180000,8.000000,104.910000
1769105952.016610,0,0.000000,59.860000,0.000000,0.000000,0.000000,0.000000,0.000000,-0.180000,8.000000,104.910000
1769105952.017432,0,0.000000,59.750000,0.000000,0.050000,0.000000,0.000000,0.000000,-0.180000,8.000000,104.940000
1769105952.019013,0,0.000000,59.750000,0.000000,-0.030000,0.000000,0.000000,0.000000,-0.180000,8.000000,104.940000
1769105952.077005,0,0.000000,59.790000,0.000000,-0.010000,0.000000,0.000000,0.000000,-0.180000,8.000000,104.970000
1769105952.077783,0,0.000000,59.740000,0.000000,0.000000,0.000000,0.000000,0.000000,-0.180000,8.000000,104.980000
1769105952.078974,0,0.000000,59.840000,0.000000,0.000000,0.000000,0.000000,0.000000,-0.180000,8.000000,105.000000
1769105952.124052,0,0.000000,59.740000,0.000000,0.000000,0.000000,0.000000,0.000000,-0.180000,8.000000,105.010000
1769105952.125853,0,0.000000,59.740000,0.000000,0.020000,0.000000,0.000000,0.000000,-0.180000,8.000000,105.020000
1769105952.126865,0,0.000000,59.770000,0.000000,0.000000,0.000000,0.000000,0.000000,-0.180000,8.000000,105.050000
1769105952.128860,0,0.000000,59.750000,0.000000,0.070000,0.000000,0.000000,0.000000,-0.180000,8.000000,105.050000
1769105952.161001,0,0.000000,59.700000,0.000000,0.000000,0.000000,0.000000,0.000000,-0.180000,8.000000,105.080000
1769105952.162001,0,0.000000,59.740000,0.000000,0.000000,0.000000,0.000000,0.000000,-0.180000,8.000000,105.080000
1769105952.163428,0,0.000000,59.770000,0.000000,0.000000,0.000000,0.000000,0.000000,-0.180000,8.000000,105.110000
1769105952.165201,0,0.000000,59.740000,0.000000,-0.070000,0.000000,0.000000,0.000000,-0.180000,8.000000,105.120000
1769105952.167008,0,0.000000,59.700000,0.000000,0.050000,0.000000,0.000000,0.000000,-0.180000,8.000000,105.130000
1769105952.189627,0,0.000000,59.750000,0.000000,-0.010000,0.000000,0.000000,0.000000,-0.170000,8.000000,105.150000
1769105952.192148,0,0.000000,59.750000,0.000000,0.070000,0.000000,0.000000,0.000000,-0.180000,8.000000,105.160000
1769105952.195145,0,0.000000,59.750000,0.000000,-0.110000,0.000000,0.000000,0.000000,-0.180000,8.000000,105.180000
1769105952.217985,0,0.000000,59.740000,0.000000,0.070000,0.000000,0.000000,0.000000,-0.180000,8.000000,105.190000
1769105952.220141,0,0.000000,59.770000,0.000000,0.050000,0.000000,0.000000,0.000000,-0.180000,8.000000,105.200000
1769105952.239711,0,0.000000,59.770000,0.000000,0.010000,0.000000,0.000000,0.000000,-0.170000,8.000000,105.230000
1769105952.261611,0,0.000000,59.750000,0.000000,0.090000,0.000000,0.000000,0.000000,-0.180000,8.000000,105.230000
1769105952.268855,0,0.000000,59.770000,0.000000,0.070000,0.000000,0.000000,0.000000,-0.180000,8.000000,105.260000
1769105952.284293,0,0.000000,59.740000,0.000000,0.090000,0.000000,0.000000,0.000000,-0.180000,8.000000,105.270000
1769105952.292383,0,0.000000,59.700000,0.000000,0.020000,0.000000,0.000000,0.000000,-0.180000,8.000000,105.290000
1769105952.322335,0,0.000000,59.750000,0.000000,0.000000,0.000000,0.000000,0.000000,-0.180000,8.000000,105.300000
1769105952.330468,0,0.000000,59.770000,0.000000,0.030000,0.000000,0.000000,0.000000,-0.180000,8.000000,105.310000
1769105952.343624,0,0.000000,59.750000,0.000000,0.030000,0.000000,0.000000,0.000000,-0.180000,8.000000,105.330000
1769105952.366858,0,0.000000,59.770000,0.000000,0.050000,0.000000,0.000000,0.000000,-0.180000,8.000000,105.340000
1769105952.380955,0,0.000000,59.770000,0.000000,0.050000,0.000000,0.000000,0.000000,-0.180000,8.000000,105.370000
1769105952.396702,0,0.000000,59.740000,0.000000,0.050000,0.000000,0.000000,0.000000,-0.180000,8.000000,105.370000
1769105952.405067,0,0.000000,59.770000,0.000000,0.000000,0.000000,0.000000,0.000000,-0.180000,8.000000,105.400000
1769105952.419248,0,0.000000,59.740000,0.000000,-0.030000,0.000000,0.000000,0.000000,-0.180000,8.000000,105.410000
1769105952.434383,0,0.000000,59.750000,0.000000,0.090000,0.000000,0.000000,0.000000,-0.180000,8.000000,105.430000
1769105952.456742,0,0.000000,59.770000,0.000000,0.030000,0.000000,0.000000,0.000000,-0.180000,8.000000,105.440000
1769105952.477958,0,0.000000,59.740000,0.000000,0.010000,0.000000,0.000000,0.000000,-0.180000,8.000000,105.450000
1769105952.485783,0,0.000000,59.740000,0.000000,0.050000,0.000000,0.000000,0.000000,-0.180000,8.000000,105.480000
1769105952.509389,0,0.000000,59.740000,0.000000,0.010000,0.000000,0.000000,0.000000,-0.180000,8.000000,105.480000
1769105952.511397,0,0.000000,59.630000,0.000000,0.000000,0.000000,0.000000,0.000000,-0.180000,8.000000,105.510000
1769105952.540405,0,0.000000,59.700000,0.000000,0.000000,0.000000,0.000000,0.000000,-0.180000,8.000000,105.510000
1769105952.542405,0,0.000000,59.790000,0.000000,0.020000,0.000000,0.000000,0.000000,-0.180000,8.000000,105.540000
1769105952.554395,0,0.000000,59.680000,0.000000,0.010000,0.000000,0.000000,0.000000,-0.180000,8.000000,105.550000
1769105952.576563,0,0.000000,59.750000,0.000000,0.000000,0.000000,0.000000,0.000000,-0.180000,8.000000,105.560000
1769105952.591624,0,0.000000,59.680000,0.000000,0.000000,0.000000,0.000000,0.000000,-0.180000,8.000000,105.580000
1769105952.606407,0,0.000000,59.750000,0.000000,0.000000,0.000000,0.000000,0.000000,-0.180000,8.000000,105.590000
1769105952.631141,0,0.000000,59.750000,0.000000,0.000000,0.000000,0.000000,0.000000,-0.180000,8.000000,105.610000
1769105952.633130,0,0.000000,59.750000,0.000000,0.000000,0.000000,0.000000,0.000000,-0.180000,8.000000,105.620000
1769105952.651555,0,0.000000,59.700000,0.000000,0.000000,0.000000,0.000000,0.000000,-0.180000,8.000000,105.650000
1769105952.673759,0,0.000000,59.680000,0.000000,0.070000,0.000000,0.000000,0.000000,-0.180000,8.000000,105.660000
1769105952.681754,0,0.000000,59.700000,0.000000,0.070000,0.000000,0.000000,0.000000,-0.180000,8.000000,105.680000
1769105952.704069,0,0.000000,59.740000,0.000000,0.020000,0.000000,0.000000,0.000000,-0.180000,8.000000,105.690000
1769105952.711588,0,0.000000,59.650000,0.000000,-0.070000,0.000000,0.000000,0.000000,-0.180000,8.000000,105.700000
1769105952.734113,0,0.000000,59.630000,0.000000,0.050000,0.000000,0.000000,0.000000,-0.180000,8.000000,105.720000
1769105952.741440,0,0.000000,59.680000,0.000000,-0.110000,0.000000,0.000000,0.000000,-0.180000,8.000000,105.730000
1769105952.756214,0,0.000000,59.630000,0.000000,0.020000,0.000000,0.000000,0.000000,-0.180000,8.000000,105.750000
1769105952.778969,0,0.000000,59.680000,0.000000,0.020000,0.000000,0.000000,0.000000,-0.180000,8.000000,105.760000
1769105952.802354,0,0.000000,59.750000,0.000000,0.000000,0.000000,0.000000,0.000000,-0.180000,8.000000,105.770000
1769105952.805186,0,0.000000,59.680000,0.000000,0.030000,0.000000,0.000000,0.000000,-0.170000,8.000000,105.800000
1769105952.832367,0,0.000000,59.630000,0.000000,0.000000,0.000000,0.000000,0.000000,-0.180000,8.000000,105.810000
1769105952.834174,0,0.000000,59.650000,0.000000,0.020000,0.000000,0.000000,0.000000,-0.180000,8.000000,105.830000
1769105952.853548,0,0.000000,59.660000,0.000000,0.000000,0.000000,0.000000,0.000000,-0.180000,8.000000,105.840000
1769105952.868579,0,0.000000,59.700000,0.000000,0.030000,0.000000,0.000000,0.000000,-0.180000,8.000000,105.860000
1769105952.892218,0,0.000000,59.680000,0.000000,-0.010000,0.000000,0.000000,0.000000,-0.180000,8.000000,105.870000
1769105952.899737,0,0.000000,59.650000,0.000000,0.000000,0.000000,0.000000,0.000000,-0.180000,8.000000,105.880000
1769105952.914129,0,0.000000,59.680000,0.000000,0.000000,0.000000,0.000000,0.000000,-0.180000,8.000000,105.910000
1769105952.929632,0,0.000000,59.650000,0.000000,0.020000,0.000000,0.000000,0.000000,-0.180000,8.000000,105.910000
1769105952.950777,0,0.000000,59.650000,0.000000,0.090000,0.000000,0.000000,0.000000,-0.180000,8.000000,105.940000
1769105952.959907,0,0.000000,59.680000,0.000000,0.000000,0.000000,0.000000,0.000000,-0.180000,8.000000,105.940000
1769105952.974152,0,0.000000,59.660000,0.000000,0.020000,0.000000,0.000000,0.000000,-0.180000,8.000000,105.970000
1769105952.996979,0,0.000000,59.660000,0.000000,0.050000,0.000000,0.000000,0.000000,-0.180000,8.000000,105.980000
1769105953.010811,0,0.000000,59.680000,0.000000,0.030000,0.000000,0.000000,0.000000,-0.180000,8.000000,106.000000
1769105953.019014,0,0.000000,59.790000,0.000000,0.000000,0.000000,0.000000,0.000000,-0.180000,8.000000,106.010000
1769105953.034746,0,0.000000,59.650000,0.000000,0.010000,0.000000,0.000000,0.000000,-0.170000,8.000000,106.020000
1769105953.062782,0,0.000000,59.680000,0.000000,0.050000,0.000000,0.000000,0.000000,-0.180000,8.000000,106.050000
1769105953.071870,0,0.000000,59.650000,0.000000,0.000000,0.000000,0.000000,0.000000,-0.170000,8.000000,106.050000
1769105953.094065,0,0.000000,59.680000,0.000000,0.000000,0.000000,0.000000,0.000000,-0.180000,8.000000,106.080000
1769105953.096189,0,0.000000,59.700000,0.000000,0.000000,0.000000,0.000000,0.000000,-0.180000,8.000000,106.080000
1769105953.109703,0,0.000000,59.740000,0.000000,0.000000,0.000000,0.000000,0.000000,-0.180000,8.000000,106.110000
1769105953.131679,0,0.000000,59.650000,0.000000,0.000000,0.000000,0.000000,0.000000,-0.180000,8.000000,106.120000
1769105953.146625,0,0.000000,59.750000,0.000000,-0.010000,0.000000,0.000000,0.000000,-0.180000,8.000000,106.130000
1769105953.169008,0,0.000000,59.700000,0.000000,0.000000,0.000000,0.000000,0.000000,-0.180000,8.000000,106.150000
1769105953.183686,0,0.000000,59.650000,0.000000,0.000000,0.000000,0.000000,0.000000,-0.180000,8.000000,106.160000
1769105953.191299,0,0.000000,59.680000,0.000000,0.010000,0.000000,0.000000,0.000000,-0.180000,8.000000,106.180000
1769105953.206370,0,0.000000,59.740000,0.000000,0.000000,0.000000,0.000000,0.000000,-0.180000,8.000000,106.190000
1769105953.228714,0,0.000000,59.810000,0.000000,-0.010000,0.000000,0.000000,0.000000,-0.180000,8.000000,106.220000
1769105953.243690,0,0.000000,59.650000,0.000000,0.000000,0.000000,0.000000,0.000000,-0.180000,8.000000,106.230000
1769105953.251912,0,0.000000,59.770000,0.000000,0.000000,0.000000,0.000000,0.000000,-0.180000,8.000000,106.230000
1769105953.267585,0,0.000000,59.630000,0.000000,0.000000,0.000000,0.000000,0.000000,-0.180000,8.000000,106.260000
1769105953.289827,0,0.000000,59.630000,0.000000,0.010000,0.000000,0.000000,0.000000,-0.180000,8.000000,106.260000
1769105953.297841,0,0.000000,59.680000,0.000000,0.000000,0.000000,0.000000,0.000000,-0.180000,8.000000,106.290000
1769105953.319105,0,0.000000,59.660000,0.000000,0.010000,0.000000,0.000000,0.000000,-0.180000,8.000000,106.300000
1769105953.333798,0,0.000000,59.680000,0.000000,0.010000,0.000000,0.000000,0.000000,-0.180000,8.000000,106.310000
1769105953.342406,0,0.000000,59.700000,0.000000,0.020000,0.000000,0.000000,0.000000,-0.180000,8.000000,106.330000
1769105953.365627,0,0.000000,59.660000,0.000000,0.000000,0.000000,0.000000,0.000000,-0.180000,8.000000,106.340000
1769105953.372506,0,0.000000,59.680000,0.000000,0.050000,0.000000,0.000000,0.000000,-0.180000,8.000000,106.370000
1769105953.386914,0,0.000000,59.610000,0.000000,0.010000,0.000000,0.000000,0.000000,-0.180000,8.000000,106.370000
1769105953.409684,0,0.000000,59.660000,0.000000,0.100000,0.000000,0.000000,0.000000,-0.180000,8.000000,106.400000
1769105953.417098,0,0.000000,59.680000,0.000000,0.000000,0.000000,0.000000,0.000000,-0.180000,8.000000,106.410000
1769105953.431325,0,0.000000,59.700000,0.000000,0.000000,0.000000,0.000000,0.000000,-0.180000,8.000000,106.430000
1769105953.478762,0,0.000000,59.700000,0.000000,0.000000,0.000000,0.000000,0.000000,-0.180000,8.000000,106.440000
1769105953.479760,0,0.000000,59.660000,0.000000,0.000000,0.000000,0.000000,0.000000,-0.180000,8.000000,106.450000
1769105953.495949,0,0.000000,59.630000,0.000000,0.020000,0.000000,0.000000,0.000000,-0.170000,8.000000,106.470000
1769105953.506005,0,0.000000,59.700000,0.000000,0.010000,0.000000,0.000000,0.000000,-0.180000,8.000000,106.480000
1769105953.519150,0,0.000000,59.650000,0.000000,-0.010000,0.000000,0.000000,0.000000,-0.180000,8.000000,106.500000
1769105953.535463,0,0.000000,59.700000,0.000000,-0.010000,0.000000,0.000000,0.000000,-0.180000,8.000000,106.510000
1769105953.556783,0,0.000000,59.660000,0.000000,0.000000,0.000000,0.000000,0.000000,-0.180000,8.000000,106.520000
1769105953.576860,0,0.000000,59.680000,0.000000,0.010000,0.000000,0.000000,0.000000,-0.180000,8.000000,106.550000
1769105953.584115,0,0.000000,59.660000,0.000000,0.000000,0.000000,0.000000,0.000000,-0.180000,8.000000,106.550000
1769105953.591057,0,0.000000,59.680000,0.000000,0.000000,0.000000,0.000000,0.000000,-0.180000,8.000000,106.580000
1769105953.612602,0,0.000000,59.660000,0.000000,0.030000,0.000000,0.000000,0.000000,-0.180000,8.000000,106.590000
1769105953.631410,0,0.000000,59.650000,0.000000,0.000000,0.000000,0.000000,0.000000,-0.180000,8.000000,106.610000
1769105953.648804,0,0.000000,59.660000,0.000000,-0.050000,0.000000,0.000000,0.000000,-0.180000,8.000000,106.620000
1769105953.663080,0,0.000000,59.740000,0.000000,-0.030000,0.000000,0.000000,0.000000,-0.180000,8.000000,106.630000
1769105953.671943,0,0.000000,59.650000,0.000000,0.050000,0.000000,0.000000,0.000000,-0.180000,8.000000,106.660000
1769105953.679623,0,0.000000,59.660000,0.000000,0.000000,0.000000,0.000000,0.000000,-0.180000,8.000000,106.660000
1769105953.701149,0,0.000000,59.660000,0.000000,0.000000,0.000000,0.000000,0.000000,-0.180000,8.000000,106.690000
1769105953.709168,0,0.000000,59.660000,0.000000,0.020000,0.000000,0.000000,0.000000,-0.180000,8.000000,106.690000
1769105953.731317,0,0.000000,59.660000,0.000000,0.000000,0.000000,0.000000,0.000000,-0.180000,8.000000,106.720000
1769105953.739712,0,0.000000,59.680000,0.000000,0.000000,0.000000,0.000000,0.000000,-0.180000,8.000000,106.730000
1769105953.761578,0,0.000000,59.700000,0.000000,-0.030000,0.000000,0.000000,0.000000,-0.180000,8.000000,106.750000
1769105953.765292,0,0.000000,59.610000,0.000000,0.000000,0.000000,0.000000,0.000000,-0.170000,8.000000,106.760000
1769105953.784505,0,0.000000,59.650000,0.000000,0.010000,0.000000,0.000000,0.000000,-0.180000,8.000000,106.770000
1769105953.806840,0,0.000000,59.660000,0.000000,0.000000,0.000000,0.000000,0.000000,-0.180000,8.000000,106.790000
1769105953.814452,0,0.000000,59.660000,0.000000,0.000000,0.000000,0.000000,0.000000,-0.180000,8.000000,106.800000
1769105953.829935,0,0.000000,59.770000,0.000000,0.000000,0.000000,0.000000,0.000000,-0.180000,8.000000,106.810000
1769105953.851487,0,0.000000,59.680000,0.000000,-0.020000,0.000000,0.000000,0.000000,-0.180000,8.000000,106.830000
1769105953.859887,0,0.000000,59.660000,0.000000,-0.010000,0.000000,0.000000,0.000000,-0.180000,8.000000,106.840000
1769105953.873831,0,0.000000,59.810000,0.000000,0.030000,0.000000,0.000000,0.000000,-0.180000,8.000000,106.870000
1769105953.889359,0,0.000000,59.680000,0.000000,0.070000,0.000000,0.000000,0.000000,-0.180000,8.000000,106.870000
1769105953.904566,0,0.000000,59.660000,0.000000,0.000000,0.000000,0.000000,0.000000,-0.180000,8.000000,106.900000
1769105953.927537,0,0.000000,59.700000,0.000000,0.000000,0.000000,0.000000,0.000000,-0.180000,8.000000,106.910000
1769105953.941223,0,0.000000,59.680000,0.000000,0.100000,0.000000,0.000000,0.000000,-0.180000,8.000000,106.930000
1769105953.948555,0,0.000000,59.680000,0.000000,0.010000,0.000000,0.000000,0.000000,-0.180000,8.000000,106.940000
1769105953.972305,0,0.000000,59.700000,0.000000,0.000000,0.000000,0.000000,0.000000,-0.180000,8.000000,106.950000
1769105953.993801,0,0.000000,59.740000,0.000000,0.050000,0.000000,0.000000,0.000000,-0.180000,8.000000,106.970000
1769105954.001470,0,0.000000,59.630000,0.000000,0.000000,0.000000,0.000000,0.000000,-0.180000,8.000000,106.980000
1769105954.003287,0,0.000000,59.660000,0.000000,0.020000,0.000000,0.000000,0.000000,-0.180000,8.000000,107.000000
1769105954.024932,0,0.000000,59.650000,0.000000,0.000000,0.000000,0.000000,0.000000,-0.180000,8.000000,107.010000
1769105954.039537,0,0.000000,59.660000,0.000000,0.030000,0.000000,0.000000,0.000000,-0.170000,8.000000,107.020000
1769105954.063284,0,0.000000,59.660000,0.000000,0.010000,0.000000,0.000000,0.000000,-0.180000,8.000000,107.050000
1769105954.068655,0,0.000000,59.790000,0.000000,0.050000,0.000000,0.000000,0.000000,-0.180000,8.000000,107.050000
1769105954.083827,0,0.000000,59.680000,0.000000,0.000000,0.000000,0.000000,0.000000,-0.180000,8.000000,107.080000
1769105954.108396,0,0.000000,59.700000,0.000000,-0.050000,0.000000,0.000000,0.000000,-0.180000,8.000000,107.080000
1769105954.111176,0,0.000000,59.650000,0.000000,-0.030000,0.000000,0.000000,0.000000,-0.170000,8.000000,107.110000
1769105954.136671,0,0.000000,59.680000,0.000000,0.000000,0.000000,0.000000,0.000000,-0.180000,8.000000,107.120000
1769105954.144111,0,0.000000,59.650000,0.000000,0.070000,0.000000,0.000000,0.000000,-0.180000,8.000000,107.130000
1769105954.160352,0,0.000000,59.680000,0.000000,0.000000,0.000000,0.000000,0.000000,-0.180000,8.000000,107.150000
1769105954.182202,0,0.000000,59.700000,0.000000,0.000000,0.000000,0.000000,0.000000,-0.180000,8.000000,107.160000
1769105954.190506,0,0.000000,59.740000,0.000000,-0.020000,0.000000,0.000000,0.000000,-0.180000,8.000000,107.180000
1769105954.204015,0,0.000000,59.750000,0.000000,-0.030000,0.000000,0.000000,0.000000,-0.180000,8.000000,107.190000
1769105954.227214,0,0.000000,59.660000,0.000000,0.070000,0.000000,0.000000,0.000000,-0.180000,8.000000,107.200000
1769105954.234022,0,0.000000,59.740000,0.000000,0.100000,0.000000,0.000000,0.000000,-0.170000,8.000000,107.230000
1769105954.256925,0,0.000000,59.750000,0.000000,-0.010000,0.000000,0.000000,0.000000,-0.180000,8.000000,107.230000
1769105954.263559,0,0.000000,59.700000,0.000000,0.030000,0.000000,0.000000,0.000000,-0.180000,8.000000,107.260000
1769105954.286109,0,0.000000,59.740000,0.000000,-0.010000,0.000000,0.000000,0.000000,-0.180000,8.000000,107.260000
1769105954.294491,0,0.000000,59.750000,0.000000,-0.030000,0.000000,0.000000,0.000000,-0.180000,8.000000,107.290000
1769105954.309517,0,0.000000,59.750000,0.000000,0.100000,0.000000,0.000000,0.000000,-0.180000,8.000000,107.300000
1769105954.332558,0,0.000000,59.770000,0.000000,0.050000,0.000000,0.000000,0.000000,-0.180000,8.000000,107.310000
1769105954.333960,0,0.000000,59.630000,0.000000,0.000000,0.000000,0.000000,0.000000,-0.180000,8.000000,107.330000
1769105954.354097,0,0.000000,59.790000,0.000000,0.010000,0.000000,0.000000,0.000000,-0.180000,8.000000,107.340000
1769105954.369097,0,0.000000,59.790000,0.000000,0.000000,0.000000,0.000000,0.000000,-0.180000,8.000000,107.360000
1769105954.383519,0,0.000000,59.740000,0.000000,0.100000,0.000000,0.000000,0.000000,-0.170000,8.000000,107.370000
1769105954.415000,0,0.000000,59.790000,0.000000,0.050000,0.000000,0.000000,0.000000,-0.180000,8.000000,107.380000
1769105954.416573,0,0.000000,59.740000,0.000000,0.030000,0.000000,0.000000,0.000000,-0.180000,8.000000,107.410000
1769105954.436692,0,0.000000,59.660000,0.000000,0.050000,0.000000,0.000000,0.000000,-0.180000,8.000000,107.410000
1769105954.444141,0,0.000000,59.700000,0.000000,0.070000,0.000000,0.000000,0.000000,-0.180000,8.000000,107.440000
1769105954.459414,0,0.000000,59.790000,0.000000,0.030000,0.000000,0.000000,0.000000,-0.180000,8.000000,107.440000
1769105954.481918,0,0.000000,59.750000,0.000000,0.010000,0.000000,0.000000,0.000000,-0.180000,8.000000,107.470000
1769105954.489298,0,0.000000,59.750000,0.000000,0.020000,0.000000,0.000000,0.000000,-0.170000,8.000000,107.480000
1769105954.511896,0,0.000000,59.700000,0.000000,0.100000,0.000000,0.000000,0.000000,-0.180000,8.000000,107.500000
1769105954.518388,0,0.000000,59.650000,0.000000,0.070000,0.000000,0.000000,0.000000,-0.180000,8.000000,107.510000
1769105954.533335,0,0.000000,59.700000,0.000000,0.050000,0.000000,0.000000,0.000000,-0.180000,8.000000,107.520000
1769105954.549685,0,0.000000,59.740000,0.000000,0.050000,0.000000,0.000000,0.000000,-0.180000,8.000000,107.540000
1769105954.571861,0,0.000000,59.750000,0.000000,0.030000,0.000000,0.000000,0.000000,-0.180000,8.000000,107.550000
1769105954.579125,0,0.000000,59.770000,0.000000,0.050000,0.000000,0.000000,0.000000,-0.180000,8.000000,107.560000
1769105954.602102,0,0.000000,59.740000,0.000000,0.000000,0.000000,0.000000,0.000000,-0.180000,8.000000,107.580000
1769105954.609354,0,0.000000,59.750000,0.000000,0.000000,0.000000,0.000000,0.000000,-0.180000,8.000000,107.590000
1769105954.632188,0,0.000000,59.660000,0.000000,0.050000,0.000000,0.000000,0.000000,-0.180000,8.000000,107.620000
1769105954.646291,0,0.000000,59.750000,0.000000,0.000000,0.000000,0.000000,0.000000,-0.180000,8.000000,107.620000
1769105954.661737,0,0.000000,59.740000,0.000000,-0.030000,0.000000,0.000000,0.000000,-0.180000,8.000000,107.650000
1769105954.677059,0,0.000000,59.790000,0.000000,0.000000,0.000000,0.000000,0.000000,-0.180000,8.000000,107.660000
1769105954.683300,0,0.000000,59.680000,0.000000,-0.020000,0.000000,0.000000,0.000000,-0.180000,8.000000,107.680000
1769105954.714502,0,0.000000,59.700000,0.000000,0.030000,0.000000,0.000000,0.000000,-0.180000,8.000000,107.690000
1769105954.716504,0,0.000000,59.660000,0.000000,0.070000,0.000000,0.000000,0.000000,-0.180000,8.000000,107.700000
1769105954.744663,0,0.000000,59.630000,0.000000,0.070000,0.000000,0.000000,0.000000,-0.180000,8.000000,107.720000
1769105954.746662,0,0.000000,59.740000,0.000000,0.010000,0.000000,0.000000,0.000000,-0.180000,8.000000,107.730000
1769105954.765888,0,0.000000,59.610000,0.000000,0.000000,0.000000,0.000000,0.000000,-0.180000,8.000000,107.750000
1769105954.774132,0,0.000000,59.740000,0.000000,0.070000,0.000000,0.000000,0.000000,-0.180000,8.000000,107.760000
1769105954.796173,0,0.000000,59.700000,0.000000,-0.020000,0.000000,0.000000,0.000000,-0.180000,8.000000,107.790000
1769105954.803288,0,0.000000,59.770000,0.000000,0.000000,0.000000,0.000000,0.000000,-0.180000,8.000000,107.800000
1769105954.819087,0,0.000000,59.660000,0.000000,0.000000,0.000000,0.000000,0.000000,-0.180000,8.000000,107.810000
1769105954.843206,0,0.000000,59.650000,0.000000,0.030000,0.000000,0.000000,0.000000,-0.180000,8.000000,107.830000
1769105954.849103,0,0.000000,59.660000,0.000000,0.010000,0.000000,0.000000,0.000000,-0.180000,8.000000,107.840000
1769105954.864192,0,0.000000,59.700000,0.000000,0.000000,0.000000,0.000000,0.000000,-0.180000,8.000000,107.860000
1769105954.879293,0,0.000000,59.750000,0.000000,0.030000,0.000000,0.000000,0.000000,-0.180000,8.000000,107.870000
1769105954.901533,0,0.000000,59.740000,0.000000,-0.010000,0.000000,0.000000,0.000000,-0.180000,8.000000,107.880000
1769105954.916440,0,0.000000,59.700000,0.000000,0.050000,0.000000,0.000000,0.000000,-0.180000,8.000000,107.910000
1769105954.939967,0,0.000000,59.770000,0.000000,0.020000,0.000000,0.000000,0.000000,-0.180000,8.000000,107.910000
1769105954.953695,0,0.000000,59.790000,0.000000,0.000000,0.000000,0.000000,0.000000,-0.180000,8.000000,107.940000
1769105954.969277,0,0.000000,59.660000,0.000000,0.050000,0.000000,0.000000,0.000000,-0.180000,8.000000,107.940000
1769105954.971096,0,0.000000,59.750000,0.000000,0.030000,0.000000,0.000000,0.000000,-0.180000,8.000000,107.970000
1769105954.999277,0,0.000000,59.700000,0.000000,0.010000,0.000000,0.000000,0.000000,-0.180000,8.000000,107.980000
1769105955.001123,0,0.000000,59.750000,0.000000,0.000000,0.000000,0.000000,0.000000,-0.180000,8.000000,108.000000
1769105955.022092,0,0.000000,59.700000,0.000000,0.010000,0.000000,0.000000,0.000000,-0.180000,8.000000,108.010000
1769105955.036698,0,0.000000,59.680000,0.000000,0.000000,0.000000,0.000000,0.000000,-0.180000,8.000000,108.020000
1769105955.059849,0,0.000000,59.750000,0.000000,0.010000,0.000000,0.000000,0.000000,-0.180000,8.000000,108.040000
1769105955.066325,0,0.000000,59.740000,0.000000,0.050000,0.000000,0.000000,0.000000,-0.180000,8.000000,108.050000
1769105955.081367,0,0.000000,59.750000,0.000000,0.010000,0.000000,0.000000,0.000000,-0.180000,8.000000,108.060000
1769105955.104364,0,0.000000,59.700000,0.000000,0.020000,0.000000,0.000000,0.000000,-0.180000,8.000000,108.080000
1769105955.112850,0,0.000000,59.770000,0.000000,0.020000,0.000000,0.000000,0.000000,-0.180000,8.000000,108.090000
1769105955.133686,0,0.000000,59.740000,0.000000,0.000000,0.000000,0.000000,0.000000,-0.180000,8.000000,108.120000
1769105955.142090,0,0.000000,59.740000,0.000000,0.000000,0.000000,0.000000,0.000000,-0.180000,8.000000,108.120000
1769105955.164435,0,0.000000,59.790000,0.000000,0.050000,0.000000,0.000000,0.000000,-0.180000,8.000000,108.150000
1769105955.179532,0,0.000000,59.660000,0.000000,0.050000,0.000000,0.000000,0.000000,-0.180000,8.000000,108.160000
1769105955.186110,0,0.000000,59.750000,0.000000,0.020000,0.000000,0.000000,0.000000,-0.180000,8.000000,108.180000
1769105955.201536,0,0.000000,59.700000,0.000000,0.010000,0.000000,0.000000,0.000000,-0.180000,8.000000,108.190000
1769105955.224738,0,0.000000,59.660000,0.000000,0.070000,0.000000,0.000000,0.000000,-0.180000,8.000000,108.200000
1769105955.233075,0,0.000000,59.740000,0.000000,0.070000,0.000000,0.000000,0.000000,-0.180000,8.000000,108.220000
1769105955.253487,0,0.000000,59.770000,0.000000,0.100000,0.000000,0.000000,0.000000,-0.180000,8.000000,108.230000
1769105955.261187,0,0.000000,59.770000,0.000000,0.020000,0.000000,0.000000,0.000000,-0.180000,8.000000,108.250000
1769105955.291824,0,0.000000,59.740000,0.000000,-0.010000,0.000000,0.000000,0.000000,-0.180000,8.000000,108.260000
1769105955.298957,0,0.000000,59.750000,0.000000,0.150000,0.000000,0.000000,0.000000,-0.180000,8.000000,108.270000
1769105955.307012,0,0.000000,59.770000,0.000000,0.010000,0.000000,0.000000,0.000000,-0.180000,8.000000,108.300000
1769105955.328517,0,0.000000,59.740000,0.000000,-0.020000,0.000000,0.000000,0.000000,-0.180000,8.000000,108.300000
1769105955.336795,0,0.000000,59.700000,0.000000,0.000000,0.000000,0.000000,0.000000,-0.180000,8.000000,108.330000
1769105955.352353,0,0.000000,59.750000,0.000000,-0.020000,0.000000,0.000000,0.000000,-0.180000,8.000000,108.330000
1769105955.367380,0,0.000000,59.750000,0.000000,0.020000,0.000000,0.000000,0.000000,-0.180000,8.000000,108.360000
1769105955.389448,0,0.000000,59.750000,0.000000,0.000000,0.000000,0.000000,0.000000,-0.180000,8.000000,108.370000
1769105955.397059,0,0.000000,59.700000,0.000000,-0.100000,0.000000,0.000000,0.000000,-0.170000,8.000000,108.380000
1769105955.419065,0,0.000000,59.740000,0.000000,0.030000,0.000000,0.000000,0.000000,-0.180000,8.000000,108.410000
1769105955.428549,0,0.000000,59.770000,0.000000,0.000000,0.000000,0.000000,0.000000,-0.180000,8.000000,108.410000
1769105955.457183,0,0.000000,59.750000,0.000000,0.000000,0.000000,0.000000,0.000000,-0.180000,8.000000,108.440000
1769105955.459185,0,0.000000,59.790000,0.000000,-0.070000,0.000000,0.000000,0.000000,-0.180000,8.000000,108.440000
1769105955.486768,0,0.000000,59.740000,0.000000,0.000000,0.000000,0.000000,0.000000,-0.180000,8.000000,108.470000
1769105955.494743,0,0.000000,59.770000,0.000000,-0.020000,0.000000,0.000000,0.000000,-0.180000,8.000000,108.480000
1769105955.501129,0,0.000000,59.750000,0.000000,0.070000,0.000000,0.000000,0.000000,-0.180000,8.000000,108.500000
1769105955.523757,0,0.000000,59.630000,0.000000,0.020000,0.000000,0.000000,0.000000,-0.180000,8.000000,108.510000
1769105955.531182,0,0.000000,59.750000,0.000000,0.020000,0.000000,0.000000,0.000000,-0.180000,8.000000,108.520000
1769105955.546170,0,0.000000,59.740000,0.000000,0.000000,0.000000,0.000000,0.000000,-0.180000,8.000000,108.540000
1769105955.569288,0,0.000000,59.770000,0.000000,0.010000,0.000000,0.000000,0.000000,-0.180000,8.000000,108.550000
1769105955.584886,0,0.000000,59.680000,0.000000,0.000000,0.000000,0.000000,0.000000,-0.180000,8.000000,108.560000
1769105955.599813,0,0.000000,59.700000,0.000000,0.000000,0.000000,0.000000,0.000000,-0.180000,8.000000,108.580000
1769105955.607213,0,0.000000,59.790000,0.000000,-0.010000,0.000000,0.000000,0.000000,-0.180000,8.000000,108.590000
1769105955.636479,0,0.000000,59.790000,0.000000,0.000000,0.000000,0.000000,0.000000,-0.180000,8.000000,108.620000
1769105955.638480,0,0.000000,59.680000,0.000000,0.020000,0.000000,0.000000,0.000000,-0.180000,8.000000,108.620000
1769105955.660062,0,0.000000,59.750000,0.000000,0.010000,0.000000,0.000000,0.000000,-0.180000,8.000000,108.650000
1769105955.674898,0,0.000000,59.750000,0.000000,0.000000,0.000000,0.000000,0.000000,-0.180000,8.000000,108.660000
1769105955.682094,0,0.000000,59.740000,0.000000,0.020000,0.000000,0.000000,0.000000,-0.180000,8.000000,108.680000
1769105955.704654,0,0.000000,59.700000,0.000000,0.050000,0.000000,0.000000,0.000000,-0.180000,8.000000,108.690000
1769105955.718699,0,0.000000,59.740000,0.000000,-0.030000,0.000000,0.000000,0.000000,-0.180000,8.000000,108.700000
1769105955.750093,0,0.000000,59.810000,0.000000,0.000000,0.000000,0.000000,0.000000,-0.180000,8.000000,108.720000
1769105955.752290,0,0.000000,59.700000,0.000000,-0.090000,0.000000,0.000000,0.000000,-0.180000,8.000000,108.730000
1769105955.764893,0,0.000000,59.680000,0.000000,0.000000,0.000000,0.000000,0.000000,-0.180000,8.000000,108.760000
1769105955.771316,0,0.000000,59.770000,0.000000,0.050000,0.000000,0.000000,0.000000,-0.180000,8.000000,108.760000
1769105955.802270,0,0.000000,59.770000,0.000000,-0.030000,0.000000,0.000000,0.000000,-0.180000,8.000000,108.770000
1769105955.804280,0,0.000000,59.740000,0.000000,0.050000,0.000000,0.000000,0.000000,-0.180000,8.000000,108.800000
1769105955.832002,0,0.000000,59.740000,0.000000,0.020000,0.000000,0.000000,0.000000,-0.180000,8.000000,108.800000
1769105955.838712,0,0.000000,59.750000,0.000000,0.070000,0.000000,0.000000,0.000000,-0.180000,8.000000,108.830000
1769105955.862900,0,0.000000,59.750000,0.000000,0.070000,0.000000,0.000000,0.000000,-0.180000,8.000000,108.840000
1769105955.868771,0,0.000000,59.790000,0.000000,0.070000,0.000000,0.000000,0.000000,-0.180000,8.000000,108.860000
1769105955.891749,0,0.000000,59.770000,0.000000,0.000000,0.000000,0.000000,0.000000,-0.180000,8.000000,108.870000
1769105955.899042,0,0.000000,59.750000,0.000000,-0.070000,0.000000,0.000000,0.000000,-0.180000,8.000000,108.880000
1769105955.921900,0,0.000000,59.750000,0.000000,0.050000,0.000000,0.000000,0.000000,-0.180000,8.000000,108.910000
1769105955.929770,0,0.000000,59.750000,0.000000,0.020000,0.000000,0.000000,0.000000,-0.180000,8.000000,108.910000
1769105955.951459,0,0.000000,59.660000,0.000000,-0.050000,0.000000,0.000000,0.000000,-0.180000,8.000000,108.940000
1769105955.959276,0,0.000000,59.790000,0.000000,0.000000,0.000000,0.000000,0.000000,-0.180000,8.000000,108.940000
1769105955.974710,0,0.000000,59.750000,0.000000,0.000000,0.000000,0.000000,0.000000,-0.170000,8.000000,108.970000
1769105955.997075,0,0.000000,59.790000,0.000000,0.000000,0.000000,0.000000,0.000000,-0.180000,8.000000,108.980000
1769105956.012198,0,0.000000,59.770000,0.000000,0.000000,0.000000,0.000000,0.000000,-0.180000,8.000000,108.980000
1769105956.027035,0,0.000000,59.680000,0.000000,0.050000,0.000000,0.000000,0.000000,-0.180000,8.000000,109.010000
1769105956.034117,0,0.000000,59.650000,0.000000,0.000000,0.000000,0.000000,0.000000,-0.180000,8.000000,109.010000
1769105956.049689,0,0.000000,59.700000,0.000000,0.010000,0.000000,0.000000,0.000000,-0.180000,8.000000,109.040000
1769105956.072303,0,0.000000,59.680000,0.000000,-0.030000,0.000000,0.000000,0.000000,-0.180000,8.000000,109.050000
1769105956.075309,0,0.000000,59.740000,0.000000,-0.030000,0.000000,0.000000,0.000000,-0.180000,8.000000,109.060000
1769105956.094255,0,0.000000,59.750000,0.000000,0.000000,0.000000,0.000000,0.000000,-0.180000,8.000000,109.080000
1769105956.109783,0,0.000000,59.750000,0.000000,0.030000,0.000000,0.000000,0.000000,-0.180000,8.000000,109.090000
1769105956.123213,0,0.000000,59.740000,0.000000,0.000000,0.000000,0.000000,0.000000,-0.180000,8.000000,109.120000
1769105956.139421,0,0.000000,59.700000,0.000000,0.050000,0.000000,0.000000,0.000000,-0.180000,8.000000,109.120000
1769105956.161750,0,0.000000,59.770000,0.000000,0.010000,0.000000,0.000000,0.000000,-0.180000,8.000000,109.150000
1769105956.169305,0,0.000000,59.750000,0.000000,0.020000,0.000000,0.000000,0.000000,-0.180000,8.000000,109.160000
1769105956.191845,0,0.000000,59.750000,0.000000,0.020000,0.000000,0.000000,0.000000,-0.180000,8.000000,109.180000
1769105956.198996,0,0.000000,59.740000,0.000000,-0.050000,0.000000,0.000000,0.000000,-0.180000,8.000000,109.190000
1769105956.221887,0,0.000000,59.750000,0.000000,0.000000,0.000000,0.000000,0.000000,-0.180000,8.000000,109.200000
1769105956.228593,0,0.000000,59.740000,0.000000,0.000000,0.000000,0.000000,0.000000,-0.180000,8.000000,109.220000
1769105956.244490,0,0.000000,59.740000,0.000000,0.000000,0.000000,0.000000,0.000000,-0.180000,8.000000,109.230000
1769105956.259364,0,0.000000,59.750000,0.000000,0.020000,0.000000,0.000000,0.000000,-0.180000,8.000000,109.250000
1769105956.289100,0,0.000000,59.750000,0.000000,-0.070000,0.000000,0.000000,0.000000,-0.180000,8.000000,109.260000
1769105956.291103,0,0.000000,59.750000,0.000000,0.000000,0.000000,0.000000,0.000000,-0.180000,8.000000,109.270000
1769105956.311011,0,0.000000,59.790000,0.000000,0.090000,0.000000,0.000000,0.000000,-0.180000,8.000000,109.300000
1769105956.327032,0,0.000000,59.740000,0.000000,-0.010000,0.000000,0.000000,0.000000,-0.180000,8.000000,109.300000
1769105956.341605,0,0.000000,59.810000,0.000000,0.000000,0.000000,0.000000,0.000000,-0.180000,8.000000,109.330000
1769105956.363658,0,0.000000,59.750000,0.000000,0.000000,0.000000,0.000000,0.000000,-0.180000,8.000000,109.340000
1769105956.371666,0,0.000000,59.750000,0.000000,0.010000,0.000000,0.000000,0.000000,-0.180000,8.000000,109.360000
1769105956.394256,0,0.000000,59.770000,0.000000,-0.020000,0.000000,0.000000,0.000000,-0.180000,8.000000,109.370000
1769105956.396777,0,0.000000,59.750000,0.000000,0.000000,0.000000,0.000000,0.000000,-0.180000,8.000000,109.380000
1769105956.416326,0,0.000000,59.750000,0.000000,0.050000,0.000000,0.000000,0.000000,-0.180000,8.000000,109.410000
1769105956.431802,0,0.000000,59.740000,0.000000,0.070000,0.000000,0.000000,0.000000,-0.180000,8.000000,109.410000
1769105956.439023,0,0.000000,59.790000,0.000000,0.000000,0.000000,0.000000,0.000000,-0.170000,8.000000,109.440000
1769105956.462872,0,0.000000,59.770000,0.000000,0.000000,0.000000,0.000000,0.000000,-0.180000,8.000000,109.440000
1769105956.468221,0,0.000000,59.740000,0.000000,-0.010000,0.000000,0.000000,0.000000,-0.180000,8.000000,109.470000
1769105956.483255,0,0.000000,59.750000,0.000000,0.020000,0.000000,0.000000,0.000000,-0.180000,8.000000,109.480000
1769105956.505997,0,0.000000,59.770000,0.000000,-0.050000,0.000000,0.000000,0.000000,-0.180000,8.000000,109.500000
1769105956.528616,0,0.000000,59.750000,0.000000,0.050000,0.000000,0.000000,0.000000,-0.180000,8.000000,109.510000
1769105956.544262,0,0.000000,59.770000,0.000000,0.000000,0.000000,0.000000,0.000000,-0.180000,8.000000,109.520000
1769105956.551098,0,0.000000,59.750000,0.000000,-0.020000,0.000000,0.000000,0.000000,-0.180000,8.000000,109.540000
1769105956.574459,0,0.000000,59.700000,0.000000,0.000000,0.000000,0.000000,0.000000,-0.180000,8.000000,109.550000
1769105956.582268,0,0.000000,59.770000,0.000000,0.000000,0.000000,0.000000,0.000000,-0.180000,8.000000,109.560000
1769105956.596972,0,0.000000,59.750000,0.000000,0.000000,0.000000,0.000000,0.000000,-0.180000,8.000000,109.580000
1769105956.619705,0,0.000000,59.700000,0.000000,0.000000,0.000000,0.000000,0.000000,-0.180000,8.000000,109.590000
1769105956.621598,0,0.000000,59.700000,0.000000,0.100000,0.000000,0.000000,0.000000,-0.180000,8.000000,109.620000
1769105956.641927,0,0.000000,59.750000,0.000000,0.010000,0.000000,0.000000,0.000000,-0.180000,8.000000,109.620000
1769105956.664681,0,0.000000,59.860000,0.000000,-0.110000,0.000000,0.000000,0.000000,-0.180000,8.000000,109.650000
1769105956.678685,0,0.000000,59.700000,0.000000,-0.100000,0.000000,0.000000,0.000000,-0.180000,8.000000,109.660000
1769105956.686086,0,0.000000,59.740000,0.000000,0.020000,0.000000,0.000000,0.000000,-0.180000,8.000000,109.680000
1769105956.701719,0,0.000000,59.750000,0.000000,0.000000,0.000000,0.000000,0.000000,-0.180000,8.000000,109.690000
1769105956.716036,0,0.000000,59.740000,0.000000,0.090000,0.000000,0.000000,0.000000,-0.180000,8.000000,109.700000
1769105956.732347,0,0.000000,59.700000,0.000000,0.030000,0.000000,0.000000,0.000000,-0.180000,8.000000,109.730000
1769105956.753459,0,0.000000,59.750000,0.000000,0.020000,0.000000,0.000000,0.000000,-0.180000,8.000000,109.730000
1769105956.768450,0,0.000000,59.770000,0.000000,-0.020000,0.000000,0.000000,0.000000,-0.170000,8.000000,109.760000
1769105956.784662,0,0.000000,59.740000,0.000000,-0.020000,0.000000,0.000000,0.000000,-0.170000,8.000000,109.760000
1769105956.799218,0,0.000000,59.740000,0.000000,-0.170000,0.000000,0.000000,0.000000,-0.180000,8.000000,109.790000
1769105956.822259,0,0.000000,59.770000,0.000000,-0.010000,0.000000,0.000000,0.000000,-0.180000,8.000000,109.800000
1769105956.824265,0,0.000000,59.680000,0.000000,-0.050000,0.000000,0.000000,0.000000,-0.180000,8.000000,109.810000
1769105956.851247,0,0.000000,59.680000,0.000000,0.030000,0.000000,0.000000,0.000000,-0.180000,8.000000,109.830000
1769105956.853021,0,0.000000,59.790000,0.000000,-0.020000,0.000000,0.000000,0.000000,-0.180000,8.000000,109.840000
1769105956.881814,0,0.000000,59.750000,0.000000,0.000000,0.000000,0.000000,0.000000,-0.180000,8.000000,109.870000
1769105956.888644,0,0.000000,59.740000,0.000000,-0.030000,0.000000,0.000000,0.000000,-0.180000,8.000000,109.870000
1769105956.911187,0,0.000000,59.740000,0.000000,-0.010000,0.000000,0.000000,0.000000,-0.180000,8.000000,109.900000
1769105956.919225,0,0.000000,59.750000,0.000000,-0.020000,0.000000,0.000000,0.000000,-0.180000,8.000000,109.910000
1769105956.934111,0,0.000000,59.750000,0.000000,0.010000,0.000000,0.000000,0.000000,-0.180000,8.000000,109.930000
1769105956.949269,0,0.000000,59.650000,0.000000,0.050000,0.000000,0.000000,0.000000,-0.180000,8.000000,109.940000
1769105956.965120,0,0.000000,59.700000,0.000000,0.000000,0.000000,0.000000,0.000000,-0.180000,8.000000,109.950000
1769105956.978548,0,0.000000,59.750000,0.000000,0.020000,0.000000,0.000000,0.000000,-0.180000,8.000000,109.970000
1769105957.010361,0,0.000000,59.750000,0.000000,0.030000,0.000000,0.000000,0.000000,-0.180000,8.000000,109.980000
1769105957.016423,0,0.000000,59.770000,0.000000,0.000000,0.000000,0.000000,0.000000,-0.180000,8.000000,110.000000
1769105957.024861,0,0.000000,59.680000,0.000000,0.000000,0.000000,0.000000,0.000000,-0.180000,8.000000,110.010000
1769105957.039560,0,0.000000,59.770000,0.000000,-0.020000,0.000000,0.000000,0.000000,-0.180000,8.000000,110.020000
1769105957.062239,0,0.000000,59.770000,0.000000,-0.010000,0.000000,0.000000,0.000000,-0.180000,8.000000,110.050000
1769105957.076477,0,0.000000,59.740000,0.000000,0.070000,0.000000,0.000000,0.000000,-0.180000,8.000000,110.050000
1769105957.084102,0,0.000000,59.680000,0.000000,0.000000,0.000000,0.000000,0.000000,-0.180000,8.000000,110.080000
1769105957.107635,0,0.000000,59.740000,0.000000,0.020000,0.000000,0.000000,0.000000,-0.180000,8.000000,110.080000
1769105957.121402,0,0.000000,59.660000,0.000000,0.020000,0.000000,0.000000,0.000000,-0.180000,8.000000,110.110000
1769105957.124133,0,0.000000,59.660000,0.000000,0.000000,0.000000,0.000000,0.000000,-0.180000,8.000000,110.120000
1769105957.144449,0,0.000000,59.660000,0.000000,0.000000,0.000000,0.000000,0.000000,-0.180000,8.000000,110.130000
1769105957.159434,0,0.000000,59.770000,0.000000,0.030000,0.000000,0.000000,0.000000,-0.180000,8.000000,110.150000
1769105957.181726,0,0.000000,59.740000,0.000000,0.000000,0.000000,0.000000,0.000000,-0.180000,8.000000,110.160000
1769105957.189241,0,0.000000,59.740000,0.000000,0.010000,0.000000,0.000000,0.000000,-0.180000,8.000000,110.180000
1769105957.204355,0,0.000000,59.790000,0.000000,0.000000,0.000000,0.000000,0.000000,-0.180000,8.000000,110.190000
1769105957.227512,0,0.000000,59.750000,0.000000,0.000000,0.000000,0.000000,0.000000,-0.180000,8.000000,110.200000
1769105957.232929,0,0.000000,59.790000,0.000000,0.000000,0.000000,0.000000,0.000000,-0.180000,8.000000,110.220000
1769105957.248605,0,0.000000,59.770000,0.000000,0.050000,0.000000,0.000000,0.000000,-0.180000,8.000000,110.230000
1769105957.263834,0,0.000000,59.740000,0.000000,0.020000,0.000000,0.000000,0.000000,-0.180000,8.000000,110.250000
1769105957.279047,0,0.000000,59.740000,0.000000,0.050000,0.000000,0.000000,0.000000,-0.180000,8.000000,110.260000
1769105957.301217,0,0.000000,59.700000,0.000000,0.000000,0.000000,0.000000,0.000000,-0.180000,8.000000,110.270000
1769105957.308225,0,0.000000,59.770000,0.000000,0.050000,0.000000,0.000000,0.000000,-0.180000,8.000000,110.300000
1769105957.324553,0,0.000000,59.700000,0.000000,0.030000,0.000000,0.000000,0.000000,-0.180000,8.000000,110.300000
1769105957.344237,0,0.000000,59.740000,0.000000,-0.050000,0.000000,0.000000,0.000000,-0.180000,8.000000,110.330000
1769105957.347140,0,0.000000,59.750000,0.000000,0.000000,0.000000,0.000000,0.000000,-0.180000,8.000000,110.330000
1769105957.368829,0,0.000000,59.700000,0.000000,0.070000,0.000000,0.000000,0.000000,-0.180000,8.000000,110.360000
1769105957.392310,0,0.000000,59.740000,0.000000,0.000000,0.000000,0.000000,0.000000,-0.180000,8.000000,110.370000
1769105957.394122,0,0.000000,59.700000,0.000000,0.070000,0.000000,0.000000,0.000000,-0.180000,8.000000,110.380000
1769105957.414454,0,0.000000,59.680000,0.000000,-0.020000,0.000000,0.000000,0.000000,-0.180000,8.000000,110.410000
1769105957.429768,0,0.000000,59.740000,0.000000,0.010000,0.000000,0.000000,0.000000,-0.180000,8.000000,110.410000
1769105957.451623,0,0.000000,59.740000,0.000000,0.050000,0.000000,0.000000,0.000000,-0.180000,8.000000,110.440000
1769105957.459209,0,0.000000,59.700000,0.000000,0.000000,0.000000,0.000000,0.000000,-0.180000,8.000000,110.440000
1769105957.474216,0,0.000000,59.660000,0.000000,0.000000,0.000000,0.000000,0.000000,-0.180000,8.000000,110.470000
1769105957.496961,0,0.000000,59.650000,0.000000,0.020000,0.000000,0.000000,0.000000,-0.180000,8.000000,110.480000
1769105957.504061,0,0.000000,59.750000,0.000000,-0.020000,0.000000,0.000000,0.000000,-0.180000,8.000000,110.500000
1769105957.527242,0,0.000000,59.750000,0.000000,-0.030000,0.000000,0.000000,0.000000,-0.180000,8.000000,110.510000
1769105957.534118,0,0.000000,59.770000,0.000000,0.000000,0.000000,0.000000,0.000000,-0.180000,8.000000,110.520000
1769105957.549447,0,0.000000,59.740000,0.000000,0.000000,0.000000,0.000000,0.000000,-0.180000,8.000000,110.540000
1769105957.572237,0,0.000000,59.750000,0.000000,-0.030000,0.000000,0.000000,0.000000,-0.180000,8.000000,110.550000
1769105957.574013,0,0.000000,59.740000,0.000000,0.000000,0.000000,0.000000,0.000000,-0.180000,8.000000,110.560000
1769105957.593338,0,0.000000,59.770000,0.000000,0.000000,0.000000,0.000000,0.000000,-0.180000,8.000000,110.580000
1769105957.609209,0,0.000000,59.750000,0.000000,0.070000,0.000000,0.000000,0.000000,-0.170000,8.000000,110.590000
1769105957.631856,0,0.000000,59.790000,0.000000,-0.020000,0.000000,0.000000,0.000000,-0.180000,8.000000,110.620000
1769105957.639189,0,0.000000,59.700000,0.000000,-0.050000,0.000000,0.000000,0.000000,-0.180000,8.000000,110.620000
1769105957.662550,0,0.000000,59.790000,0.000000,-0.050000,0.000000,0.000000,0.000000,-0.180000,8.000000,110.650000
1769105957.669492,0,0.000000,59.740000,0.000000,0.010000,0.000000,0.000000,0.000000,-0.180000,8.000000,110.660000
1769105957.684036,0,0.000000,59.770000,0.000000,0.010000,0.000000,0.000000,0.000000,-0.180000,8.000000,110.680000
1769105957.707015,0,0.000000,59.750000,0.000000,0.000000,0.000000,0.000000,0.000000,-0.180000,8.000000,110.690000
1769105957.723117,0,0.000000,59.790000,0.000000,0.000000,0.000000,0.000000,0.000000,-0.180000,8.000000,110.700000
1769105957.744643,0,0.000000,59.750000,0.000000,0.050000,0.000000,0.000000,0.000000,-0.180000,8.000000,110.730000
1769105957.751400,0,0.000000,59.810000,0.000000,0.000000,0.000000,0.000000,0.000000,-0.180000,8.000000,110.730000
1769105957.758847,0,0.000000,59.770000,0.000000,0.020000,0.000000,0.000000,0.000000,-0.180000,8.000000,110.760000
1769105957.775476,0,0.000000,59.700000,0.000000,-0.050000,0.000000,0.000000,0.000000,-0.180000,8.000000,110.760000
1769105957.797222,0,0.000000,59.770000,0.000000,-0.010000,0.000000,0.000000,0.000000,-0.180000,8.000000,110.790000
1769105957.819221,0,0.000000,59.750000,0.000000,-0.010000,0.000000,0.000000,0.000000,-0.180000,8.000000,110.800000
1769105957.822229,0,0.000000,59.770000,0.000000,-0.050000,0.000000,0.000000,0.000000,-0.180000,8.000000,110.810000
1769105957.849191,0,0.000000,59.740000,0.000000,0.020000,0.000000,0.000000,0.000000,-0.180000,8.000000,110.830000
1769105957.851094,0,0.000000,59.740000,0.000000,0.020000,0.000000,0.000000,0.000000,-0.180000,8.000000,110.840000
1769105957.880233,0,0.000000,59.750000,0.000000,0.000000,0.000000,0.000000,0.000000,-0.180000,8.000000,110.860000
1769105957.883234,0,0.000000,59.770000,0.000000,-0.010000,0.000000,0.000000,0.000000,-0.180000,8.000000,110.870000
1769105957.895069,0,0.000000,59.770000,0.000000,-0.050000,0.000000,0.000000,0.000000,-0.180000,8.000000,110.880000
1769105957.916039,0,0.000000,59.700000,0.000000,0.010000,0.000000,0.000000,0.000000,-0.180000,8.000000,110.910000
1769105957.932429,0,0.000000,59.790000,0.000000,0.050000,0.000000,0.000000,0.000000,-0.180000,8.000000,110.910000
1769105957.954376,0,0.000000,59.750000,0.000000,0.030000,0.000000,0.000000,0.000000,-0.180000,8.000000,110.940000
1769105957.961273,0,0.000000,59.810000,0.000000,0.000000,0.000000,0.000000,0.000000,-0.180000,8.000000,110.940000
1769105957.976546,0,0.000000,59.810000,0.000000,0.030000,0.000000,0.000000,0.000000,-0.180000,8.000000,110.970000
1769105957.999049,0,0.000000,59.770000,0.000000,0.000000,0.000000,0.000000,0.000000,-0.180000,8.000000,110.980000
1769105958.013450,0,0.000000,59.770000,0.000000,0.000000,0.000000,0.000000,0.000000,-0.180000,8.000000,111.000000
1769105958.021994,0,0.000000,59.740000,0.000000,0.010000,0.000000,0.000000,0.000000,-0.180000,8.000000,111.010000
1769105958.044219,0,0.000000,59.750000,0.000000,0.030000,0.000000,0.000000,0.000000,-0.180000,8.000000,111.020000
1769105958.046053,0,0.000000,59.700000,0.000000,0.070000,0.000000,0.000000,0.000000,-0.180000,8.000000,111.040000
1769105958.066344,0,0.000000,59.750000,0.000000,-0.050000,0.000000,0.000000,0.000000,-0.180000,8.000000,111.050000
1769105958.081445,0,0.000000,59.750000,0.000000,0.000000,0.000000,0.000000,0.000000,-0.180000,8.000000,111.060000
1769105958.096363,0,0.000000,59.770000,0.000000,0.020000,0.000000,0.000000,0.000000,-0.170000,8.000000,111.080000
1769105958.118568,0,0.000000,59.790000,0.000000,0.010000,0.000000,0.000000,0.000000,-0.180000,8.000000,111.090000
1769105958.133550,0,0.000000,59.700000,0.000000,0.000000,0.000000,0.000000,0.000000,-0.180000,8.000000,111.120000
1769105958.141626,0,0.000000,59.770000,0.000000,0.000000,0.000000,0.000000,0.000000,-0.180000,8.000000,111.120000
1769105958.170968,0,0.000000,59.810000,0.000000,0.000000,0.000000,0.000000,0.000000,-0.180000,8.000000,111.150000
1769105958.179087,0,0.000000,59.770000,0.000000,0.000000,0.000000,0.000000,0.000000,-0.180000,8.000000,111.160000
1769105958.186548,0,0.000000,59.740000,0.000000,0.000000,0.000000,0.000000,0.000000,-0.180000,8.000000,111.180000
1769105958.209254,0,0.000000,59.770000,0.000000,0.010000,0.000000,0.000000,0.000000,-0.180000,8.000000,111.190000
1769105958.211020,0,0.000000,59.770000,0.000000,0.030000,0.000000,0.000000,0.000000,-0.180000,8.000000,111.200000
1769105958.239739,0,0.000000,59.770000,0.000000,0.000000,0.000000,0.000000,0.000000,-0.180000,8.000000,111.220000
1769105958.242106,0,0.000000,59.740000,0.000000,0.000000,0.000000,0.000000,0.000000,-0.180000,8.000000,111.230000
1769105958.261836,0,0.000000,59.740000,0.000000,0.050000,0.000000,0.000000,0.000000,-0.180000,8.000000,111.250000
1769105958.276398,0,0.000000,59.660000,0.000000,0.000000,0.000000,0.000000,0.000000,-0.180000,8.000000,111.260000
1769105958.299884,0,0.000000,59.700000,0.000000,0.010000,0.000000,0.000000,0.000000,-0.180000,8.000000,111.270000
1769105958.307246,0,0.000000,59.740000,0.000000,-0.050000,0.000000,0.000000,0.000000,-0.180000,8.000000,111.300000
1769105958.329066,0,0.000000,59.680000,0.000000,0.020000,0.000000,0.000000,0.000000,-0.180000,8.000000,111.300000
1769105958.336412,0,0.000000,59.610000,0.000000,0.000000,0.000000,0.000000,0.000000,-0.180000,8.000000,111.330000
1769105958.359398,0,0.000000,59.630000,0.000000,0.050000,0.000000,0.000000,0.000000,-0.180000,8.000000,111.340000
1769105958.366053,0,0.000000,59.680000,0.000000,-0.070000,0.000000,0.000000,0.000000,-0.180000,8.000000,111.360000
1769105958.381225,0,0.000000,59.660000,0.000000,0.030000,0.000000,0.000000,0.000000,-0.180000,8.000000,111.370000
1769105958.404365,0,0.000000,59.680000,0.000000,-0.020000,0.000000,0.000000,0.000000,-0.180000,8.000000,111.380000
1769105958.411119,0,0.000000,59.680000,0.000000,0.050000,0.000000,0.000000,0.000000,-0.180000,8.000000,111.400000
1769105958.427458,0,0.000000,59.680000,0.000000,0.000000,0.000000,0.000000,0.000000,-0.180000,8.000000,111.410000
1769105958.448549,0,0.000000,59.660000,0.000000,0.000000,0.000000,0.000000,0.000000,-0.180000,8.000000,111.430000
1769105958.456188,0,0.000000,59.680000,0.000000,-0.010000,0.000000,0.000000,0.000000,-0.180000,8.000000,111.440000
1769105958.493692,0,0.000000,59.650000,0.000000,0.000000,0.000000,0.000000,0.000000,-0.180000,8.000000,111.450000
1769105958.494197,0,0.000000,59.680000,0.000000,0.000000,0.000000,0.000000,0.000000,-0.180000,8.000000,111.480000
1769105958.501857,0,0.000000,59.650000,0.000000,0.110000,0.000000,0.000000,0.000000,-0.180000,8.000000,111.480000
1769105958.516334,0,0.000000,59.610000,0.000000,-0.150000,0.000000,0.000000,0.000000,-0.180000,8.000000,111.510000
1769105958.539421,0,0.000000,59.500000,0.000000,-0.010000,0.000000,0.000000,0.000000,-0.180000,8.000000,111.510000
1769105958.547462,0,0.000000,59.590000,0.000000,-0.020000,0.000000,0.000000,0.000000,-0.180000,8.000000,111.540000
1769105958.561022,0,0.000000,59.630000,0.000000,0.000000,0.000000,0.000000,0.000000,-0.180000,8.000000,111.550000
1769105958.577389,0,0.000000,59.590000,0.000000,0.000000,0.000000,0.000000,0.000000,-0.180000,8.000000,111.560000
1769105958.599259,0,0.000000,59.520000,0.000000,0.000000,0.000000,0.000000,0.000000,-0.180000,8.000000,111.580000
1769105958.606162,0,0.000000,59.650000,0.000000,-0.010000,0.000000,0.000000,0.000000,-0.180000,8.000000,111.590000
1769105958.621410,0,0.000000,59.660000,0.000000,0.070000,0.000000,0.000000,0.000000,-0.180000,8.000000,111.620000
1769105958.651382,0,0.000000,59.650000,0.000000,0.000000,0.000000,0.000000,0.000000,-0.180000,8.000000,111.620000
1769105958.660640,0,0.000000,59.630000,0.000000,-0.010000,0.000000,0.000000,0.000000,-0.180000,8.000000,111.650000
1769105958.666032,0,0.000000,59.630000,0.000000,0.010000,0.000000,0.000000,0.000000,-0.180000,8.000000,111.660000
1769105958.688877,0,0.000000,59.540000,0.000000,0.000000,0.000000,0.000000,0.000000,-0.170000,8.000000,111.680000
1769105958.705044,0,0.000000,59.610000,0.000000,0.020000,0.000000,0.000000,0.000000,-0.180000,8.000000,111.690000
1769105958.711065,0,0.000000,59.520000,0.000000,-0.020000,0.000000,0.000000,0.000000,-0.180000,8.000000,111.700000
1769105958.727401,0,0.000000,59.500000,0.000000,0.000000,0.000000,0.000000,0.000000,-0.180000,8.000000,111.720000
1769105958.741368,0,0.000000,59.520000,0.000000,0.050000,0.000000,0.000000,0.000000,-0.180000,8.000000,111.730000
1769105958.764571,0,0.000000,59.430000,0.000000,0.000000,0.000000,0.000000,0.000000,-0.180000,8.000000,111.750000
1769105958.771969,0,0.000000,59.500000,0.000000,0.100000,0.000000,0.000000,0.000000,-0.180000,8.000000,111.760000
1769105958.786158,0,0.000000,59.540000,0.000000,0.000000,0.000000,0.000000,0.000000,-0.180000,8.000000,111.770000
1769105958.809248,0,0.000000,59.520000,0.000000,0.020000,0.000000,0.000000,0.000000,-0.180000,8.000000,111.800000
1769105958.824624,0,0.000000,59.520000,0.000000,-0.050000,0.000000,0.000000,0.000000,-0.180000,8.000000,111.800000
1769105958.840069,0,0.000000,59.470000,0.000000,0.000000,0.000000,0.000000,0.000000,-0.180000,8.000000,111.830000
1769105958.853384,0,0.000000,59.430000,0.000000,0.000000,0.000000,0.000000,0.000000,-0.170000,8.000000,111.830000
1769105958.868627,0,0.000000,59.400000,0.000000,0.000000,0.000000,0.000000,0.000000,-0.170000,8.000000,111.860000
1769105958.884054,0,0.000000,59.470000,0.000000,-0.030000,0.000000,0.000000,0.000000,-0.180000,8.000000,111.870000
1769105958.892029,0,0.000000,59.470000,0.000000,0.000000,0.000000,0.000000,0.000000,-0.180000,8.000000,111.880000
1769105958.915006,0,0.000000,59.340000,0.000000,-0.030000,0.000000,0.000000,0.000000,-0.180000,8.000000,111.900000
1769105958.928783,0,0.000000,59.400000,0.000000,0.000000,0.000000,0.000000,0.000000,-0.180000,8.000000,111.910000
1769105958.935981,0,0.000000,59.380000,0.000000,0.020000,0.000000,0.000000,0.000000,-0.180000,8.000000,111.930000
1769105958.958569,0,0.000000,59.330000,0.000000,0.000000,0.000000,0.000000,0.000000,-0.170000,8.000000,111.940000
1769105958.974560,0,0.000000,59.430000,0.000000,0.010000,0.000000,0.000000,0.000000,-0.180000,8.000000,111.950000
1769105958.988765,0,0.000000,59.330000,0.000000,0.100000,0.000000,0.000000,0.000000,-0.180000,8.000000,111.980000
1769105958.996031,0,0.000000,59.360000,0.000000,-0.090000,0.000000,0.000000,0.000000,-0.180000,8.000000,111.980000
1769105959.018280,0,0.000000,59.380000,0.000000,0.030000,0.000000,0.000000,0.000000,-0.180000,8.000000,112.010000
1769105959.026460,0,0.000000,59.430000,0.000000,-0.050000,0.000000,0.000000,0.000000,-0.180000,8.000000,112.010000
1769105959.042145,0,0.000000,59.330000,0.000000,-0.030000,0.000000,0.000000,0.000000,-0.180000,8.000000,112.040000
1769105959.064835,0,0.000000,59.270000,0.000000,0.030000,0.000000,0.000000,0.000000,-0.180000,8.000000,112.050000
1769105959.079058,0,0.000000,59.330000,0.000000,0.000000,0.000000,0.000000,0.000000,-0.180000,8.000000,112.060000
1769105959.101743,0,0.000000,59.270000,0.000000,-0.100000,0.000000,0.000000,0.000000,-0.180000,8.000000,112.080000
1769105959.124744,0,0.000000,59.310000,0.000000,0.000000,0.000000,0.000000,0.000000,-0.180000,8.000000,112.090000
1769105959.126585,0,0.000000,59.310000,0.000000,0.010000,0.000000,0.000000,0.000000,-0.180000,8.000000,112.110000
1769105959.131494,0,0.000000,59.360000,0.000000,0.020000,0.000000,0.000000,0.000000,-0.180000,8.000000,112.120000
1769105959.153931,0,0.000000,59.270000,0.000000,0.010000,0.000000,0.000000,0.000000,-0.180000,8.000000,112.130000
1769105959.168651,0,0.000000,59.340000,0.000000,0.030000,0.000000,0.000000,0.000000,-0.180000,8.000000,112.160000
1769105959.184364,0,0.000000,59.340000,0.000000,-0.010000,0.000000,0.000000,0.000000,-0.180000,8.000000,112.160000
1769105959.198768,0,0.000000,59.240000,0.000000,0.070000,0.000000,0.000000,0.000000,-0.180000,8.000000,112.190000
1769105959.207138,0,0.000000,59.240000,0.000000,0.050000,0.000000,0.000000,0.000000,-0.180000,8.000000,112.190000
1769105959.235737,0,0.000000,59.240000,0.000000,0.010000,0.000000,0.000000,0.000000,-0.180000,8.000000,112.220000
1769105959.243759,0,0.000000,59.240000,0.000000,0.020000,0.000000,0.000000,0.000000,-0.180000,8.000000,112.230000
1769105959.259977,0,0.000000,59.250000,0.000000,0.020000,0.000000,0.000000,0.000000,-0.180000,8.000000,112.250000
1769105959.273785,0,0.000000,59.220000,0.000000,0.030000,0.000000,0.000000,0.000000,-0.180000,8.000000,112.260000
1769105959.282242,0,0.000000,59.110000,0.000000,0.030000,0.000000,0.000000,0.000000,-0.180000,8.000000,112.270000
1769105959.304480,0,0.000000,59.130000,0.000000,0.020000,0.000000,0.000000,0.000000,-0.180000,8.000000,112.290000
1769105959.311434,0,0.000000,59.150000,0.000000,0.000000,0.000000,0.000000,0.000000,-0.180000,8.000000,112.300000
1769105959.334152,0,0.000000,59.130000,0.000000,0.010000,0.000000,0.000000,0.000000,-0.180000,8.000000,112.310000
1769105959.349187,0,0.000000,59.150000,0.000000,-0.050000,0.000000,0.000000,0.000000,-0.180000,8.000000,112.330000
1769105959.363958,0,0.000000,59.130000,0.000000,-0.070000,0.000000,0.000000,0.000000,-0.170000,8.000000,112.360000
1769105959.379065,0,0.000000,59.180000,0.000000,-0.020000,0.000000,0.000000,0.000000,-0.170000,8.000000,112.370000
1769105959.393981,0,0.000000,59.150000,0.000000,0.030000,0.000000,0.000000,0.000000,-0.180000,8.000000,112.380000
1769105959.416345,0,0.000000,59.090000,0.000000,-0.050000,0.000000,0.000000,0.000000,-0.180000,8.000000,112.400000
1769105959.423931,0,0.000000,59.180000,0.000000,-0.030000,0.000000,0.000000,0.000000,-0.180000,8.000000,112.410000
1769105959.439358,0,0.000000,59.110000,0.000000,0.000000,0.000000,0.000000,0.000000,-0.180000,8.000000,112.430000
1769105959.462582,0,0.000000,59.220000,0.000000,-0.030000,0.000000,0.000000,0.000000,-0.170000,8.000000,112.440000
1769105959.468370,0,0.000000,59.330000,0.000000,0.010000,0.000000,0.000000,0.000000,-0.180000,8.000000,112.450000
1769105959.483327,0,0.000000,59.380000,0.000000,0.020000,0.000000,0.000000,0.000000,-0.180000,8.000000,112.480000
1769105959.507188,0,0.000000,59.340000,0.000000,0.000000,0.000000,0.000000,0.000000,-0.170000,8.000000,112.480000
1769105959.509029,0,0.000000,59.270000,0.000000,0.050000,0.000000,0.000000,0.000000,-0.150000,8.000000,112.510000
1769105959.536679,0,0.000000,59.130000,0.000000,0.000000,0.000000,0.000000,0.000000,-0.120000,8.000000,112.510000
1769105959.538969,0,0.000000,58.930000,0.000000,0.000000,0.000000,0.000000,0.000000,-0.100000,8.000000,112.540000
1769105959.567292,0,0.000000,58.720000,0.000000,-0.070000,0.000000,0.000000,0.000000,-0.090000,8.000000,112.550000
1769105959.568943,0,0.000000,58.490000,0.000000,0.000000,0.000000,0.000000,0.000000,-0.070000,8.000000,112.560000
1769105959.597205,0,0.000000,58.270000,0.000000,0.000000,0.000000,0.000000,0.000000,-0.050000,8.000000,112.580000
1769105959.598952,0,0.000000,58.200000,0.000000,0.020000,0.000000,0.000000,0.000000,-0.050000,8.000000,112.590000
1769105959.618713,0,0.000000,58.180000,0.000000,0.030000,0.000000,0.000000,0.000000,-0.050000,8.000000,112.610000
1769105959.648959,0,0.000000,58.060000,0.000000,0.010000,0.000000,0.000000,0.000000,-0.050000,8.000000,112.620000
1769105959.650117,0,0.000000,58.080000,0.000000,0.000000,0.000000,0.000000,0.000000,-0.050000,8.000000,112.630000
1769105959.664253,0,0.000000,58.020000,0.000000,-0.020000,0.000000,0.000000,0.000000,-0.070000,8.000000,112.660000
1769105959.679363,0,0.000000,58.000000,0.000000,0.010000,0.000000,0.000000,0.000000,-0.070000,8.000000,112.660000
1769105959.694335,0,0.000000,58.090000,0.000000,0.050000,0.000000,0.000000,0.000000,-0.070000,8.000000,112.690000
1769105959.715794,0,0.000000,58.020000,0.000000,0.000000,0.000000,0.000000,0.000000,-0.070000,8.000000,112.690000
1769105959.725026,0,0.000000,58.110000,0.000000,-0.010000,0.000000,0.000000,0.000000,-0.090000,8.000000,112.720000
1769105959.739201,0,0.000000,58.090000,0.000000,0.010000,0.000000,0.000000,0.000000,-0.100000,8.000000,112.730000
1769105959.762452,0,0.000000,58.090000,0.000000,0.000000,0.000000,0.000000,0.000000,-0.100000,8.000000,112.750000
1769105959.776708,0,0.000000,58.090000,0.000000,0.020000,0.000000,0.000000,0.000000,-0.110000,8.000000,112.760000
1769105959.783914,0,0.000000,58.060000,0.000000,0.000000,0.000000,0.000000,0.000000,-0.110000,8.000000,112.770000
1769105959.807205,0,0.000000,58.080000,0.000000,0.140000,0.000000,0.000000,0.000000,-0.120000,8.000000,112.800000
1769105959.814405,0,0.000000,57.970000,0.000000,0.000000,0.000000,0.000000,0.000000,-0.120000,8.000000,112.800000
1769105959.837032,0,0.000000,58.040000,0.000000,0.050000,0.000000,0.000000,0.000000,-0.120000,8.000000,112.830000
1769105959.851382,0,0.000000,58.020000,0.000000,0.000000,0.000000,0.000000,0.000000,-0.140000,8.000000,112.830000
1769105959.874830,0,0.000000,58.020000,0.000000,0.070000,0.000000,0.000000,0.000000,-0.140000,8.000000,112.860000
1769105959.877536,0,0.000000,58.080000,0.000000,-0.010000,0.000000,0.000000,0.000000,-0.140000,8.000000,112.870000
1769105959.896213,0,0.000000,58.180000,0.000000,0.070000,0.000000,0.000000,0.000000,-0.140000,8.000000,112.880000
1769105959.918297,0,0.000000,58.250000,0.000000,-0.020000,0.000000,0.000000,0.000000,-0.140000,8.000000,112.900000
1769105959.927001,0,0.000000,58.340000,0.000000,-0.030000,0.000000,0.000000,0.000000,-0.150000,8.000000,112.910000
1769105959.949826,0,0.000000,58.310000,0.000000,0.050000,0.000000,0.000000,0.000000,-0.150000,8.000000,112.930000
1769105959.956672,0,0.000000,58.470000,0.000000,0.000000,0.000000,0.000000,0.000000,-0.150000,8.000000,112.940000
1769105959.971333,0,0.000000,58.500000,0.000000,-0.010000,0.000000,0.000000,0.000000,-0.150000,8.000000,112.970000
1769105959.994331,0,0.000000,58.610000,0.000000,0.070000,0.000000,0.000000,0.000000,-0.150000,8.000000,112.980000
1769105959.997250,0,0.000000,58.720000,0.000000,0.020000,0.000000,0.000000,0.000000,-0.170000,8.000000,112.980000
1769105960.017170,0,0.000000,58.790000,0.000000,0.000000,0.000000,0.000000,0.000000,-0.170000,8.000000,113.010000
1769105960.031199,0,0.000000,58.900000,0.000000,0.020000,0.000000,0.000000,0.000000,-0.170000,8.000000,113.020000
1769105960.047116,0,0.000000,58.970000,0.000000,0.000000,0.000000,0.000000,0.000000,-0.170000,8.000000,113.040000
1769105960.068508,0,0.000000,59.020000,0.000000,0.010000,0.000000,0.000000,0.000000,-0.170000,8.000000,113.050000
1769105960.083673,0,0.000000,59.090000,0.000000,0.100000,0.000000,0.000000,0.000000,-0.170000,8.000000,113.060000
1769105960.097964,0,0.000000,59.090000,0.000000,0.030000,0.000000,0.000000,0.000000,-0.170000,8.000000,113.080000
1769105960.106132,0,0.000000,59.130000,0.000000,0.000000,0.000000,0.000000,0.000000,-0.170000,8.000000,113.090000
1769105960.120887,0,0.000000,59.090000,0.000000,-0.070000,0.000000,0.000000,0.000000,-0.170000,8.000000,113.120000
1769105960.144536,0,0.000000,59.110000,0.000000,0.000000,0.000000,0.000000,0.000000,-0.170000,8.000000,113.120000
1769105960.159209,0,0.000000,59.110000,0.000000,0.000000,0.000000,0.000000,0.000000,-0.170000,8.000000,113.150000
1769105960.174960,0,0.000000,59.090000,0.000000,0.070000,0.000000,0.000000,0.000000,-0.170000,8.000000,113.160000
1769105960.181385,0,0.000000,59.150000,0.000000,0.000000,0.000000,0.000000,0.000000,-0.180000,8.000000,113.180000
1769105960.205296,0,0.000000,59.240000,0.000000,0.030000,0.000000,0.000000,0.000000,-0.180000,8.000000,113.190000
1769105960.211389,0,0.000000,59.200000,0.000000,-0.020000,0.000000,0.000000,0.000000,-0.180000,8.000000,113.200000
1769105960.241189,0,0.000000,59.200000,0.000000,0.000000,0.000000,0.000000,0.000000,-0.180000,8.000000,113.220000
1769105960.249172,0,0.000000,59.240000,0.000000,0.050000,0.000000,0.000000,0.000000,-0.180000,8.000000,113.230000
1769105960.264264,0,0.000000,59.240000,0.000000,-0.010000,0.000000,0.000000,0.000000,-0.180000,8.000000,113.260000
1769105960.279569,0,0.000000,59.130000,0.000000,0.070000,0.000000,0.000000,0.000000,-0.180000,8.000000,113.260000
1769105960.294395,0,0.000000,59.110000,0.000000,0.000000,0.000000,0.000000,0.000000,-0.180000,8.000000,113.290000
1769105960.316616,0,0.000000,59.150000,0.000000,0.010000,0.000000,0.000000,0.000000,-0.180000,8.000000,113.300000
1769105960.332257,0,0.000000,59.150000,0.000000,0.110000,0.000000,0.000000,0.000000,-0.170000,8.000000,113.310000
1769105960.333987,0,0.000000,59.090000,0.000000,0.000000,0.000000,0.000000,0.000000,-0.180000,8.000000,113.330000
1769105960.353891,0,0.000000,59.040000,0.000000,-0.010000,0.000000,0.000000,0.000000,-0.180000,8.000000,113.340000
1769105960.361938,0,0.000000,59.000000,0.000000,0.000000,0.000000,0.000000,0.000000,-0.180000,8.000000,113.360000
1769105960.383907,0,0.000000,59.060000,0.000000,0.010000,0.000000,0.000000,0.000000,-0.180000,8.000000,113.370000
1769105960.392797,0,0.000000,59.060000,0.000000,0.000000,0.000000,0.000000,0.000000,-0.180000,8.000000,113.380000
1769105960.408018,0,0.000000,58.950000,0.000000,0.010000,0.000000,0.000000,0.000000,-0.180000,8.000000,113.400000
1769105960.429002,0,0.000000,58.900000,0.000000,0.030000,0.000000,0.000000,0.000000,-0.180000,8.000000,113.410000
1769105960.444522,0,0.000000,58.950000,0.000000,0.030000,0.000000,0.000000,0.000000,-0.180000,8.000000,113.440000
1769105960.466364,0,0.000000,58.880000,0.000000,0.050000,0.000000,0.000000,0.000000,-0.180000,8.000000,113.440000
1769105960.474149,0,0.000000,58.930000,0.000000,0.090000,0.000000,0.000000,0.000000,-0.180000,8.000000,113.450000
1769105960.497167,0,0.000000,58.900000,0.000000,0.020000,0.000000,0.000000,0.000000,-0.180000,8.000000,113.480000
1769105960.498954,0,0.000000,58.910000,0.000000,0.000000,0.000000,0.000000,0.000000,-0.180000,8.000000,113.500000
1769105960.534163,0,0.000000,58.810000,0.000000,0.000000,0.000000,0.000000,0.000000,-0.180000,8.000000,113.510000
1769105960.536970,0,0.000000,58.830000,0.000000,0.000000,0.000000,0.000000,0.000000,-0.180000,8.000000,113.520000
1769105960.548947,0,0.000000,58.860000,0.000000,0.000000,0.000000,0.000000,0.000000,-0.180000,8.000000,113.540000
1769105960.571290,0,0.000000,58.910000,0.000000,0.000000,0.000000,0.000000,0.000000,-0.180000,8.000000,113.550000
1769105960.578991,0,0.000000,58.910000,0.000000,0.030000,0.000000,0.000000,0.000000,-0.180000,8.000000,113.560000
1769105960.594125,0,0.000000,58.880000,0.000000,0.000000,0.000000,0.000000,0.000000,-0.180000,8.000000,113.580000
1769105960.616662,0,0.000000,58.880000,0.000000,0.010000,0.000000,0.000000,0.000000,-0.180000,8.000000,113.590000
1769105960.624291,0,0.000000,58.900000,0.000000,0.000000,0.000000,0.000000,0.000000,-0.180000,8.000000,113.620000
1769105960.639296,0,0.000000,58.930000,0.000000,0.070000,0.000000,0.000000,0.000000,-0.180000,8.000000,113.620000
1769105960.662663,0,0.000000,58.880000,0.000000,0.020000,0.000000,0.000000,0.000000,-0.180000,8.000000,113.650000
1769105960.677989,0,0.000000,58.720000,0.000000,0.000000,0.000000,0.000000,0.000000,-0.180000,8.000000,113.660000
1769105960.680192,0,0.000000,58.750000,0.000000,0.050000,0.000000,0.000000,0.000000,-0.180000,8.000000,113.680000
1769105960.692089,0,0.000000,58.810000,0.000000,0.000000,0.000000,0.000000,0.000000,-0.180000,8.000000,113.690000
1769105960.713834,0,0.000000,58.810000,0.000000,-0.090000,0.000000,0.000000,0.000000,-0.180000,8.000000,113.700000
1769105960.728611,0,0.000000,58.750000,0.000000,0.000000,0.000000,0.000000,0.000000,-0.180000,8.000000,113.720000
1769105960.751826,0,0.000000,58.700000,0.000000,-0.010000,0.000000,0.000000,0.000000,-0.180000,8.000000,113.730000
1769105960.759669,0,0.000000,58.830000,0.000000,0.000000,0.000000,0.000000,0.000000,-0.180000,8.000000,113.750000
1769105960.774981,0,0.000000,58.680000,0.000000,0.070000,0.000000,0.000000,0.000000,-0.180000,8.000000,113.760000
1769105960.796669,0,0.000000,58.700000,0.000000,0.030000,0.000000,0.000000,0.000000,-0.180000,8.000000,113.770000
1769105960.803849,0,0.000000,58.700000,0.000000,0.050000,0.000000,0.000000,0.000000,-0.180000,8.000000,113.800000
1769105960.842210,0,0.000000,58.580000,0.000000,0.070000,0.000000,0.000000,0.000000,-0.180000,8.000000,113.800000
1769105960.843958,0,0.000000,58.750000,0.000000,0.000000,0.000000,0.000000,0.000000,-0.180000,8.000000,113.830000
1769105960.856709,0,0.000000,58.630000,0.000000,0.000000,0.000000,0.000000,0.000000,-0.180000,8.000000,113.830000
1769105960.865185,0,0.000000,58.580000,0.000000,0.020000,0.000000,0.000000,0.000000,-0.180000,8.000000,113.860000
1769105960.879107,0,0.000000,58.680000,0.000000,-0.010000,0.000000,0.000000,0.000000,-0.180000,8.000000,113.870000
1769105960.894895,0,0.000000,58.590000,0.000000,0.000000,0.000000,0.000000,0.000000,-0.180000,8.000000,113.880000
1769105960.925369,0,0.000000,58.610000,0.000000,0.000000,0.000000,0.000000,0.000000,-0.170000,8.000000,113.910000
1769105960.928365,0,0.000000,58.590000,0.000000,-0.020000,0.000000,0.000000,0.000000,-0.180000,8.000000,113.910000
1769105960.946141,0,0.000000,58.610000,0.000000,0.050000,0.000000,0.000000,0.000000,-0.170000,8.000000,113.940000
1769105960.961750,0,0.000000,58.610000,0.000000,-0.010000,0.000000,0.000000,0.000000,-0.180000,8.000000,113.940000
1769105960.968932,0,0.000000,58.650000,0.000000,0.000000,0.000000,0.000000,0.000000,-0.180000,8.000000,113.970000
1769105960.983911,0,0.000000,58.590000,0.000000,0.030000,0.000000,0.000000,0.000000,-0.180000,8.000000,113.980000
1769105961.007702,0,0.000000,58.490000,0.000000,0.010000,0.000000,0.000000,0.000000,-0.180000,8.000000,114.000000
1769105961.021868,0,0.000000,58.590000,0.000000,0.010000,0.000000,0.000000,0.000000,-0.180000,8.000000,114.010000
1769105961.029246,0,0.000000,58.630000,0.000000,0.100000,0.000000,0.000000,0.000000,-0.180000,8.000000,114.020000
1769105961.051373,0,0.000000,58.540000,0.000000,0.070000,0.000000,0.000000,0.000000,-0.180000,8.000000,114.040000
1769105961.066327,0,0.000000,58.540000,0.000000,0.020000,0.000000,0.000000,0.000000,-0.180000,8.000000,114.050000
1769105961.082258,0,0.000000,58.610000,0.000000,-0.010000,0.000000,0.000000,0.000000,-0.180000,8.000000,114.060000
1769105961.103490,0,0.000000,58.500000,0.000000,0.020000,0.000000,0.000000,0.000000,-0.180000,8.000000,114.080000
1769105961.112172,0,0.000000,58.580000,0.000000,0.000000,0.000000,0.000000,0.000000,-0.180000,8.000000,114.090000
1769105961.133724,0,0.000000,58.490000,0.000000,0.000000,0.000000,0.000000,0.000000,-0.180000,8.000000,114.120000
1769105961.149348,0,0.000000,58.500000,0.000000,0.020000,0.000000,0.000000,0.000000,-0.180000,8.000000,114.120000
1769105961.156709,0,0.000000,58.500000,0.000000,0.020000,0.000000,0.000000,0.000000,-0.180000,8.000000,114.150000
1769105961.185775,0,0.000000,58.580000,0.000000,-0.010000,0.000000,0.000000,0.000000,-0.180000,8.000000,114.160000
1769105961.194540,0,0.000000,58.430000,0.000000,-0.020000,0.000000,0.000000,0.000000,-0.180000,8.000000,114.180000
1769105961.201212,0,0.000000,58.500000,0.000000,0.020000,0.000000,0.000000,0.000000,-0.180000,8.000000,114.190000
1769105961.224911,0,0.000000,58.610000,0.000000,0.000000,0.000000,0.000000,0.000000,-0.180000,8.000000,114.200000
1769105961.231181,0,0.000000,58.500000,0.000000,0.000000,0.000000,0.000000,0.000000,-0.180000,8.000000,114.220000
1769105961.254246,0,0.000000,58.450000,0.000000,0.070000,0.000000,0.000000,0.000000,-0.180000,8.000000,114.230000
1769105961.268511,0,0.000000,58.540000,0.000000,0.020000,0.000000,0.000000,0.000000,-0.180000,8.000000,114.250000
1769105961.284114,0,0.000000,58.500000,0.000000,0.070000,0.000000,0.000000,0.000000,-0.180000,8.000000,114.260000
1769105961.306908,0,0.000000,58.520000,0.000000,0.010000,0.000000,0.000000,0.000000,-0.180000,8.000000,114.290000
1769105961.313704,0,0.000000,58.540000,0.000000,0.050000,0.000000,0.000000,0.000000,-0.180000,8.000000,114.300000
1769105961.328931,0,0.000000,58.450000,0.000000,0.050000,0.000000,0.000000,0.000000,-0.180000,8.000000,114.310000
1769105961.343813,0,0.000000,58.540000,0.000000,0.000000,0.000000,0.000000,0.000000,-0.180000,8.000000,114.330000
1769105961.358715,0,0.000000,58.500000,0.000000,0.000000,0.000000,0.000000,0.000000,-0.180000,8.000000,114.340000
1769105961.374148,0,0.000000,58.540000,0.000000,0.000000,0.000000,0.000000,0.000000,-0.180000,8.000000,114.360000
1769105961.389197,0,0.000000,58.520000,0.000000,0.000000,0.000000,0.000000,0.000000,-0.180000,8.000000,114.370000
1769105961.403803,0,0.000000,58.580000,0.000000,0.000000,0.000000,0.000000,0.000000,-0.180000,8.000000,114.380000
1769105961.427197,0,0.000000,58.520000,0.000000,0.000000,0.000000,0.000000,0.000000,-0.180000,8.000000,114.410000
1769105961.434617,0,0.000000,58.500000,0.000000,0.000000,0.000000,0.000000,0.000000,-0.180000,8.000000,114.410000
1769105961.457323,0,0.000000,58.520000,0.000000,0.010000,0.000000,0.000000,0.000000,-0.180000,8.000000,114.440000
1769105961.465232,0,0.000000,58.500000,0.000000,0.010000,0.000000,0.000000,0.000000,-0.180000,8.000000,114.440000
1769105961.478393,0,0.000000,58.540000,0.000000,0.030000,0.000000,0.000000,0.000000,-0.180000,8.000000,114.470000
1769105961.494484,0,0.000000,58.500000,0.000000,0.070000,0.000000,0.000000,0.000000,-0.180000,8.000000,114.480000
1769105961.516283,0,0.000000,58.520000,0.000000,0.070000,0.000000,0.000000,0.000000,-0.180000,8.000000,114.500000
1769105961.524181,0,0.000000,58.520000,0.000000,0.020000,0.000000,0.000000,0.000000,-0.180000,8.000000,114.510000
1769105961.539363,0,0.000000,58.490000,0.000000,0.000000,0.000000,0.000000,0.000000,-0.180000,8.000000,114.520000
1769105961.562155,0,0.000000,58.500000,0.000000,-0.070000,0.000000,0.000000,0.000000,-0.180000,8.000000,114.550000
1769105961.577715,0,0.000000,58.470000,0.000000,0.000000,0.000000,0.000000,0.000000,-0.180000,8.000000,114.550000
1769105961.592317,0,0.000000,58.500000,0.000000,0.000000,0.000000,0.000000,0.000000,-0.180000,8.000000,114.580000
1769105961.607137,0,0.000000,58.520000,0.000000,0.000000,0.000000,0.000000,0.000000,-0.180000,8.000000,114.580000
1769105961.609884,0,0.000000,58.470000,0.000000,0.000000,0.000000,0.000000,0.000000,-0.180000,8.000000,114.610000
1769105961.630178,0,0.000000,58.470000,0.000000,0.000000,0.000000,0.000000,0.000000,-0.180000,8.000000,114.620000
1769105961.644158,0,0.000000,58.470000,0.000000,0.000000,0.000000,0.000000,0.000000,-0.180000,8.000000,114.630000
1769105961.659317,0,0.000000,58.500000,0.000000,0.000000,0.000000,0.000000,0.000000,-0.180000,8.000000,114.650000
1769105961.681608,0,0.000000,58.500000,0.000000,0.010000,0.000000,0.000000,0.000000,-0.180000,8.000000,114.660000
1769105961.689162,0,0.000000,58.380000,0.000000,0.000000,0.000000,0.000000,0.000000,-0.180000,8.000000,114.680000
1769105961.712187,0,0.000000,58.540000,0.000000,0.010000,0.000000,0.000000,0.000000,-0.180000,8.000000,114.690000
1769105961.713971,0,0.000000,58.540000,0.000000,0.000000,0.000000,0.000000,0.000000,-0.180000,8.000000,114.700000
1769105961.742239,0,0.000000,58.450000,0.000000,0.000000,0.000000,0.000000,0.000000,-0.180000,8.000000,114.730000
1769105961.745029,0,0.000000,58.590000,0.000000,0.020000,0.000000,0.000000,0.000000,-0.180000,8.000000,114.730000
1769105961.833354,0,0.000000,58.610000,0.000000,-0.010000,0.000000,0.000000,0.000000,-0.170000,8.000000,114.760000
1769105961.895554,0,0.000000,58.630000,0.000000,-0.070000,0.000000,0.000000,0.000000,-0.170000,8.000000,114.760000
1769105961.896870,0,0.000000,58.580000,0.000000,0.030000,0.000000,0.000000,0.000000,-0.180000,8.000000,114.790000
1769105961.898385,0,0.000000,58.700000,0.000000,0.030000,0.000000,0.000000,0.000000,-0.180000,8.000000,114.800000
1769105961.900384,0,0.000000,58.610000,0.000000,-0.010000,0.000000,0.000000,0.000000,-0.170000,8.000000,114.810000
1769105961.946915,0,0.000000,58.720000,0.000000,0.050000,0.000000,0.000000,0.000000,-0.170000,8.000000,114.830000
1769105961.948916,0,0.000000,58.750000,0.000000,0.000000,0.000000,0.000000,0.000000,-0.150000,8.000000,114.840000
1769105961.949915,0,0.000000,58.680000,0.000000,0.030000,0.000000,0.000000,0.000000,-0.120000,8.000000,114.860000
1769105961.950914,0,0.000000,58.790000,0.000000,0.000000,0.000000,0.000000,0.000000,-0.070000,8.000000,114.870000
1769105961.951915,0,0.000000,58.950000,0.000000,0.010000,0.000000,0.000000,0.000000,0.050000,8.000000,114.880000
1769105961.999622,0,0.000000,58.930000,0.000000,0.000000,0.000000,0.000000,0.000000,0.200000,8.000000,114.910000
1769105962.000278,0,0.000000,58.900000,0.000000,-0.010000,0.000000,0.000000,0.000000,0.340000,8.000000,114.930000
1769105962.001913,0,0.000000,58.720000,0.000000,0.010000,0.000000,0.000000,0.000000,0.460000,8.000000,114.940000
1769105962.046364,0,0.000000,58.630000,0.000000,0.010000,0.000000,0.000000,0.000000,0.540000,8.000000,114.950000
1769105962.048122,0,0.000000,58.500000,0.000000,0.000000,0.000000,0.000000,0.000000,0.620000,8.000000,114.970000
1769105962.049899,0,0.000000,58.290000,0.000000,0.050000,0.000000,0.000000,0.000000,0.720000,8.000000,114.980000
1769105962.093934,0,0.000000,58.200000,0.000000,-0.020000,0.000000,0.000000,0.000000,0.800000,8.000000,115.000000
1769105962.094699,0,0.000000,57.900000,0.000000,0.000000,0.000000,0.000000,0.000000,0.870000,8.000000,115.010000
1769105962.096708,0,0.000000,57.470000,0.000000,0.000000,0.000000,0.000000,0.000000,0.930000,8.000000,115.020000
1769105962.097709,0,0.000000,56.590000,0.000000,-0.110000,0.000000,0.000000,0.000000,0.990000,8.000000,115.050000
1769105962.141125,0,0.000000,55.290000,0.000000,-0.070000,0.000000,0.000000,0.000000,1.020000,8.000000,115.050000
1769105962.142126,0,0.000000,54.110000,0.000000,-0.030000,0.000000,0.000000,0.000000,1.050000,8.000000,115.080000
1769105962.184507,0,0.000000,52.880000,0.000000,-0.050000,0.000000,0.000000,0.000000,1.080000,8.000000,115.080000
1769105962.185515,0,0.000000,51.830000,0.000000,-0.100000,0.000000,0.000000,0.000000,1.100000,8.000000,115.110000
1769105962.186514,0,0.000000,50.660000,0.000000,-0.050000,0.000000,0.000000,0.000000,1.110000,8.000000,115.120000
1769105962.233627,0,0.000000,49.610000,0.000000,-0.050000,0.000000,0.000000,0.000000,1.110000,8.000000,115.130000
1769105962.235145,0,0.000000,48.540000,0.000000,-0.030000,0.000000,0.000000,0.000000,1.120000,8.000000,115.150000
1769105962.237482,0,0.000000,48.160000,0.000000,-0.010000,0.000000,0.000000,0.000000,1.110000,8.000000,115.160000
1769105962.281175,0,0.000000,48.720000,0.000000,0.000000,0.000000,0.000000,0.000000,1.100000,8.000000,115.180000
1769105962.282118,0,0.000000,50.340000,0.000000,0.050000,0.000000,0.000000,0.000000,1.070000,8.000000,115.190000
1769105962.283124,0,0.000000,52.720000,0.000000,0.000000,0.000000,0.000000,0.000000,1.010000,8.000000,115.200000
1769105962.283818,0,0.000000,55.970000,0.000000,0.050000,0.000000,0.000000,0.000000,0.930000,8.000000,115.230000
1769105962.285653,0,0.000000,59.500000,0.000000,-0.010000,0.000000,0.000000,0.000000,0.820000,8.000000,115.230000
1769105962.328406,0,0.000000,62.310000,0.000000,0.050000,0.000000,0.000000,0.000000,0.720000,8.000000,115.260000
1769105962.330405,0,0.000000,63.590000,0.000000,0.120000,0.000000,0.000000,0.000000,0.600000,8.000000,115.260000
1769105962.374887,0,0.000000,63.470000,0.000000,0.020000,0.000000,0.000000,0.000000,0.470000,8.000000,115.290000
1769105962.376210,0,0.000000,61.950000,0.000000,-0.030000,0.000000,0.000000,0.000000,0.340000,8.000000,115.300000
1769105962.376716,0,0.000000,60.060000,0.000000,0.000000,0.000000,0.000000,0.000000,0.230000,8.000000,115.310000
1769105962.420653,0,0.000000,58.040000,0.000000,0.010000,0.000000,0.000000,0.000000,0.110000,8.000000,115.330000
1769105962.423311,0,0.000000,56.400000,0.000000,-0.030000,0.000000,0.000000,0.000000,0.010000,8.000000,115.340000
1769105962.424300,0,0.000000,54.990000,0.000000,-0.120000,0.000000,0.000000,0.000000,-0.050000,8.000000,115.360000
1769105962.467045,0,0.000000,53.970000,0.000000,-0.020000,0.000000,0.000000,0.000000,-0.100000,8.000000,115.370000
1769105962.468052,0,0.000000,53.340000,0.000000,0.000000,0.000000,0.000000,0.000000,-0.140000,8.000000,115.380000
1769105962.468831,0,0.000000,53.270000,0.000000,0.000000,0.000000,0.000000,0.000000,-0.150000,8.000000,115.410000
1769105962.512280,0,0.000000,53.330000,0.000000,0.000000,0.000000,0.000000,0.000000,-0.170000,8.000000,115.410000
1769105962.513287,0,0.000000,53.220000,0.000000,0.010000,0.000000,0.000000,0.000000,-0.170000,8.000000,115.440000
1769105962.515143,0,0.000000,53.200000,0.000000,0.000000,0.000000,0.000000,0.000000,-0.170000,8.000000,115.450000
1769105962.557495,0,0.000000,53.060000,0.000000,0.000000,0.000000,0.000000,0.000000,-0.170000,8.000000,115.470000
1769105962.558502,0,0.000000,53.200000,0.000000,-0.090000,0.000000,0.000000,0.000000,-0.170000,8.000000,115.480000
1769105962.560282,0,0.000000,53.310000,0.000000,0.020000,0.000000,0.000000,0.000000,-0.170000,8.000000,115.500000
1769105962.604018,0,0.000000,53.540000,0.000000,0.020000,0.000000,0.000000,0.000000,-0.170000,8.000000,115.510000
1769105962.605379,0,0.000000,53.650000,0.000000,-0.070000,0.000000,0.000000,0.000000,-0.170000,8.000000,115.520000
1769105962.606384,0,0.000000,53.900000,0.000000,-0.020000,0.000000,0.000000,0.000000,-0.180000,8.000000,115.540000
1769105962.608389,0,0.000000,53.810000,0.000000,0.000000,0.000000,0.000000,0.000000,-0.180000,8.000000,115.550000
1769105962.648914,0,0.000000,53.880000,0.000000,0.000000,0.000000,0.000000,0.000000,-0.180000,8.000000,115.560000
1769105962.650687,0,0.000000,53.770000,0.000000,0.000000,0.000000,0.000000,0.000000,-0.180000,8.000000,115.580000
1769105962.651696,0,0.000000,53.650000,0.000000,0.000000,0.000000,0.000000,0.000000,-0.180000,8.000000,115.590000
1769105962.692121,0,0.000000,53.520000,0.000000,0.000000,0.000000,0.000000,0.000000,-0.180000,8.000000,115.620000
1769105962.692860,0,0.000000,53.430000,0.000000,0.010000,0.000000,0.000000,0.000000,-0.180000,8.000000,115.620000
1769105962.734379,0,0.000000,53.330000,0.000000,0.000000,0.000000,0.000000,0.000000,-0.180000,8.000000,115.650000
1769105962.734925,0,0.000000,53.380000,0.000000,0.000000,0.000000,0.000000,0.000000,-0.180000,8.000000,115.660000
1769105962.735984,0,0.000000,53.430000,0.000000,0.050000,0.000000,0.000000,0.000000,-0.180000,8.000000,115.680000
1769105962.780720,0,0.000000,53.520000,0.000000,0.020000,0.000000,0.000000,0.000000,-0.180000,8.000000,115.690000
1769105962.781728,0,0.000000,53.610000,0.000000,0.070000,0.000000,0.000000,0.000000,-0.180000,8.000000,115.700000
1769105962.782548,0,0.000000,53.630000,0.000000,0.050000,0.000000,0.000000,0.000000,-0.180000,8.000000,115.730000
1769105962.824105,0,0.000000,53.680000,0.000000,0.000000,0.000000,0.000000,0.000000,-0.180000,8.000000,115.730000
1769105962.825880,0,0.000000,53.700000,0.000000,0.010000,0.000000,0.000000,0.000000,-0.180000,8.000000,115.760000
1769105962.863204,0,0.000000,53.500000,0.000000,0.000000,0.000000,0.000000,0.000000,-0.180000,8.000000,115.760000
1769105962.864203,0,0.000000,53.540000,0.000000,0.000000,0.000000,0.000000,0.000000,-0.180000,8.000000,115.770000
1769105962.865203,0,0.000000,53.450000,0.000000,0.000000,0.000000,0.000000,0.000000,-0.180000,8.000000,115.800000
1769105962.866204,0,0.000000,53.430000,0.000000,0.050000,0.000000,0.000000,0.000000,-0.180000,8.000000,115.800000
1769105962.901808,0,0.000000,53.450000,0.000000,0.000000,0.000000,0.000000,0.000000,-0.170000,8.000000,115.830000
1769105962.902815,0,0.000000,53.430000,0.000000,0.100000,0.000000,0.000000,0.000000,-0.180000,8.000000,115.830000
1769105962.904987,0,0.000000,53.450000,0.000000,0.110000,0.000000,0.000000,0.000000,-0.180000,8.000000,115.860000
1769105962.955082,0,0.000000,53.520000,0.000000,0.050000,0.000000,0.000000,0.000000,-0.180000,8.000000,115.870000
1769105962.958888,0,0.000000,53.540000,0.000000,0.000000,0.000000,0.000000,0.000000,-0.180000,8.000000,115.880000
1769105962.998216,0,0.000000,53.520000,0.000000,0.050000,0.000000,0.000000,0.000000,-0.180000,8.000000,115.900000
1769105962.999213,0,0.000000,53.540000,0.000000,-0.090000,0.000000,0.000000,0.000000,-0.180000,8.000000,115.910000
1769105963.001215,0,0.000000,53.340000,0.000000,0.010000,0.000000,0.000000,0.000000,-0.180000,8.000000,115.930000
1769105963.004200,0,0.000000,53.410000,0.000000,0.010000,0.000000,0.000000,0.000000,-0.180000,8.000000,115.940000
1769105963.053930,0,0.000000,53.430000,0.000000,0.070000,0.000000,0.000000,0.000000,-0.180000,8.000000,115.950000
1769105963.056070,0,0.000000,53.450000,0.000000,-0.050000,0.000000,0.000000,0.000000,-0.180000,8.000000,115.980000
1769105963.058529,0,0.000000,53.470000,0.000000,0.000000,0.000000,0.000000,0.000000,-0.180000,8.000000,116.000000
1769105963.108598,0,0.000000,53.470000,0.000000,-0.010000,0.000000,0.000000,0.000000,-0.180000,8.000000,116.010000
1769105963.110598,0,0.000000,53.450000,0.000000,-0.030000,0.000000,0.000000,0.000000,-0.180000,8.000000,116.020000
1769105963.111598,0,0.000000,53.430000,0.000000,-0.010000,0.000000,0.000000,0.000000,-0.180000,8.000000,116.040000
1769105963.155334,0,0.000000,53.520000,0.000000,0.050000,0.000000,0.000000,0.000000,-0.180000,8.000000,116.050000
1769105963.156334,0,0.000000,53.450000,0.000000,0.000000,0.000000,0.000000,0.000000,-0.180000,8.000000,116.060000
1769105963.157333,0,0.000000,53.400000,0.000000,0.000000,0.000000,0.000000,0.000000,-0.180000,8.000000,116.080000
1769105963.160164,0,0.000000,53.500000,0.000000,0.000000,0.000000,0.000000,0.000000,-0.180000,8.000000,116.090000
1769105963.211508,0,0.000000,53.450000,0.000000,-0.030000,0.000000,0.000000,0.000000,-0.180000,8.000000,116.120000
1769105963.212507,0,0.000000,53.500000,0.000000,0.000000,0.000000,0.000000,0.000000,-0.180000,8.000000,116.120000
1769105963.214509,0,0.000000,53.450000,0.000000,0.000000,0.000000,0.000000,0.000000,-0.180000,8.000000,116.150000
1769105963.265243,0,0.000000,53.450000,0.000000,-0.050000,0.000000,0.000000,0.000000,-0.180000,8.000000,116.160000
1769105963.266823,0,0.000000,53.410000,0.000000,0.000000,0.000000,0.000000,0.000000,-0.180000,8.000000,116.180000
1769105963.268569,0,0.000000,53.430000,0.000000,0.050000,0.000000,0.000000,0.000000,-0.180000,8.000000,116.190000
1769105963.270854,0,0.000000,53.400000,0.000000,0.030000,0.000000,0.000000,0.000000,-0.170000,8.000000,116.200000
1769105963.316613,0,0.000000,53.450000,0.000000,-0.010000,0.000000,0.000000,0.000000,-0.180000,8.000000,116.220000
1769105963.317263,0,0.000000,53.430000,0.000000,0.050000,0.000000,0.000000,0.000000,-0.180000,8.000000,116.230000
1769105963.318274,0,0.000000,53.400000,0.000000,0.000000,0.000000,0.000000,0.000000,-0.180000,8.000000,116.250000
1769105963.319273,0,0.000000,53.410000,0.000000,0.000000,0.000000,0.000000,0.000000,-0.180000,8.000000,116.260000
1769105963.365896,0,0.000000,53.380000,0.000000,-0.010000,0.000000,0.000000,0.000000,-0.180000,8.000000,116.270000
1769105963.366892,0,0.000000,53.410000,0.000000,0.000000,0.000000,0.000000,0.000000,-0.180000,8.000000,116.300000
1769105963.409907,0,0.000000,53.380000,0.000000,0.010000,0.000000,0.000000,0.000000,-0.180000,8.000000,116.310000
1769105963.411910,0,0.000000,53.290000,0.000000,0.020000,0.000000,0.000000,0.000000,-0.180000,8.000000,116.330000
1769105963.413091,0,0.000000,53.340000,0.000000,0.010000,0.000000,0.000000,0.000000,-0.180000,8.000000,116.340000
1769105963.414098,0,0.000000,53.380000,0.000000,0.110000,0.000000,0.000000,0.000000,-0.180000,8.000000,116.360000
1769105963.461199,0,0.000000,53.380000,0.000000,0.050000,0.000000,0.000000,0.000000,-0.180000,8.000000,116.370000
1769105963.461839,0,0.000000,53.410000,0.000000,0.000000,0.000000,0.000000,0.000000,-0.180000,8.000000,116.380000
1769105963.462847,0,0.000000,53.340000,0.000000,-0.050000,0.000000,0.000000,0.000000,-0.170000,8.000000,116.400000
1769105963.507092,0,0.000000,53.340000,0.000000,0.050000,0.000000,0.000000,0.000000,-0.170000,8.000000,116.410000
1769105963.508100,0,0.000000,53.380000,0.000000,-0.010000,0.000000,0.000000,0.000000,-0.180000,8.000000,116.440000
1769105963.508866,0,0.000000,53.380000,0.000000,0.000000,0.000000,0.000000,0.000000,-0.180000,8.000000,116.440000
1769105963.554844,0,0.000000,53.400000,0.000000,0.050000,0.000000,0.000000,0.000000,-0.180000,8.000000,116.470000
1769105963.555851,0,0.000000,53.400000,0.000000,0.000000,0.000000,0.000000,0.000000,-0.180000,8.000000,116.480000
1769105963.556645,0,0.000000,53.330000,0.000000,0.000000,0.000000,0.000000,0.000000,-0.180000,8.000000,116.500000
1769105963.601863,0,0.000000,53.340000,0.000000,0.050000,0.000000,0.000000,0.000000,-0.180000,8.000000,116.510000
1769105963.602636,0,0.000000,53.380000,0.000000,0.070000,0.000000,0.000000,0.000000,-0.180000,8.000000,116.520000
1769105963.603978,0,0.000000,53.400000,0.000000,0.000000,0.000000,0.000000,0.000000,-0.180000,8.000000,116.540000
1769105963.644857,0,0.000000,53.310000,0.000000,0.000000,0.000000,0.000000,0.000000,-0.180000,8.000000,116.550000
1769105963.646672,0,0.000000,53.380000,0.000000,0.000000,0.000000,0.000000,0.000000,-0.180000,8.000000,116.560000
1769105963.648487,0,0.000000,53.400000,0.000000,-0.050000,0.000000,0.000000,0.000000,-0.180000,8.000000,116.580000
1769105963.650603,0,0.000000,53.270000,0.000000,0.020000,0.000000,0.000000,0.000000,-0.180000,8.000000,116.590000
1769105963.699089,0,0.000000,53.380000,0.000000,0.010000,0.000000,0.000000,0.000000,-0.180000,8.000000,116.620000
1769105963.700096,0,0.000000,53.290000,0.000000,-0.010000,0.000000,0.000000,0.000000,-0.170000,8.000000,116.620000
1769105963.702580,0,0.000000,53.380000,0.000000,0.050000,0.000000,0.000000,0.000000,-0.180000,8.000000,116.650000
1769105963.750128,0,0.000000,53.250000,0.000000,0.000000,0.000000,0.000000,0.000000,-0.180000,8.000000,116.660000
1769105963.751806,0,0.000000,53.270000,0.000000,0.030000,0.000000,0.000000,0.000000,-0.180000,8.000000,116.680000
1769105963.752608,0,0.000000,53.340000,0.000000,0.050000,0.000000,0.000000,0.000000,-0.170000,8.000000,116.690000
1769105963.798254,0,0.000000,53.380000,0.000000,-0.020000,0.000000,0.000000,0.000000,-0.180000,8.000000,116.700000
1769105963.800270,0,0.000000,53.290000,0.000000,0.000000,0.000000,0.000000,0.000000,-0.170000,8.000000,116.730000
1769105963.800779,0,0.000000,53.330000,0.000000,0.000000,0.000000,0.000000,0.000000,-0.180000,8.000000,116.730000
1769105963.801789,0,0.000000,53.290000,0.000000,-0.020000,0.000000,0.000000,0.000000,-0.180000,8.000000,116.760000
1769105963.841204,0,0.000000,53.270000,0.000000,-0.050000,0.000000,0.000000,0.000000,-0.180000,8.000000,116.760000
1769105963.843189,0,0.000000,53.200000,0.000000,0.020000,0.000000,0.000000,0.000000,-0.180000,8.000000,116.790000
1769105963.888101,0,0.000000,53.250000,0.000000,-0.100000,0.000000,0.000000,0.000000,-0.180000,8.000000,116.800000
1769105963.889860,0,0.000000,53.290000,0.000000,-0.020000,0.000000,0.000000,0.000000,-0.180000,8.000000,116.810000
1769105963.932622,0,0.000000,53.270000,0.000000,0.000000,0.000000,0.000000,0.000000,-0.180000,8.000000,116.830000
1769105963.934039,0,0.000000,53.200000,0.000000,0.000000,0.000000,0.000000,0.000000,-0.180000,8.000000,116.840000
1769105963.935048,0,0.000000,53.250000,0.000000,0.000000,0.000000,0.000000,0.000000,-0.180000,8.000000,116.860000
1769105963.935787,0,0.000000,53.270000,0.000000,-0.020000,0.000000,0.000000,0.000000,-0.180000,8.000000,116.870000
1769105963.975060,0,0.000000,53.310000,0.000000,0.000000,0.000000,0.000000,0.000000,-0.180000,8.000000,116.880000
1769105963.976068,0,0.000000,53.310000,0.000000,0.000000,0.000000,0.000000,0.000000,-0.180000,8.000000,116.910000
1769105963.978070,0,0.000000,53.270000,0.000000,0.000000,0.000000,0.000000,0.000000,-0.180000,8.000000,116.930000
1769105964.014063,0,0.000000,53.220000,0.000000,0.020000,0.000000,0.000000,0.000000,-0.180000,8.000000,116.940000
1769105964.016120,0,0.000000,53.220000,0.000000,0.000000,0.000000,0.000000,0.000000,-0.180000,8.000000,116.950000
1769105964.057464,0,0.000000,53.290000,0.000000,0.050000,0.000000,0.000000,0.000000,-0.180000,8.000000,116.970000
1769105964.058472,0,0.000000,53.290000,0.000000,0.000000,0.000000,0.000000,0.000000,-0.180000,8.000000,116.980000
1769105964.060219,0,0.000000,53.130000,0.000000,-0.070000,0.000000,0.000000,0.000000,-0.170000,8.000000,117.000000
1769105964.099222,0,0.000000,53.220000,0.000000,0.020000,0.000000,0.000000,0.000000,-0.180000,8.000000,117.010000
1769105964.100540,0,0.000000,53.200000,0.000000,0.070000,0.000000,0.000000,0.000000,-0.180000,8.000000,117.020000
1769105964.146689,0,0.000000,53.220000,0.000000,0.020000,0.000000,0.000000,0.000000,-0.180000,8.000000,117.050000
1769105964.147689,0,0.000000,53.290000,0.000000,0.070000,0.000000,0.000000,0.000000,-0.180000,8.000000,117.050000
1769105964.149035,0,0.000000,53.250000,0.000000,-0.030000,0.000000,0.000000,0.000000,-0.180000,8.000000,117.080000
1769105964.149035,0,0.000000,53.250000,0.000000,0.030000,0.000000,0.000000,0.000000,-0.180000,8.000000,117.080000
1769105964.195079,0,0.000000,53.310000,0.000000,0.000000,0.000000,0.000000,0.000000,-0.180000,8.000000,117.110000
1769105964.197153,0,0.000000,53.150000,0.000000,0.100000,0.000000,0.000000,0.000000,-0.180000,8.000000,117.120000
1769105964.198668,0,0.000000,53.130000,0.000000,-0.030000,0.000000,0.000000,0.000000,-0.180000,8.000000,117.130000
1769105964.238548,0,0.000000,53.090000,0.000000,0.030000,0.000000,0.000000,0.000000,-0.180000,8.000000,117.150000
1769105964.240549,0,0.000000,53.090000,0.000000,0.000000,0.000000,0.000000,0.000000,-0.180000,8.000000,117.160000
1769105964.242105,0,0.000000,53.150000,0.000000,-0.010000,0.000000,0.000000,0.000000,-0.180000,8.000000,117.180000
1769105964.285204,0,0.000000,53.220000,0.000000,0.050000,0.000000,0.000000,0.000000,-0.180000,8.000000,117.190000
1769105964.286396,0,0.000000,53.270000,0.000000,-0.010000,0.000000,0.000000,0.000000,-0.180000,8.000000,117.200000
1769105964.288255,0,0.000000,53.250000,0.000000,0.000000,0.000000,0.000000,0.000000,-0.180000,8.000000,117.230000
1769105964.333362,0,0.000000,53.150000,0.000000,0.000000,0.000000,0.000000,0.000000,-0.180000,8.000000,117.230000
1769105964.333973,0,0.000000,53.130000,0.000000,0.000000,0.000000,0.000000,0.000000,-0.170000,8.000000,117.260000
1769105964.335344,0,0.000000,53.200000,0.000000,0.000000,0.000000,0.000000,0.000000,-0.170000,8.000000,117.260000
1769105964.375812,0,0.000000,53.270000,0.000000,0.010000,0.000000,0.000000,0.000000,-0.180000,8.000000,117.290000
1769105964.377538,0,0.000000,53.200000,0.000000,0.020000,0.000000,0.000000,0.000000,-0.180000,8.000000,117.300000
1769105964.378278,0,0.000000,53.150000,0.000000,0.050000,0.000000,0.000000,0.000000,-0.180000,8.000000,117.310000
1769105964.380195,0,0.000000,53.150000,0.000000,-0.020000,0.000000,0.000000,0.000000,-0.180000,8.000000,117.330000
1769105964.419315,0,0.000000,53.200000,0.000000,0.010000,0.000000,0.000000,0.000000,-0.180000,8.000000,117.340000
1769105964.420744,0,0.000000,53.200000,0.000000,0.010000,0.000000,0.000000,0.000000,-0.180000,8.000000,117.360000
1769105964.421749,0,0.000000,53.150000,0.000000,0.000000,0.000000,0.000000,0.000000,-0.180000,8.000000,117.370000
1769105964.465665,0,0.000000,53.180000,0.000000,0.000000,0.000000,0.000000,0.000000,-0.180000,8.000000,117.380000
1769105964.466717,0,0.000000,53.110000,0.000000,0.030000,0.000000,0.000000,0.000000,-0.180000,8.000000,117.410000
1769105964.504116,0,0.000000,53.200000,0.000000,0.090000,0.000000,0.000000,0.000000,-0.180000,8.000000,117.410000
1769105964.505125,0,0.000000,53.180000,0.000000,0.000000,0.000000,0.000000,0.000000,-0.180000,8.000000,117.440000
1769105964.506633,0,0.000000,53.180000,0.000000,0.010000,0.000000,0.000000,0.000000,-0.180000,8.000000,117.440000
1769105964.542282,0,0.000000,53.150000,0.000000,0.010000,0.000000,0.000000,0.000000,-0.180000,8.000000,117.470000
1769105964.543996,0,0.000000,53.130000,0.000000,0.050000,0.000000,0.000000,0.000000,-0.180000,8.000000,117.480000
1769105964.545797,0,0.000000,53.150000,0.000000,0.030000,0.000000,0.000000,0.000000,-0.180000,8.000000,117.500000
1769105964.577396,0,0.000000,53.130000,0.000000,0.010000,0.000000,0.000000,0.000000,-0.180000,8.000000,117.510000
1769105964.578396,0,0.000000,53.200000,0.000000,0.000000,0.000000,0.000000,0.000000,-0.180000,8.000000,117.520000
1769105964.580397,0,0.000000,53.180000,0.000000,-0.020000,0.000000,0.000000,0.000000,-0.180000,8.000000,117.540000
1769105964.619027,0,0.000000,53.130000,0.000000,-0.030000,0.000000,0.000000,0.000000,-0.180000,8.000000,117.550000
1769105964.659095,0,0.000000,53.150000,0.000000,0.070000,0.000000,0.000000,0.000000,-0.180000,8.000000,117.560000
1769105964.660494,0,0.000000,53.130000,0.000000,0.020000,0.000000,0.000000,0.000000,-0.180000,8.000000,117.580000
1769105964.661000,0,0.000000,53.200000,0.000000,0.010000,0.000000,0.000000,0.000000,-0.180000,8.000000,117.590000
1769105964.697543,0,0.000000,53.200000,0.000000,0.020000,0.000000,0.000000,0.000000,-0.180000,8.000000,117.620000
1769105964.698607,0,0.000000,53.130000,0.000000,-0.020000,0.000000,0.000000,0.000000,-0.180000,8.000000,117.620000
1769105964.699667,0,0.000000,53.130000,0.000000,0.070000,0.000000,0.000000,0.000000,-0.180000,8.000000,117.650000
1769105964.735994,0,0.000000,53.110000,0.000000,0.000000,0.000000,0.000000,0.000000,-0.180000,8.000000,117.660000
1769105964.738354,0,0.000000,53.200000,0.000000,0.050000,0.000000,0.000000,0.000000,-0.180000,8.000000,117.680000
1769105964.769707,0,0.000000,53.200000,0.000000,0.020000,0.000000,0.000000,0.000000,-0.180000,8.000000,117.690000
1769105964.771134,0,0.000000,53.150000,0.000000,0.000000,0.000000,0.000000,0.000000,-0.180000,8.000000,117.700000
1769105964.771641,0,0.000000,53.150000,0.000000,-0.110000,0.000000,0.000000,0.000000,-0.180000,8.000000,117.730000
1769105964.804040,0,0.000000,53.130000,0.000000,0.000000,0.000000,0.000000,0.000000,-0.180000,8.000000,117.730000
1769105964.805048,0,0.000000,53.130000,0.000000,0.000000,0.000000,0.000000,0.000000,-0.180000,8.000000,117.760000
1769105964.836431,0,0.000000,53.130000,0.000000,0.050000,0.000000,0.000000,0.000000,-0.180000,8.000000,117.760000
1769105964.837325,0,0.000000,53.150000,0.000000,0.020000,0.000000,0.000000,0.000000,-0.180000,8.000000,117.790000
1769105964.872752,0,0.000000,53.150000,0.000000,0.000000,0.000000,0.000000,0.000000,-0.180000,8.000000,117.800000
1769105964.873751,0,0.000000,53.200000,0.000000,0.000000,0.000000,0.000000,0.000000,-0.180000,8.000000,117.810000
1769105964.907785,0,0.000000,53.150000,0.000000,0.030000,0.000000,0.000000,0.000000,-0.180000,8.000000,117.830000
1769105964.908344,0,0.000000,53.130000,0.000000,0.030000,0.000000,0.000000,0.000000,-0.180000,8.000000,117.840000
1769105964.942190,0,0.000000,53.220000,0.000000,0.020000,0.000000,0.000000,0.000000,-0.180000,8.000000,117.870000
1769105964.943197,0,0.000000,53.130000,0.000000,0.070000,0.000000,0.000000,0.000000,-0.180000,8.000000,117.870000
1769105964.943969,0,0.000000,53.180000,0.000000,0.050000,0.000000,0.000000,0.000000,-0.180000,8.000000,117.900000
1769105964.977535,0,0.000000,53.200000,0.000000,0.100000,0.000000,0.000000,0.000000,-0.180000,8.000000,117.910000
1769105964.978535,0,0.000000,53.130000,0.000000,0.000000,0.000000,0.000000,0.000000,-0.180000,8.000000,117.930000
1769105965.014033,0,0.000000,53.200000,0.000000,-0.010000,0.000000,0.000000,0.000000,-0.180000,8.000000,117.940000
1769105965.015952,0,0.000000,53.110000,0.000000,0.000000,0.000000,0.000000,0.000000,-0.180000,8.000000,117.950000
1769105965.051766,0,0.000000,53.110000,0.000000,-0.010000,0.000000,0.000000,0.000000,-0.180000,8.000000,117.970000
1769105965.052766,0,0.000000,53.130000,0.000000,-0.020000,0.000000,0.000000,0.000000,-0.170000,8.000000,117.980000
1769105965.052766,0,0.000000,53.090000,0.000000,0.020000,0.000000,0.000000,0.000000,-0.180000,8.000000,118.000000
1769105965.083627,0,0.000000,53.090000,0.000000,0.000000,0.000000,0.000000,0.000000,-0.180000,8.000000,118.010000
1769105965.083627,0,0.000000,53.180000,0.000000,0.000000,0.000000,0.000000,0.000000,-0.180000,8.000000,118.020000
1769105965.116392,0,0.000000,53.130000,0.000000,-0.050000,0.000000,0.000000,0.000000,-0.170000,8.000000,118.050000
1769105965.116392,0,0.000000,53.090000,0.000000,-0.020000,0.000000,0.000000,0.000000,-0.180000,8.000000,118.050000
1769105965.118392,0,0.000000,53.090000,0.000000,0.070000,0.000000,0.000000,0.000000,-0.180000,8.000000,118.080000
1769105965.148767,0,0.000000,53.110000,0.000000,0.050000,0.000000,0.000000,0.000000,-0.180000,8.000000,118.080000
1769105965.178718,0,0.000000,53.110000,0.000000,0.000000,0.000000,0.000000,0.000000,-0.180000,8.000000,118.110000
1769105965.179509,0,0.000000,53.040000,0.000000,0.070000,0.000000,0.000000,0.000000,-0.180000,8.000000,118.120000
1769105965.180525,0,0.000000,53.060000,0.000000,0.030000,0.000000,0.000000,0.000000,-0.180000,8.000000,118.130000
1769105965.209457,0,0.000000,53.040000,0.000000,0.100000,0.000000,0.000000,0.000000,-0.180000,8.000000,118.150000
1769105965.210970,0,0.000000,53.110000,0.000000,0.050000,0.000000,0.000000,0.000000,-0.180000,8.000000,118.160000
1769105965.240744,0,0.000000,53.060000,0.000000,0.000000,0.000000,0.000000,0.000000,-0.180000,8.000000,118.180000
1769105965.241748,0,0.000000,53.110000,0.000000,0.020000,0.000000,0.000000,0.000000,-0.170000,8.000000,118.190000
1769105965.277947,0,0.000000,53.090000,0.000000,0.000000,0.000000,0.000000,0.000000,-0.180000,8.000000,118.200000
1769105965.279947,0,0.000000,53.090000,0.000000,0.010000,0.000000,0.000000,0.000000,-0.180000,8.000000,118.230000
1769105965.311066,0,0.000000,53.060000,0.000000,0.030000,0.000000,0.000000,0.000000,-0.180000,8.000000,118.230000
1769105965.312066,0,0.000000,53.060000,0.000000,-0.050000,0.000000,0.000000,0.000000,-0.180000,8.000000,118.260000
1769105965.313447,0,0.000000,53.090000,0.000000,0.020000,0.000000,0.000000,0.000000,-0.180000,8.000000,118.260000
1769105965.343330,0,0.000000,53.060000,0.000000,0.020000,0.000000,0.000000,0.000000,-0.170000,8.000000,118.290000
1769105965.374959,0,0.000000,53.000000,0.000000,0.050000,0.000000,0.000000,0.000000,-0.180000,8.000000,118.300000
1769105965.375738,0,0.000000,53.040000,0.000000,0.020000,0.000000,0.000000,0.000000,-0.180000,8.000000,118.310000
1769105965.406006,0,0.000000,53.090000,0.000000,0.000000,0.000000,0.000000,0.000000,-0.180000,8.000000,118.330000
1769105965.407004,0,0.000000,53.060000,0.000000,-0.100000,0.000000,0.000000,0.000000,-0.180000,8.000000,118.340000
1769105965.407463,0,0.000000,53.130000,0.000000,-0.020000,0.000000,0.000000,0.000000,-0.180000,8.000000,118.370000
1769105965.439591,0,0.000000,53.090000,0.000000,0.000000,0.000000,0.000000,0.000000,-0.180000,8.000000,118.370000
1769105965.441326,0,0.000000,53.110000,0.000000,0.050000,0.000000,0.000000,0.000000,-0.180000,8.000000,118.400000
1769105965.476033,0,0.000000,53.150000,0.000000,0.020000,0.000000,0.000000,0.000000,-0.180000,8.000000,118.410000
1769105965.477017,0,0.000000,53.060000,0.000000,0.020000,0.000000,0.000000,0.000000,-0.180000,8.000000,118.430000
1769105965.509726,0,0.000000,53.090000,0.000000,0.020000,0.000000,0.000000,0.000000,-0.180000,8.000000,118.440000
1769105965.511006,0,0.000000,53.090000,0.000000,0.030000,0.000000,0.000000,0.000000,-0.180000,8.000000,118.450000
1769105965.511006,0,0.000000,53.110000,0.000000,-0.010000,0.000000,0.000000,0.000000,-0.180000,8.000000,118.470000
1769105965.547742,0,0.000000,53.060000,0.000000,-0.010000,0.000000,0.000000,0.000000,-0.180000,8.000000,118.480000
1769105965.548246,0,0.000000,53.110000,0.000000,-0.010000,0.000000,0.000000,0.000000,-0.180000,8.000000,118.500000
1769105965.584331,0,0.000000,53.090000,0.000000,-0.010000,0.000000,0.000000,0.000000,-0.180000,8.000000,118.510000
1769105965.584331,0,0.000000,53.020000,0.000000,-0.010000,0.000000,0.000000,0.000000,-0.180000,8.000000,118.520000
1769105965.585331,0,0.000000,53.090000,0.000000,0.000000,0.000000,0.000000,0.000000,-0.180000,8.000000,118.550000
1769105965.623724,0,0.000000,53.060000,0.000000,0.030000,0.000000,0.000000,0.000000,-0.180000,8.000000,118.550000
1769105965.624482,0,0.000000,53.040000,0.000000,0.000000,0.000000,0.000000,0.000000,-0.180000,8.000000,118.580000
1769105965.656912,0,0.000000,53.060000,0.000000,0.000000,0.000000,0.000000,0.000000,-0.180000,8.000000,118.580000
1769105965.657912,0,0.000000,53.040000,0.000000,0.000000,0.000000,0.000000,0.000000,-0.180000,8.000000,118.610000
1769105965.689349,0,0.000000,53.090000,0.000000,0.050000,0.000000,0.000000,0.000000,-0.180000,8.000000,118.620000
1769105965.690348,0,0.000000,53.060000,0.000000,0.000000,0.000000,0.000000,0.000000,-0.170000,8.000000,118.630000
1769105965.719277,0,0.000000,53.110000,0.000000,-0.020000,0.000000,0.000000,0.000000,-0.170000,8.000000,118.650000
1769105965.719277,0,0.000000,53.040000,0.000000,0.020000,0.000000,0.000000,0.000000,-0.180000,8.000000,118.660000
1769105965.749447,0,0.000000,53.060000,0.000000,0.010000,0.000000,0.000000,0.000000,-0.180000,8.000000,118.680000
1769105965.749950,0,0.000000,53.090000,0.000000,0.000000,0.000000,0.000000,0.000000,-0.180000,8.000000,118.690000
1769105965.751164,0,0.000000,53.060000,0.000000,0.020000,0.000000,0.000000,0.000000,-0.180000,8.000000,118.700000
1769105965.778480,0,0.000000,53.060000,0.000000,0.010000,0.000000,0.000000,0.000000,-0.180000,8.000000,118.730000
1769105965.779932,0,0.000000,53.130000,0.000000,0.050000,0.000000,0.000000,0.000000,-0.180000,8.000000,118.730000
1769105965.810275,0,0.000000,53.060000,0.000000,-0.010000,0.000000,0.000000,0.000000,-0.180000,8.000000,118.760000
1769105965.811934,0,0.000000,53.130000,0.000000,0.000000,0.000000,0.000000,0.000000,-0.180000,8.000000,118.760000
1769105965.849474,0,0.000000,53.110000,0.000000,0.020000,0.000000,0.000000,0.000000,-0.180000,8.000000,118.790000
1769105965.851168,0,0.000000,53.110000,0.000000,0.000000,0.000000,0.000000,0.000000,-0.180000,8.000000,118.800000
1769105965.880835,0,0.000000,53.150000,0.000000,0.020000,0.000000,0.000000,0.000000,-0.180000,8.000000,118.810000
1769105965.882497,0,0.000000,53.110000,0.000000,0.000000,0.000000,0.000000,0.000000,-0.180000,8.000000,118.830000
1769105965.911080,0,0.000000,53.090000,0.000000,-0.010000,0.000000,0.000000,0.000000,-0.180000,8.000000,118.840000
1769105965.911875,0,0.000000,53.090000,0.000000,0.000000,0.000000,0.000000,0.000000,-0.180000,8.000000,118.860000
1769105965.943483,0,0.000000,53.040000,0.000000,-0.030000,0.000000,0.000000,0.000000,-0.180000,8.000000,118.870000
1769105965.944481,0,0.000000,53.060000,0.000000,0.000000,0.000000,0.000000,0.000000,-0.180000,8.000000,118.880000
1769105965.978656,0,0.000000,53.090000,0.000000,0.000000,0.000000,0.000000,0.000000,-0.170000,8.000000,118.910000
1769105965.979989,0,0.000000,53.110000,0.000000,-0.050000,0.000000,0.000000,0.000000,-0.180000,8.000000,118.910000
1769105966.013008,0,0.000000,53.000000,0.000000,0.000000,0.000000,0.000000,0.000000,-0.180000,8.000000,118.940000
1769105966.014817,0,0.000000,53.090000,0.000000,-0.050000,0.000000,0.000000,0.000000,-0.180000,8.000000,118.940000
1769105966.043307,0,0.000000,52.950000,0.000000,0.000000,0.000000,0.000000,0.000000,-0.180000,8.000000,118.970000
1769105966.044312,0,0.000000,53.090000,0.000000,-0.010000,0.000000,0.000000,0.000000,-0.180000,8.000000,118.980000
1769105966.046400,0,0.000000,53.110000,0.000000,0.010000,0.000000,0.000000,0.000000,-0.180000,8.000000,119.000000
1769105966.075715,0,0.000000,53.020000,0.000000,0.030000,0.000000,0.000000,0.000000,-0.180000,8.000000,119.010000
1769105966.076720,0,0.000000,53.060000,0.000000,0.000000,0.000000,0.000000,0.000000,-0.180000,8.000000,119.020000
1769105966.077477,0,0.000000,53.090000,0.000000,0.000000,0.000000,0.000000,0.000000,-0.180000,8.000000,119.050000
1769105966.108585,0,0.000000,53.040000,0.000000,0.000000,0.000000,0.000000,0.000000,-0.180000,8.000000,119.050000
1769105966.140278,0,0.000000,53.150000,0.000000,0.000000,0.000000,0.000000,0.000000,-0.180000,8.000000,119.080000
1769105966.141281,0,0.000000,53.090000,0.000000,0.000000,0.000000,0.000000,0.000000,-0.170000,8.000000,119.080000
1769105966.170368,0,0.000000,53.040000,0.000000,0.000000,0.000000,0.000000,0.000000,-0.180000,8.000000,119.110000
1769105966.171186,0,0.000000,53.020000,0.000000,-0.030000,0.000000,0.000000,0.000000,-0.180000,8.000000,119.120000
1769105966.201200,0,0.000000,53.060000,0.000000,0.000000,0.000000,0.000000,0.000000,-0.180000,8.000000,119.130000
1769105966.202236,0,0.000000,53.040000,0.000000,0.100000,0.000000,0.000000,0.000000,-0.180000,8.000000,119.150000
1769105966.202975,0,0.000000,53.060000,0.000000,0.010000,0.000000,0.000000,0.000000,-0.170000,8.000000,119.160000
1769105966.240732,0,0.000000,53.060000,0.000000,0.050000,0.000000,0.000000,0.000000,-0.180000,8.000000,119.190000
1769105966.242508,0,0.000000,53.090000,0.000000,0.000000,0.000000,0.000000,0.000000,-0.180000,8.000000,119.190000
1769105966.272444,0,0.000000,53.060000,0.000000,0.100000,0.000000,0.000000,0.000000,-0.180000,8.000000,119.220000
1769105966.274101,0,0.000000,52.950000,0.000000,0.010000,0.000000,0.000000,0.000000,-0.180000,8.000000,119.230000
1769105966.303508,0,0.000000,53.060000,0.000000,0.000000,0.000000,0.000000,0.000000,-0.180000,8.000000,119.250000
1769105966.304516,0,0.000000,53.000000,0.000000,0.010000,0.000000,0.000000,0.000000,-0.180000,8.000000,119.260000
1769105966.333034,0,0.000000,53.110000,0.000000,0.000000,0.000000,0.000000,0.000000,-0.180000,8.000000,119.270000
1769105966.334072,0,0.000000,53.090000,0.000000,-0.010000,0.000000,0.000000,0.000000,-0.180000,8.000000,119.290000
1769105966.376158,0,0.000000,52.990000,0.000000,-0.010000,0.000000,0.000000,0.000000,-0.180000,8.000000,119.300000
1769105966.412894,0,0.000000,53.060000,0.000000,0.050000,0.000000,0.000000,0.000000,-0.180000,8.000000,119.310000
1769105966.413531,0,0.000000,53.090000,0.000000,0.090000,0.000000,0.000000,0.000000,-0.180000,8.000000,119.330000
1769105966.414071,0,0.000000,53.090000,0.000000,0.010000,0.000000,0.000000,0.000000,-0.180000,8.000000,119.340000
1769105966.415869,0,0.000000,53.060000,0.000000,0.030000,0.000000,0.000000,0.000000,-0.180000,8.000000,119.370000
1769105966.449987,0,0.000000,53.090000,0.000000,0.030000,0.000000,0.000000,0.000000,-0.180000,8.000000,119.370000
1769105966.449987,0,0.000000,53.090000,0.000000,0.070000,0.000000,0.000000,0.000000,-0.180000,8.000000,119.400000
1769105966.486268,0,0.000000,53.090000,0.000000,0.000000,0.000000,0.000000,0.000000,-0.180000,8.000000,119.410000
1769105966.486807,0,0.000000,53.060000,0.000000,0.020000,0.000000,0.000000,0.000000,-0.180000,8.000000,119.430000
1769105966.487814,0,0.000000,53.040000,0.000000,-0.010000,0.000000,0.000000,0.000000,-0.180000,8.000000,119.440000
1769105966.524077,0,0.000000,53.060000,0.000000,-0.010000,0.000000,0.000000,0.000000,-0.180000,8.000000,119.450000
1769105966.525079,0,0.000000,53.060000,0.000000,0.000000,0.000000,0.000000,0.000000,-0.180000,8.000000,119.480000
1769105966.567336,0,0.000000,53.020000,0.000000,0.000000,0.000000,0.000000,0.000000,-0.180000,8.000000,119.480000
1769105966.568373,0,0.000000,53.090000,0.000000,0.000000,0.000000,0.000000,0.000000,-0.180000,8.000000,119.500000
1769105966.604874,0,0.000000,53.040000,0.000000,0.000000,0.000000,0.000000,0.000000,-0.180000,8.000000,119.510000
1769105966.605872,0,0.000000,53.040000,0.000000,0.000000,0.000000,0.000000,0.000000,-0.180000,8.000000,119.540000
1769105966.605872,0,0.000000,53.060000,0.000000,0.000000,0.000000,0.000000,0.000000,-0.180000,8.000000,119.550000
1769105966.606871,0,0.000000,53.060000,0.000000,0.070000,0.000000,0.000000,0.000000,-0.180000,8.000000,119.560000
1769105966.645490,0,0.000000,53.060000,0.000000,-0.010000,0.000000,0.000000,0.000000,-0.180000,8.000000,119.580000
1769105966.645490,0,0.000000,53.040000,0.000000,0.050000,0.000000,0.000000,0.000000,-0.180000,8.000000,119.590000
1769105966.684784,0,0.000000,53.130000,0.000000,-0.020000,0.000000,0.000000,0.000000,-0.180000,8.000000,119.610000
1769105966.685526,0,0.000000,53.040000,0.000000,0.050000,0.000000,0.000000,0.000000,-0.180000,8.000000,119.620000
1769105966.723165,0,0.000000,53.060000,0.000000,0.000000,0.000000,0.000000,0.000000,-0.180000,8.000000,119.630000
1769105966.725164,0,0.000000,53.060000,0.000000,0.000000,0.000000,0.000000,0.000000,-0.180000,8.000000,119.660000
1769105966.726134,0,0.000000,53.040000,0.000000,0.010000,0.000000,0.000000,0.000000,-0.170000,8.000000,119.660000
1769105966.771703,0,0.000000,53.060000,0.000000,0.000000,0.000000,0.000000,0.000000,-0.170000,8.000000,119.690000
1769105966.772701,0,0.000000,53.110000,0.000000,0.000000,0.000000,0.000000,0.000000,-0.180000,8.000000,119.690000
1769105966.773701,0,0.000000,53.040000,0.000000,0.010000,0.000000,0.000000,0.000000,-0.180000,8.000000,119.720000
1769105966.812198,0,0.000000,53.090000,0.000000,0.050000,0.000000,0.000000,0.000000,-0.180000,8.000000,119.730000
1769105966.812981,0,0.000000,53.000000,0.000000,0.050000,0.000000,0.000000,0.000000,-0.180000,8.000000,119.750000
1769105966.845850,0,0.000000,53.150000,0.000000,0.000000,0.000000,0.000000,0.000000,-0.180000,8.000000,119.760000
1769105966.845850,0,0.000000,53.040000,0.000000,0.000000,0.000000,0.000000,0.000000,-0.180000,8.000000,119.770000
1769105966.846842,0,0.000000,53.090000,0.000000,0.000000,0.000000,0.000000,0.000000,-0.180000,8.000000,119.790000
1769105966.880977,0,0.000000,53.020000,0.000000,0.000000,0.000000,0.000000,0.000000,-0.180000,8.000000,119.800000
1769105966.881984,0,0.000000,52.970000,0.000000,0.000000,0.000000,0.000000,0.000000,-0.180000,8.000000,119.830000
1769105966.926676,0,0.000000,52.990000,0.000000,-0.050000,0.000000,0.000000,0.000000,-0.180000,8.000000,119.830000
1769105966.926676,0,0.000000,53.090000,0.000000,0.070000,0.000000,0.000000,0.000000,-0.180000,8.000000,119.860000
1769105966.927676,0,0.000000,52.990000,0.000000,0.000000,0.000000,0.000000,0.000000,-0.180000,8.000000,119.870000
1769105966.967762,0,0.000000,52.990000,0.000000,0.070000,0.000000,0.000000,0.000000,-0.180000,8.000000,119.880000
1769105966.968762,0,0.000000,53.000000,0.000000,0.010000,0.000000,0.000000,0.000000,-0.180000,8.000000,119.900000
1769105966.969761,0,0.000000,53.040000,0.000000,-0.050000,0.000000,0.000000,0.000000,-0.180000,8.000000,119.910000
1769105967.011288,0,0.000000,53.040000,0.000000,0.010000,0.000000,0.000000,0.000000,-0.180000,8.000000,119.930000
1769105967.011844,0,0.000000,53.130000,0.000000,0.000000,0.000000,0.000000,0.000000,-0.180000,8.000000,119.940000
1769105967.041540,0,0.000000,53.110000,0.000000,0.070000,0.000000,0.000000,0.000000,-0.180000,8.000000,119.950000
1769105967.042584,0,0.000000,52.990000,0.000000,0.010000,0.000000,0.000000,0.000000,-0.180000,8.000000,119.980000
1769105967.043314,0,0.000000,53.060000,0.000000,-0.030000,0.000000,0.000000,0.000000,-0.180000,8.000000,119.980000
1769105967.045162,0,0.000000,53.090000,0.000000,0.000000,0.000000,0.000000,0.000000,-0.180000,8.000000,120.010000
1769105967.083285,0,0.000000,53.110000,0.000000,-0.050000,0.000000,0.000000,0.000000,-0.180000,8.000000,120.020000
1769105967.117175,0,0.000000,53.090000,0.000000,-0.050000,0.000000,0.000000,0.000000,-0.180000,8.000000,120.040000
1769105967.117924,0,0.000000,53.020000,0.000000,0.000000,0.000000,0.000000,0.000000,-0.180000,8.000000,120.050000
1769105967.118960,0,0.000000,53.020000,0.000000,-0.030000,0.000000,0.000000,0.000000,-0.180000,8.000000,120.060000
1769105967.154917,0,0.000000,53.090000,0.000000,0.000000,0.000000,0.000000,0.000000,-0.180000,8.000000,120.080000
1769105967.155947,0,0.000000,53.000000,0.000000,0.000000,0.000000,0.000000,0.000000,-0.180000,8.000000,120.090000
1769105967.188698,0,0.000000,53.110000,0.000000,0.000000,0.000000,0.000000,0.000000,-0.180000,8.000000,120.120000
1769105967.219507,0,0.000000,53.060000,0.000000,0.000000,0.000000,0.000000,0.000000,-0.180000,8.000000,120.120000
1769105967.219507,0,0.000000,53.040000,0.000000,0.020000,0.000000,0.000000,0.000000,-0.180000,8.000000,120.150000
1769105967.257684,0,0.000000,53.110000,0.000000,0.000000,0.000000,0.000000,0.000000,-0.180000,8.000000,120.160000
1769105967.258684,0,0.000000,53.110000,0.000000,0.020000,0.000000,0.000000,0.000000,-0.180000,8.000000,120.180000
1769105967.259684,0,0.000000,53.040000,0.000000,0.000000,0.000000,0.000000,0.000000,-0.180000,8.000000,120.190000
1769105967.261856,0,0.000000,53.090000,0.000000,0.020000,0.000000,0.000000,0.000000,-0.180000,8.000000,120.200000
1769105967.294426,0,0.000000,53.090000,0.000000,0.000000,0.000000,0.000000,0.000000,-0.180000,8.000000,120.220000
1769105967.294991,0,0.000000,53.020000,0.000000,-0.050000,0.000000,0.000000,0.000000,-0.180000,8.000000,120.230000
1769105967.296027,0,0.000000,53.130000,0.000000,0.000000,0.000000,0.000000,0.000000,-0.180000,8.000000,120.250000
1769105967.332103,0,0.000000,53.180000,0.000000,0.020000,0.000000,0.000000,0.000000,-0.180000,8.000000,120.260000
1769105967.332103,0,0.000000,53.020000,0.000000,0.000000,0.000000,0.000000,0.000000,-0.170000,8.000000,120.270000
1769105967.367940,0,0.000000,53.000000,0.000000,0.000000,0.000000,0.000000,0.000000,-0.180000,8.000000,120.300000
1769105967.368701,0,0.000000,53.000000,0.000000,0.000000,0.000000,0.000000,0.000000,-0.180000,8.000000,120.300000
1769105967.409961,0,0.000000,53.040000,0.000000,0.070000,0.000000,0.000000,0.000000,-0.180000,8.000000,120.330000
1769105967.411966,0,0.000000,53.090000,0.000000,0.030000,0.000000,0.000000,0.000000,-0.180000,8.000000,120.330000
1769105967.441707,0,0.000000,53.130000,0.000000,0.050000,0.000000,0.000000,0.000000,-0.180000,8.000000,120.360000
1769105967.441707,0,0.000000,52.990000,0.000000,0.030000,0.000000,0.000000,0.000000,-0.180000,8.000000,120.370000
1769105967.442707,0,0.000000,53.000000,0.000000,0.010000,0.000000,0.000000,0.000000,-0.180000,8.000000,120.380000
1769105967.443707,0,0.000000,53.000000,0.000000,0.010000,0.000000,0.000000,0.000000,-0.180000,8.000000,120.410000
1769105967.476854,0,0.000000,53.060000,0.000000,0.000000,0.000000,0.000000,0.000000,-0.180000,8.000000,120.410000
1769105967.477857,0,0.000000,52.990000,0.000000,-0.070000,0.000000,0.000000,0.000000,-0.180000,8.000000,120.440000
1769105967.514880,0,0.000000,53.040000,0.000000,0.000000,0.000000,0.000000,0.000000,-0.180000,8.000000,120.440000
1769105967.515616,0,0.000000,53.000000,0.000000,0.070000,0.000000,0.000000,0.000000,-0.180000,8.000000,120.470000
1769105967.551330,0,0.000000,52.990000,0.000000,-0.050000,0.000000,0.000000,0.000000,-0.180000,8.000000,120.480000
1769105967.552328,0,0.000000,52.970000,0.000000,0.050000,0.000000,0.000000,0.000000,-0.180000,8.000000,120.500000
1769105967.589140,0,0.000000,52.990000,0.000000,0.000000,0.000000,0.000000,0.000000,-0.180000,8.000000,120.510000
1769105967.590955,0,0.000000,53.060000,0.000000,0.000000,0.000000,0.000000,0.000000,-0.180000,8.000000,120.520000
1769105967.591995,0,0.000000,53.040000,0.000000,0.000000,0.000000,0.000000,0.000000,-0.180000,8.000000,120.550000
1769105967.626118,0,0.000000,53.110000,0.000000,0.030000,0.000000,0.000000,0.000000,-0.180000,8.000000,120.550000
1769105967.627126,0,0.000000,53.090000,0.000000,-0.020000,0.000000,0.000000,0.000000,-0.180000,8.000000,120.580000
1769105967.628119,0,0.000000,53.110000,0.000000,0.000000,0.000000,0.000000,0.000000,-0.180000,8.000000,120.580000
1769105967.667965,0,0.000000,53.040000,0.000000,-0.010000,0.000000,0.000000,0.000000,-0.180000,8.000000,120.590000
1769105967.668702,0,0.000000,53.110000,0.000000,0.000000,0.000000,0.000000,0.000000,-0.180000,8.000000,120.620000
1769105967.707958,0,0.000000,53.130000,0.000000,0.030000,0.000000,0.000000,0.000000,-0.180000,8.000000,120.620000
1769105967.708700,0,0.000000,53.090000,0.000000,0.070000,0.000000,0.000000,0.000000,-0.180000,8.000000,120.650000
1769105967.740537,0,0.000000,53.130000,0.000000,-0.010000,0.000000,0.000000,0.000000,-0.180000,8.000000,120.660000
1769105967.741319,0,0.000000,53.060000,0.000000,0.070000,0.000000,0.000000,0.000000,-0.180000,8.000000,120.680000
1769105967.742357,0,0.000000,53.090000,0.000000,0.030000,0.000000,0.000000,0.000000,-0.180000,8.000000,120.690000
1769105967.783418,0,0.000000,53.110000,0.000000,0.050000,0.000000,0.000000,0.000000,-0.180000,8.000000,120.700000
1769105967.784422,0,0.000000,52.990000,0.000000,0.100000,0.000000,0.000000,0.000000,-0.180000,8.000000,120.730000
1769105967.825673,0,0.000000,53.020000,0.000000,0.030000,0.000000,0.000000,0.000000,-0.180000,8.000000,120.730000
1769105967.826422,0,0.000000,53.020000,0.000000,0.000000,0.000000,0.000000,0.000000,-0.180000,8.000000,120.760000
1769105967.827425,0,0.000000,53.060000,0.000000,0.020000,0.000000,0.000000,0.000000,-0.180000,8.000000,120.760000
1769105967.864771,0,0.000000,53.090000,0.000000,0.000000,0.000000,0.000000,0.000000,-0.180000,8.000000,120.790000
1769105967.865769,0,0.000000,53.090000,0.000000,-0.070000,0.000000,0.000000,0.000000,-0.180000,8.000000,120.800000
1769105967.866770,0,0.000000,53.110000,0.000000,-0.070000,0.000000,0.000000,0.000000,-0.180000,8.000000,120.810000
1769105967.900707,0,0.000000,53.130000,0.000000,0.000000,0.000000,0.000000,0.000000,-0.170000,8.000000,120.830000
1769105967.901707,0,0.000000,53.090000,0.000000,0.000000,0.000000,0.000000,0.000000,-0.180000,8.000000,120.840000
1769105967.902320,0,0.000000,53.060000,0.000000,0.050000,0.000000,0.000000,0.000000,-0.180000,8.000000,120.860000
1769105967.944722,0,0.000000,53.110000,0.000000,0.050000,0.000000,0.000000,0.000000,-0.180000,8.000000,120.870000
1769105967.946328,0,0.000000,53.040000,0.000000,0.000000,0.000000,0.000000,0.000000,-0.180000,8.000000,120.880000
1769105967.979141,0,0.000000,53.060000,0.000000,-0.090000,0.000000,0.000000,0.000000,-0.180000,8.000000,120.910000
1769105967.980128,0,0.000000,53.090000,0.000000,-0.020000,0.000000,0.000000,0.000000,-0.180000,8.000000,120.910000
1769105967.980128,0,0.000000,53.090000,0.000000,0.000000,0.000000,0.000000,0.000000,-0.180000,8.000000,120.940000
1769105968.017826,0,0.000000,53.110000,0.000000,0.010000,0.000000,0.000000,0.000000,-0.180000,8.000000,120.940000
1769105968.018625,0,0.000000,53.090000,0.000000,0.010000,0.000000,0.000000,0.000000,-0.180000,8.000000,120.970000
1769105968.059344,0,0.000000,53.000000,0.000000,0.020000,0.000000,0.000000,0.000000,-0.180000,8.000000,120.980000
1769105968.060083,0,0.000000,53.060000,0.000000,-0.100000,0.000000,0.000000,0.000000,-0.180000,8.000000,121.000000
1769105968.061886,0,0.000000,53.060000,0.000000,0.010000,0.000000,0.000000,0.000000,-0.180000,8.000000,121.010000
1769105968.100966,0,0.000000,53.110000,0.000000,0.000000,0.000000,0.000000,0.000000,-0.180000,8.000000,121.020000
1769105968.101967,0,0.000000,53.040000,0.000000,0.000000,0.000000,0.000000,0.000000,-0.180000,8.000000,121.050000
1769105968.103406,0,0.000000,53.060000,0.000000,0.000000,0.000000,0.000000,0.000000,-0.180000,8.000000,121.050000
1769105968.140525,0,0.000000,53.110000,0.000000,0.000000,0.000000,0.000000,0.000000,-0.180000,8.000000,121.080000
1769105968.141523,0,0.000000,53.040000,0.000000,0.000000,0.000000,0.000000,0.000000,-0.180000,8.000000,121.080000
1769105968.174220,0,0.000000,53.060000,0.000000,0.030000,0.000000,0.000000,0.000000,-0.180000,8.000000,121.110000
1769105968.175220,0,0.000000,53.040000,0.000000,0.000000,0.000000,0.000000,0.000000,-0.180000,8.000000,121.120000
1769105968.207606,0,0.000000,53.060000,0.000000,-0.020000,0.000000,0.000000,0.000000,-0.180000,8.000000,121.130000
1769105968.207606,0,0.000000,53.110000,0.000000,0.000000,0.000000,0.000000,0.000000,-0.180000,8.000000,121.150000
1769105968.209428,0,0.000000,53.110000,0.000000,0.000000,0.000000,0.000000,0.000000,-0.180000,8.000000,121.160000
1769105968.247941,0,0.000000,53.060000,0.000000,-0.020000,0.000000,0.000000,0.000000,-0.180000,8.000000,121.180000
1769105968.248940,0,0.000000,53.090000,0.000000,0.050000,0.000000,0.000000,0.000000,-0.180000,8.000000,121.190000
1769105968.281902,0,0.000000,53.040000,0.000000,0.000000,0.000000,0.000000,0.000000,-0.180000,8.000000,121.200000
1769105968.281902,0,0.000000,53.060000,0.000000,0.000000,0.000000,0.000000,0.000000,-0.180000,8.000000,121.230000
1769105968.282938,0,0.000000,53.130000,0.000000,0.000000,0.000000,0.000000,0.000000,-0.180000,8.000000,121.230000
1769105968.317477,0,0.000000,53.090000,0.000000,0.000000,0.000000,0.000000,0.000000,-0.180000,8.000000,121.260000
1769105968.358685,0,0.000000,53.110000,0.000000,0.030000,0.000000,0.000000,0.000000,-0.180000,8.000000,121.260000
1769105968.359728,0,0.000000,53.090000,0.000000,0.090000,0.000000,0.000000,0.000000,-0.180000,8.000000,121.290000
1769105968.360491,0,0.000000,53.060000,0.000000,0.020000,0.000000,0.000000,0.000000,-0.180000,8.000000,121.300000
1769105968.394620,0,0.000000,53.110000,0.000000,0.050000,0.000000,0.000000,0.000000,-0.180000,8.000000,121.310000
1769105968.395423,0,0.000000,53.060000,0.000000,0.050000,0.000000,0.000000,0.000000,-0.180000,8.000000,121.330000
1769105968.397385,0,0.000000,53.040000,0.000000,-0.020000,0.000000,0.000000,0.000000,-0.180000,8.000000,121.340000
1769105968.432912,0,0.000000,53.040000,0.000000,-0.020000,0.000000,0.000000,0.000000,-0.180000,8.000000,121.360000
1769105968.433907,0,0.000000,53.040000,0.000000,0.020000,0.000000,0.000000,0.000000,-0.180000,8.000000,121.370000
1769105968.473277,0,0.000000,53.060000,0.000000,0.020000,0.000000,0.000000,0.000000,-0.180000,8.000000,121.380000
1769105968.474269,0,0.000000,53.040000,0.000000,0.000000,0.000000,0.000000,0.000000,-0.180000,8.000000,121.410000
1769105968.475266,0,0.000000,53.130000,0.000000,0.000000,0.000000,0.000000,0.000000,-0.180000,8.000000,121.430000
1769105968.508426,0,0.000000,53.020000,0.000000,-0.020000,0.000000,0.000000,0.000000,-0.180000,8.000000,121.440000
1769105968.509425,0,0.000000,53.060000,0.000000,0.010000,0.000000,0.000000,0.000000,-0.180000,8.000000,121.450000
1769105968.543412,0,0.000000,53.020000,0.000000,0.050000,0.000000,0.000000,0.000000,-0.180000,8.000000,121.470000
1769105968.545193,0,0.000000,53.090000,0.000000,0.010000,0.000000,0.000000,0.000000,-0.180000,8.000000,121.480000
1769105968.545193,0,0.000000,53.110000,0.000000,0.070000,0.000000,0.000000,0.000000,-0.180000,8.000000,121.500000
1769105968.579634,0,0.000000,53.090000,0.000000,0.000000,0.000000,0.000000,0.000000,-0.180000,8.000000,121.510000
1769105968.580634,0,0.000000,53.020000,0.000000,-0.030000,0.000000,0.000000,0.000000,-0.180000,8.000000,121.520000
1769105968.616724,0,0.000000,53.040000,0.000000,0.000000,0.000000,0.000000,0.000000,-0.180000,8.000000,121.550000
1769105968.618725,0,0.000000,53.090000,0.000000,0.000000,0.000000,0.000000,0.000000,-0.180000,8.000000,121.550000
1769105968.619757,0,0.000000,53.060000,0.000000,0.010000,0.000000,0.000000,0.000000,-0.180000,8.000000,121.580000
1769105968.661866,0,0.000000,53.090000,0.000000,0.000000,0.000000,0.000000,0.000000,-0.180000,8.000000,121.580000
1769105968.662580,0,0.000000,53.060000,0.000000,-0.050000,0.000000,0.000000,0.000000,-0.170000,8.000000,121.610000
1769105968.698143,0,0.000000,53.110000,0.000000,0.070000,0.000000,0.000000,0.000000,-0.180000,8.000000,121.620000
1769105968.698845,0,0.000000,53.090000,0.000000,0.010000,0.000000,0.000000,0.000000,-0.180000,8.000000,121.630000
1769105968.699848,0,0.000000,53.090000,0.000000,0.010000,0.000000,0.000000,0.000000,-0.180000,8.000000,121.650000
1769105968.737741,0,0.000000,53.090000,0.000000,0.070000,0.000000,0.000000,0.000000,-0.180000,8.000000,121.660000
1769105968.738337,0,0.000000,53.040000,0.000000,0.000000,0.000000,0.000000,0.000000,-0.180000,8.000000,121.680000
1769105968.739881,0,0.000000,53.110000,0.000000,0.000000,0.000000,0.000000,0.000000,-0.170000,8.000000,121.690000
1769105968.778247,0,0.000000,53.130000,0.000000,0.020000,0.000000,0.000000,0.000000,-0.180000,8.000000,121.700000
1769105968.779803,0,0.000000,53.090000,0.000000,0.000000,0.000000,0.000000,0.000000,-0.180000,8.000000,121.730000
1769105968.815588,0,0.000000,53.150000,0.000000,-0.020000,0.000000,0.000000,0.000000,-0.180000,8.000000,121.730000
1769105968.815588,0,0.000000,53.040000,0.000000,0.000000,0.000000,0.000000,0.000000,-0.180000,8.000000,121.760000
1769105968.849876,0,0.000000,53.060000,0.000000,0.120000,0.000000,0.000000,0.000000,-0.180000,8.000000,121.760000
1769105968.850880,0,0.000000,53.040000,0.000000,0.000000,0.000000,0.000000,0.000000,-0.180000,8.000000,121.790000
1769105968.852880,0,0.000000,53.130000,0.000000,0.000000,0.000000,0.000000,0.000000,-0.170000,8.000000,121.800000
1769105968.893316,0,0.000000,53.110000,0.000000,0.020000,0.000000,0.000000,0.000000,-0.180000,8.000000,121.810000
1769105968.893819,0,0.000000,53.090000,0.000000,0.000000,0.000000,0.000000,0.000000,-0.180000,8.000000,121.830000
1769105968.894823,0,0.000000,53.090000,0.000000,-0.050000,0.000000,0.000000,0.000000,-0.180000,8.000000,121.840000
1769105968.932838,0,0.000000,53.110000,0.000000,0.050000,0.000000,0.000000,0.000000,-0.180000,8.000000,121.860000
1769105968.933843,0,0.000000,53.060000,0.000000,-0.010000,0.000000,0.000000,0.000000,-0.180000,8.000000,121.870000
1769105968.934566,0,0.000000,53.060000,0.000000,0.030000,0.000000,0.000000,0.000000,-0.170000,8.000000,121.880000
1769105968.977602,0,0.000000,53.060000,0.000000,0.000000,0.000000,0.000000,0.000000,-0.180000,8.000000,121.910000
1769105968.978839,0,0.000000,53.110000,0.000000,0.020000,0.000000,0.000000,0.000000,-0.180000,8.000000,121.910000
1769105969.009810,0,0.000000,53.110000,0.000000,0.000000,0.000000,0.000000,0.000000,-0.180000,8.000000,121.940000
1769105969.011321,0,0.000000,53.060000,0.000000,0.000000,0.000000,0.000000,0.000000,-0.180000,8.000000,121.940000
1769105969.012835,0,0.000000,53.090000,0.000000,-0.020000,0.000000,0.000000,0.000000,-0.180000,8.000000,121.970000
1769105969.049007,0,0.000000,53.060000,0.000000,0.050000,0.000000,0.000000,0.000000,-0.180000,8.000000,121.980000
1769105969.050007,0,0.000000,52.950000,0.000000,0.000000,0.000000,0.000000,0.000000,-0.180000,8.000000,122.000000
1769105969.080749,0,0.000000,53.090000,0.000000,0.000000,0.000000,0.000000,0.000000,-0.180000,8.000000,122.010000
1769105969.082058,0,0.000000,53.040000,0.000000,0.000000,0.000000,0.000000,0.000000,-0.180000,8.000000,122.020000
1769105969.116925,0,0.000000,53.040000,0.000000,-0.010000,0.000000,0.000000,0.000000,-0.180000,8.000000,122.040000
1769105969.117769,0,0.000000,53.060000,0.000000,0.030000,0.000000,0.000000,0.000000,-0.180000,8.000000,122.050000
1769105969.148897,0,0.000000,53.090000,0.000000,0.010000,0.000000,0.000000,0.000000,-0.180000,8.000000,122.060000
1769105969.149933,0,0.000000,53.060000,0.000000,0.000000,0.000000,0.000000,0.000000,-0.180000,8.000000,122.080000
1769105969.150604,0,0.000000,53.060000,0.000000,0.070000,0.000000,0.000000,0.000000,-0.180000,8.000000,122.110000
1769105969.184077,0,0.000000,53.150000,0.000000,0.030000,0.000000,0.000000,0.000000,-0.180000,8.000000,122.120000
1769105969.184859,0,0.000000,53.020000,0.000000,0.010000,0.000000,0.000000,0.000000,-0.180000,8.000000,122.130000
1769105969.219703,0,0.000000,53.110000,0.000000,0.020000,0.000000,0.000000,0.000000,-0.180000,8.000000,122.150000
1769105969.221673,0,0.000000,53.060000,0.000000,0.000000,0.000000,0.000000,0.000000,-0.180000,8.000000,122.160000
1769105969.263742,0,0.000000,53.060000,0.000000,0.000000,0.000000,0.000000,0.000000,-0.180000,8.000000,122.180000
1769105969.264487,0,0.000000,53.090000,0.000000,-0.010000,0.000000,0.000000,0.000000,-0.180000,8.000000,122.190000
1769105969.265524,0,0.000000,53.110000,0.000000,-0.070000,0.000000,0.000000,0.000000,-0.180000,8.000000,122.200000
1769105969.297739,0,0.000000,53.110000,0.000000,-0.030000,0.000000,0.000000,0.000000,-0.180000,8.000000,122.230000
1769105969.298740,0,0.000000,53.060000,0.000000,0.000000,0.000000,0.000000,0.000000,-0.180000,8.000000,122.250000
1769105969.331443,0,0.000000,53.040000,0.000000,0.050000,0.000000,0.000000,0.000000,-0.180000,8.000000,122.260000
1769105969.331443,0,0.000000,53.090000,0.000000,-0.070000,0.000000,0.000000,0.000000,-0.180000,8.000000,122.270000
1769105969.333241,0,0.000000,53.060000,0.000000,-0.030000,0.000000,0.000000,0.000000,-0.180000,8.000000,122.290000
1769105969.368032,0,0.000000,53.090000,0.000000,0.070000,0.000000,0.000000,0.000000,-0.180000,8.000000,122.300000
1769105969.369858,0,0.000000,53.110000,0.000000,0.000000,0.000000,0.000000,0.000000,-0.180000,8.000000,122.310000
1769105969.402261,0,0.000000,53.040000,0.000000,0.000000,0.000000,0.000000,0.000000,-0.180000,8.000000,122.330000
1769105969.403260,0,0.000000,53.060000,0.000000,0.000000,0.000000,0.000000,0.000000,-0.180000,8.000000,122.340000
1769105969.403260,0,0.000000,53.060000,0.000000,0.020000,0.000000,0.000000,0.000000,-0.180000,8.000000,122.370000
1769105969.438839,0,0.000000,53.060000,0.000000,0.000000,0.000000,0.000000,0.000000,-0.180000,8.000000,122.370000
1769105969.472709,0,0.000000,53.060000,0.000000,-0.010000,0.000000,0.000000,0.000000,-0.180000,8.000000,122.400000
1769105969.474519,0,0.000000,53.090000,0.000000,0.070000,0.000000,0.000000,0.000000,-0.180000,8.000000,122.410000
1769105969.475056,0,0.000000,53.060000,0.000000,0.000000,0.000000,0.000000,0.000000,-0.180000,8.000000,122.430000
1769105969.509080,0,0.000000,53.090000,0.000000,0.100000,0.000000,0.000000,0.000000,-0.180000,8.000000,122.440000
1769105969.509807,0,0.000000,53.060000,0.000000,0.140000,0.000000,0.000000,0.000000,-0.180000,8.000000,122.450000
1769105969.541636,0,0.000000,53.040000,0.000000,0.020000,0.000000,0.000000,0.000000,-0.180000,8.000000,122.470000
1769105969.542642,0,0.000000,52.990000,0.000000,0.000000,0.000000,0.000000,0.000000,-0.180000,8.000000,122.480000
1769105969.575652,0,0.000000,53.060000,0.000000,0.000000,0.000000,0.000000,0.000000,-0.180000,8.000000,122.500000
1769105969.576688,0,0.000000,53.090000,0.000000,0.050000,0.000000,0.000000,0.000000,-0.180000,8.000000,122.510000
1769105969.614053,0,0.000000,53.020000,0.000000,0.000000,0.000000,0.000000,0.000000,-0.180000,8.000000,122.520000
1769105969.614590,0,0.000000,53.110000,0.000000,0.000000,0.000000,0.000000,0.000000,-0.180000,8.000000,122.550000
1769105969.615626,0,0.000000,53.040000,0.000000,0.000000,0.000000,0.000000,0.000000,-0.180000,8.000000,122.550000
1769105969.644452,0,0.000000,53.060000,0.000000,0.000000,0.000000,0.000000,0.000000,-0.180000,8.000000,122.580000
1769105969.645452,0,0.000000,53.060000,0.000000,0.000000,0.000000,0.000000,0.000000,-0.180000,8.000000,122.580000
1769105969.646452,0,0.000000,53.090000,0.000000,0.070000,0.000000,0.000000,0.000000,-0.180000,8.000000,122.610000
1769105969.676272,0,0.000000,53.060000,0.000000,0.000000,0.000000,0.000000,0.000000,-0.180000,8.000000,122.620000
1769105969.677273,0,0.000000,52.990000,0.000000,0.000000,0.000000,0.000000,0.000000,-0.180000,8.000000,122.630000
1769105969.706324,0,0.000000,53.060000,0.000000,0.070000,0.000000,0.000000,0.000000,-0.180000,8.000000,122.650000
1769105969.737064,0,0.000000,53.060000,0.000000,0.020000,0.000000,0.000000,0.000000,-0.170000,8.000000,122.660000
1769105969.767911,0,0.000000,52.970000,0.000000,0.020000,0.000000,0.000000,0.000000,-0.180000,8.000000,122.680000
1769105969.768658,0,0.000000,52.970000,0.000000,0.000000,0.000000,0.000000,0.000000,-0.180000,8.000000,122.690000
1769105969.770419,0,0.000000,53.060000,0.000000,-0.010000,0.000000,0.000000,0.000000,-0.180000,8.000000,122.700000
1769105969.801304,0,0.000000,53.110000,0.000000,0.000000,0.000000,0.000000,0.000000,-0.180000,8.000000,122.730000
1769105969.802340,0,0.000000,53.110000,0.000000,0.000000,0.000000,0.000000,0.000000,-0.180000,8.000000,122.730000
1769105969.829878,0,0.000000,53.110000,0.000000,0.000000,0.000000,0.000000,0.000000,-0.170000,8.000000,122.760000
1769105969.830598,0,0.000000,53.090000,0.000000,0.000000,0.000000,0.000000,0.000000,-0.180000,8.000000,122.770000
1769105969.830598,0,0.000000,53.090000,0.000000,0.000000,0.000000,0.000000,0.000000,-0.180000,8.000000,122.790000
1769105969.863658,0,0.000000,53.060000,0.000000,0.000000,0.000000,0.000000,0.000000,-0.180000,8.000000,122.800000
1769105969.864410,0,0.000000,53.060000,0.000000,0.050000,0.000000,0.000000,0.000000,-0.180000,8.000000,122.810000
1769105969.892468,0,0.000000,53.090000,0.000000,-0.050000,0.000000,0.000000,0.000000,-0.180000,8.000000,122.830000
1769105969.892971,0,0.000000,53.060000,0.000000,0.030000,0.000000,0.000000,0.000000,-0.180000,8.000000,122.840000
1769105969.926974,0,0.000000,53.000000,0.000000,0.030000,0.000000,0.000000,0.000000,-0.180000,8.000000,122.860000
1769105969.928974,0,0.000000,53.020000,0.000000,0.010000,0.000000,0.000000,0.000000,-0.180000,8.000000,122.870000
1769105969.929975,0,0.000000,53.090000,0.000000,0.000000,0.000000,0.000000,0.000000,-0.170000,8.000000,122.880000
1769105969.965931,0,0.000000,53.090000,0.000000,0.070000,0.000000,0.000000,0.000000,-0.180000,8.000000,122.910000
1769105969.966967,0,0.000000,53.110000,0.000000,0.010000,0.000000,0.000000,0.000000,-0.180000,8.000000,122.910000
1769105969.997452,0,0.000000,53.090000,0.000000,-0.050000,0.000000,0.000000,0.000000,-0.180000,8.000000,122.940000
1769105969.997452,0,0.000000,53.200000,0.000000,0.000000,0.000000,0.000000,0.000000,-0.180000,8.000000,122.940000
1769105970.032226,0,0.000000,53.090000,0.000000,0.010000,0.000000,0.000000,0.000000,-0.180000,8.000000,122.970000
1769105970.033230,0,0.000000,53.020000,0.000000,0.100000,0.000000,0.000000,0.000000,-0.180000,8.000000,122.980000
1769105970.066903,0,0.000000,53.150000,0.000000,0.030000,0.000000,0.000000,0.000000,-0.180000,8.000000,123.000000
1769105970.067904,0,0.000000,53.130000,0.000000,0.000000,0.000000,0.000000,0.000000,-0.180000,8.000000,123.010000
1769105970.068287,0,0.000000,53.040000,0.000000,0.000000,0.000000,0.000000,0.000000,-0.180000,8.000000,123.020000
1769105970.106585,0,0.000000,53.060000,0.000000,0.020000,0.000000,0.000000,0.000000,-0.180000,8.000000,123.040000
1769105970.107618,0,0.000000,53.000000,0.000000,-0.020000,0.000000,0.000000,0.000000,-0.180000,8.000000,123.050000
1769105970.143358,0,0.000000,53.060000,0.000000,0.000000,0.000000,0.000000,0.000000,-0.180000,8.000000,123.060000
1769105970.144358,0,0.000000,53.090000,0.000000,-0.010000,0.000000,0.000000,0.000000,-0.180000,8.000000,123.080000
1769105970.145359,0,0.000000,53.090000,0.000000,0.000000,0.000000,0.000000,0.000000,-0.170000,8.000000,123.090000
1769105970.181973,0,0.000000,53.090000,0.000000,0.010000,0.000000,0.000000,0.000000,-0.180000,8.000000,123.120000
1769105970.182977,0,0.000000,53.060000,0.000000,0.000000,0.000000,0.000000,0.000000,-0.180000,8.000000,123.120000
1769105970.211185,0,0.000000,53.110000,0.000000,0.000000,0.000000,0.000000,0.000000,-0.180000,8.000000,123.150000
1769105970.212696,0,0.000000,53.020000,0.000000,0.020000,0.000000,0.000000,0.000000,-0.180000,8.000000,123.160000
1769105970.213700,0,0.000000,53.060000,0.000000,-0.010000,0.000000,0.000000,0.000000,-0.180000,8.000000,123.180000
1769105970.246597,0,0.000000,53.020000,0.000000,0.000000,0.000000,0.000000,0.000000,-0.180000,8.000000,123.190000
1769105970.247596,0,0.000000,52.950000,0.000000,0.050000,0.000000,0.000000,0.000000,-0.180000,8.000000,123.200000
1769105970.280483,0,0.000000,52.990000,0.000000,0.000000,0.000000,0.000000,0.000000,-0.180000,8.000000,123.220000
1769105970.281216,0,0.000000,53.090000,0.000000,0.000000,0.000000,0.000000,0.000000,-0.180000,8.000000,123.230000
1769105970.314900,0,0.000000,53.000000,0.000000,-0.010000,0.000000,0.000000,0.000000,-0.180000,8.000000,123.250000
1769105970.315940,0,0.000000,53.000000,0.000000,0.010000,0.000000,0.000000,0.000000,-0.180000,8.000000,123.260000
1769105970.347882,0,0.000000,52.990000,0.000000,0.070000,0.000000,0.000000,0.000000,-0.170000,8.000000,123.270000
1769105970.348919,0,0.000000,53.110000,0.000000,0.030000,0.000000,0.000000,0.000000,-0.180000,8.000000,123.300000
1769105970.379773,0,0.000000,53.090000,0.000000,-0.030000,0.000000,0.000000,0.000000,-0.180000,8.000000,123.300000
1769105970.379773,0,0.000000,53.090000,0.000000,-0.050000,0.000000,0.000000,0.000000,-0.180000,8.000000,123.330000
1769105970.381769,0,0.000000,53.060000,0.000000,0.010000,0.000000,0.000000,0.000000,-0.180000,8.000000,123.330000
1769105970.414707,0,0.000000,52.990000,0.000000,0.000000,0.000000,0.000000,0.000000,-0.180000,8.000000,123.360000
1769105970.415752,0,0.000000,53.000000,0.000000,0.000000,0.000000,0.000000,0.000000,-0.180000,8.000000,123.370000
1769105970.448682,0,0.000000,52.970000,0.000000,0.010000,0.000000,0.000000,0.000000,-0.180000,8.000000,123.380000
1769105970.449218,0,0.000000,53.090000,0.000000,0.010000,0.000000,0.000000,0.000000,-0.180000,8.000000,123.400000
1769105970.485043,0,0.000000,53.020000,0.000000,0.050000,0.000000,0.000000,0.000000,-0.180000,8.000000,123.410000
1769105970.486847,0,0.000000,53.020000,0.000000,0.000000,0.000000,0.000000,0.000000,-0.180000,8.000000,123.440000
1769105970.514436,0,0.000000,52.950000,0.000000,-0.010000,0.000000,0.000000,0.000000,-0.180000,8.000000,123.440000
1769105970.515085,0,0.000000,52.990000,0.000000,0.000000,0.000000,0.000000,0.000000,-0.180000,8.000000,123.470000
1769105970.515623,0,0.000000,53.000000,0.000000,0.010000,0.000000,0.000000,0.000000,-0.180000,8.000000,123.480000
1769105970.549026,0,0.000000,53.020000,0.000000,-0.050000,0.000000,0.000000,0.000000,-0.180000,8.000000,123.500000
1769105970.578862,0,0.000000,52.970000,0.000000,0.050000,0.000000,0.000000,0.000000,-0.180000,8.000000,123.510000
1769105970.579904,0,0.000000,52.970000,0.000000,0.020000,0.000000,0.000000,0.000000,-0.180000,8.000000,123.520000
1769105970.611389,0,0.000000,53.060000,0.000000,0.000000,0.000000,0.000000,0.000000,-0.180000,8.000000,123.540000
1769105970.612931,0,0.000000,52.970000,0.000000,0.020000,0.000000,0.000000,0.000000,-0.180000,8.000000,123.550000
1769105970.613968,0,0.000000,53.020000,0.000000,0.000000,0.000000,0.000000,0.000000,-0.180000,8.000000,123.580000
1769105970.647675,0,0.000000,52.950000,0.000000,-0.050000,0.000000,0.000000,0.000000,-0.170000,8.000000,123.580000
1769105970.679916,0,0.000000,52.970000,0.000000,0.020000,0.000000,0.000000,0.000000,-0.180000,8.000000,123.610000
1769105970.680955,0,0.000000,52.970000,0.000000,0.000000,0.000000,0.000000,0.000000,-0.180000,8.000000,123.620000
1769105970.681634,0,0.000000,53.020000,0.000000,0.000000,0.000000,0.000000,0.000000,-0.180000,8.000000,123.630000
1769105970.709554,0,0.000000,52.990000,0.000000,0.020000,0.000000,0.000000,0.000000,-0.180000,8.000000,123.650000
1769105970.710592,0,0.000000,53.000000,0.000000,-0.020000,0.000000,0.000000,0.000000,-0.180000,8.000000,123.660000
1769105970.711419,0,0.000000,52.990000,0.000000,0.050000,0.000000,0.000000,0.000000,-0.180000,8.000000,123.680000
1769105970.747070,0,0.000000,53.020000,0.000000,0.000000,0.000000,0.000000,0.000000,-0.180000,8.000000,123.690000
1769105970.775955,0,0.000000,53.000000,0.000000,0.000000,0.000000,0.000000,0.000000,-0.180000,8.000000,123.700000
1769105970.776962,0,0.000000,53.000000,0.000000,-0.030000,0.000000,0.000000,0.000000,-0.180000,8.000000,123.730000
1769105970.777993,0,0.000000,53.020000,0.000000,0.000000,0.000000,0.000000,0.000000,-0.180000,8.000000,123.730000
1769105970.815846,0,0.000000,53.000000,0.000000,0.000000,0.000000,0.000000,0.000000,-0.180000,8.000000,123.760000
1769105970.844638,0,0.000000,52.990000,0.000000,0.000000,0.000000,0.000000,0.000000,-0.180000,8.000000,123.760000
1769105970.844638,0,0.000000,52.990000,0.000000,-0.020000,0.000000,0.000000,0.000000,-0.180000,8.000000,123.790000
1769105970.845644,0,0.000000,52.950000,0.000000,0.030000,0.000000,0.000000,0.000000,-0.180000,8.000000,123.800000
1769105970.873275,0,0.000000,53.020000,0.000000,0.030000,0.000000,0.000000,0.000000,-0.180000,8.000000,123.810000
1769105970.873781,0,0.000000,53.090000,0.000000,0.020000,0.000000,0.000000,0.000000,-0.180000,8.000000,123.830000
1769105970.904518,0,0.000000,53.000000,0.000000,0.000000,0.000000,0.000000,0.000000,-0.180000,8.000000,123.840000
1769105970.905863,0,0.000000,53.060000,0.000000,0.000000,0.000000,0.000000,0.000000,-0.180000,8.000000,123.860000
1769105970.944211,0,0.000000,53.000000,0.000000,0.010000,0.000000,0.000000,0.000000,-0.180000,8.000000,123.870000
1769105970.945210,0,0.000000,52.990000,0.000000,0.050000,0.000000,0.000000,0.000000,-0.180000,8.000000,123.880000
1769105970.981392,0,0.000000,53.040000,0.000000,0.010000,0.000000,0.000000,0.000000,-0.180000,8.000000,123.910000
1769105970.982396,0,0.000000,53.020000,0.000000,0.000000,0.000000,0.000000,0.000000,-0.180000,8.000000,123.910000
1769105971.014621,0,0.000000,53.020000,0.000000,0.000000,0.000000,0.000000,0.000000,-0.180000,8.000000,123.940000
1769105971.015165,0,0.000000,53.020000,0.000000,0.000000,0.000000,0.000000,0.000000,-0.180000,8.000000,123.940000
1769105971.016201,0,0.000000,53.020000,0.000000,0.020000,0.000000,0.000000,0.000000,-0.180000,8.000000,123.970000
1769105971.048101,0,0.000000,53.020000,0.000000,-0.050000,0.000000,0.000000,0.000000,-0.180000,8.000000,123.980000
1769105971.048642,0,0.000000,52.970000,0.000000,0.020000,0.000000,0.000000,0.000000,-0.180000,8.000000,124.000000
1769105971.083504,0,0.000000,52.950000,0.000000,-0.010000,0.000000,0.000000,0.000000,-0.170000,8.000000,124.010000
1769105971.084254,0,0.000000,52.990000,0.000000,0.000000,0.000000,0.000000,0.000000,-0.170000,8.000000,124.020000
1769105971.125957,0,0.000000,52.970000,0.000000,0.000000,0.000000,0.000000,0.000000,-0.180000,8.000000,124.050000
1769105971.126986,0,0.000000,53.000000,0.000000,0.010000,0.000000,0.000000,0.000000,-0.180000,8.000000,124.050000
1769105971.166596,0,0.000000,52.990000,0.000000,0.000000,0.000000,0.000000,0.000000,-0.180000,8.000000,124.080000
1769105971.167633,0,0.000000,52.970000,0.000000,-0.010000,0.000000,0.000000,0.000000,-0.180000,8.000000,124.080000
1769105971.168376,0,0.000000,53.000000,0.000000,0.070000,0.000000,0.000000,0.000000,-0.170000,8.000000,124.110000
1769105971.204587,0,0.000000,53.040000,0.000000,-0.050000,0.000000,0.000000,0.000000,-0.180000,8.000000,124.120000
1769105971.205580,0,0.000000,53.020000,0.000000,-0.070000,0.000000,0.000000,0.000000,-0.180000,8.000000,124.130000
1769105971.207391,0,0.000000,53.040000,0.000000,-0.030000,0.000000,0.000000,0.000000,-0.180000,8.000000,124.150000
1769105971.253120,0,0.000000,52.990000,0.000000,0.000000,0.000000,0.000000,0.000000,-0.180000,8.000000,124.160000
1769105971.254094,0,0.000000,53.040000,0.000000,0.050000,0.000000,0.000000,0.000000,-0.180000,8.000000,124.180000
1769105971.256095,0,0.000000,52.990000,0.000000,0.030000,0.000000,0.000000,0.000000,-0.180000,8.000000,124.190000
1769105971.298136,0,0.000000,52.970000,0.000000,0.000000,0.000000,0.000000,0.000000,-0.180000,8.000000,124.200000
1769105971.299173,0,0.000000,52.970000,0.000000,0.020000,0.000000,0.000000,0.000000,-0.180000,8.000000,124.230000
1769105971.300170,0,0.000000,53.040000,0.000000,0.050000,0.000000,0.000000,0.000000,-0.180000,8.000000,124.250000
1769105971.338154,0,0.000000,52.990000,0.000000,0.020000,0.000000,0.000000,0.000000,-0.180000,8.000000,124.260000
1769105971.339163,0,0.000000,53.020000,0.000000,0.020000,0.000000,0.000000,0.000000,-0.180000,8.000000,124.270000
1769105971.339471,0,0.000000,52.990000,0.000000,0.020000,0.000000,0.000000,0.000000,-0.170000,8.000000,124.290000
1769105971.377394,0,0.000000,52.990000,0.000000,0.020000,0.000000,0.000000,0.000000,-0.180000,8.000000,124.300000
1769105971.378431,0,0.000000,52.990000,0.000000,0.020000,0.000000,0.000000,0.000000,-0.180000,8.000000,124.310000
1769105971.379507,0,0.000000,53.020000,0.000000,0.010000,0.000000,0.000000,0.000000,-0.180000,8.000000,124.330000
1769105971.410198,0,0.000000,52.990000,0.000000,0.010000,0.000000,0.000000,0.000000,-0.180000,8.000000,124.340000
1769105971.411199,0,0.000000,52.970000,0.000000,0.000000,0.000000,0.000000,0.000000,-0.180000,8.000000,124.370000
1769105971.445035,0,0.000000,53.020000,0.000000,0.000000,0.000000,0.000000,0.000000,-0.180000,8.000000,124.370000
1769105971.446838,0,0.000000,52.990000,0.000000,0.000000,0.000000,0.000000,0.000000,-0.180000,8.000000,124.400000
1769105971.486864,0,0.000000,53.000000,0.000000,0.050000,0.000000,0.000000,0.000000,-0.180000,8.000000,124.410000
1769105971.487628,0,0.000000,52.970000,0.000000,-0.020000,0.000000,0.000000,0.000000,-0.180000,8.000000,124.430000
1769105971.523224,0,0.000000,53.060000,0.000000,-0.020000,0.000000,0.000000,0.000000,-0.180000,8.000000,124.440000
1769105971.524237,0,0.000000,52.990000,0.000000,0.010000,0.000000,0.000000,0.000000,-0.180000,8.000000,124.450000
1769105971.552212,0,0.000000,53.040000,0.000000,0.010000,0.000000,0.000000,0.000000,-0.180000,8.000000,124.470000
1769105971.552977,0,0.000000,53.000000,0.000000,0.030000,0.000000,0.000000,0.000000,-0.180000,8.000000,124.480000
1769105971.553987,0,0.000000,52.990000,0.000000,0.050000,0.000000,0.000000,0.000000,-0.180000,8.000000,124.510000
1769105971.591799,0,0.000000,53.020000,0.000000,0.000000,0.000000,0.000000,0.000000,-0.180000,8.000000,124.510000
1769105971.592808,0,0.000000,53.000000,0.000000,0.000000,0.000000,0.000000,0.000000,-0.180000,8.000000,124.540000
1769105971.620325,0,0.000000,52.990000,0.000000,0.020000,0.000000,0.000000,0.000000,-0.180000,8.000000,124.550000
1769105971.621333,0,0.000000,53.000000,0.000000,-0.070000,0.000000,0.000000,0.000000,-0.180000,8.000000,124.560000
1769105971.622163,0,0.000000,52.910000,0.000000,0.030000,0.000000,0.000000,0.000000,-0.180000,8.000000,124.580000
1769105971.663874,0,0.000000,53.020000,0.000000,-0.020000,0.000000,0.000000,0.000000,-0.180000,8.000000,124.590000
1769105971.692727,0,0.000000,52.900000,0.000000,-0.070000,0.000000,0.000000,0.000000,-0.180000,8.000000,124.610000
1769105971.693764,0,0.000000,53.000000,0.000000,0.000000,0.000000,0.000000,0.000000,-0.180000,8.000000,124.620000
1769105971.694593,0,0.000000,53.000000,0.000000,0.050000,0.000000,0.000000,0.000000,-0.180000,8.000000,124.650000
1769105971.726587,0,0.000000,53.000000,0.000000,0.000000,0.000000,0.000000,0.000000,-0.180000,8.000000,124.660000
1769105971.727587,0,0.000000,52.990000,0.000000,0.000000,0.000000,0.000000,0.000000,-0.180000,8.000000,124.680000
1769105971.728589,0,0.000000,53.020000,0.000000,0.010000,0.000000,0.000000,0.000000,-0.180000,8.000000,124.690000
1769105971.764598,0,0.000000,53.000000,0.000000,0.000000,0.000000,0.000000,0.000000,-0.180000,8.000000,124.700000
1769105971.765271,0,0.000000,53.000000,0.000000,0.090000,0.000000,0.000000,0.000000,-0.180000,8.000000,124.720000
1769105971.801183,0,0.000000,52.970000,0.000000,0.010000,0.000000,0.000000,0.000000,-0.180000,8.000000,124.730000
1769105971.802219,0,0.000000,52.970000,0.000000,0.110000,0.000000,0.000000,0.000000,-0.180000,8.000000,124.750000
1769105971.833995,0,0.000000,52.950000,0.000000,0.010000,0.000000,0.000000,0.000000,-0.180000,8.000000,124.760000
1769105971.834997,0,0.000000,53.000000,0.000000,-0.010000,0.000000,0.000000,0.000000,-0.170000,8.000000,124.770000
1769105971.836003,0,0.000000,52.950000,0.000000,-0.010000,0.000000,0.000000,0.000000,-0.180000,8.000000,124.800000
1769105971.863612,0,0.000000,52.950000,0.000000,0.000000,0.000000,0.000000,0.000000,-0.180000,8.000000,124.810000
1769105971.864648,0,0.000000,52.990000,0.000000,0.020000,0.000000,0.000000,0.000000,-0.180000,8.000000,124.830000
1769105971.895114,0,0.000000,52.880000,0.000000,0.000000,0.000000,0.000000,0.000000,-0.180000,8.000000,124.840000
1769105971.929431,0,0.000000,53.000000,0.000000,0.000000,0.000000,0.000000,0.000000,-0.180000,8.000000,124.860000
1769105971.931013,0,0.000000,52.990000,0.000000,0.050000,0.000000,0.000000,0.000000,-0.180000,8.000000,124.870000
1769105971.969607,0,0.000000,53.020000,0.000000,0.010000,0.000000,0.000000,0.000000,-0.180000,8.000000,124.880000
1769105971.971582,0,0.000000,53.000000,0.000000,0.010000,0.000000,0.000000,0.000000,-0.180000,8.000000,124.900000
1769105971.972579,0,0.000000,53.000000,0.000000,-0.010000,0.000000,0.000000,0.000000,-0.180000,8.000000,124.910000
1769105972.008982,0,0.000000,52.970000,0.000000,0.050000,0.000000,0.000000,0.000000,-0.180000,8.000000,124.930000
1769105972.010784,0,0.000000,53.040000,0.000000,0.000000,0.000000,0.000000,0.000000,-0.180000,8.000000,124.940000
1769105972.011783,0,0.000000,53.040000,0.000000,0.050000,0.000000,0.000000,0.000000,-0.180000,8.000000,124.950000
1769105972.049001,0,0.000000,52.950000,0.000000,0.050000,0.000000,0.000000,0.000000,-0.180000,8.000000,124.980000
1769105972.049506,0,0.000000,53.060000,0.000000,0.000000,0.000000,0.000000,0.000000,-0.180000,8.000000,124.980000
1769105972.051043,0,0.000000,52.990000,0.000000,0.030000,0.000000,0.000000,0.000000,-0.180000,8.000000,125.010000
1769105972.086914,0,0.000000,53.020000,0.000000,0.000000,0.000000,0.000000,0.000000,-0.180000,8.000000,125.010000
1769105972.088920,0,0.000000,53.000000,0.000000,0.020000,0.000000,0.000000,0.000000,-0.180000,8.000000,125.040000
1769105972.130079,0,0.000000,52.970000,0.000000,0.030000,0.000000,0.000000,0.000000,-0.180000,8.000000,125.050000
1769105972.131115,0,0.000000,53.040000,0.000000,0.090000,0.000000,0.000000,0.000000,-0.180000,8.000000,125.060000
1769105972.131758,0,0.000000,53.020000,0.000000,0.050000,0.000000,0.000000,0.000000,-0.180000,8.000000,125.080000
1769105972.162529,0,0.000000,53.040000,0.000000,-0.010000,0.000000,0.000000,0.000000,-0.180000,8.000000,125.090000
1769105972.163129,0,0.000000,53.000000,0.000000,0.050000,0.000000,0.000000,0.000000,-0.180000,8.000000,125.120000
1769105972.164754,0,0.000000,52.970000,0.000000,-0.070000,0.000000,0.000000,0.000000,-0.180000,8.000000,125.120000
1769105972.196826,0,0.000000,53.040000,0.000000,0.000000,0.000000,0.000000,0.000000,-0.180000,8.000000,125.150000
1769105972.197826,0,0.000000,52.970000,0.000000,0.020000,0.000000,0.000000,0.000000,-0.180000,8.000000,125.160000
1769105972.230800,0,0.000000,52.990000,0.000000,-0.020000,0.000000,0.000000,0.000000,-0.180000,8.000000,125.180000
1769105972.232279,0,0.000000,52.950000,0.000000,-0.050000,0.000000,0.000000,0.000000,-0.180000,8.000000,125.190000
1769105972.268965,0,0.000000,53.000000,0.000000,0.050000,0.000000,0.000000,0.000000,-0.180000,8.000000,125.200000
1769105972.268965,0,0.000000,52.910000,0.000000,0.010000,0.000000,0.000000,0.000000,-0.180000,8.000000,125.220000
1769105972.305318,0,0.000000,52.970000,0.000000,0.000000,0.000000,0.000000,0.000000,-0.180000,8.000000,125.230000
1769105972.307319,0,0.000000,53.000000,0.000000,0.000000,0.000000,0.000000,0.000000,-0.180000,8.000000,125.250000
1769105972.349064,0,0.000000,52.950000,0.000000,0.000000,0.000000,0.000000,0.000000,-0.180000,8.000000,125.260000
1769105972.350070,0,0.000000,53.020000,0.000000,0.000000,0.000000,0.000000,0.000000,-0.180000,8.000000,125.270000
1769105972.384417,0,0.000000,52.950000,0.000000,0.000000,0.000000,0.000000,0.000000,-0.180000,8.000000,125.300000
1769105972.385416,0,0.000000,52.990000,0.000000,0.000000,0.000000,0.000000,0.000000,-0.180000,8.000000,125.300000
1769105972.386206,0,0.000000,53.020000,0.000000,-0.010000,0.000000,0.000000,0.000000,-0.180000,8.000000,125.330000
1769105972.386744,0,0.000000,53.060000,0.000000,0.000000,0.000000,0.000000,0.000000,-0.180000,8.000000,125.340000
1769105972.421938,0,0.000000,53.020000,0.000000,0.000000,0.000000,0.000000,0.000000,-0.180000,8.000000,125.360000
1769105972.423717,0,0.000000,52.970000,0.000000,0.000000,0.000000,0.000000,0.000000,-0.180000,8.000000,125.370000
1769105972.458371,0,0.000000,52.990000,0.000000,0.020000,0.000000,0.000000,0.000000,-0.180000,8.000000,125.380000
1769105972.458371,0,0.000000,52.900000,0.000000,0.010000,0.000000,0.000000,0.000000,-0.180000,8.000000,125.410000
1769105972.486963,0,0.000000,52.970000,0.000000,0.050000,0.000000,0.000000,0.000000,-0.180000,8.000000,125.410000
1769105972.486963,0,0.000000,52.970000,0.000000,-0.050000,0.000000,0.000000,0.000000,-0.180000,8.000000,125.440000
1769105972.516414,0,0.000000,53.000000,0.000000,0.050000,0.000000,0.000000,0.000000,-0.180000,8.000000,125.440000
1769105972.518181,0,0.000000,53.000000,0.000000,0.090000,0.000000,0.000000,0.000000,-0.180000,8.000000,125.470000
1769105972.553912,0,0.000000,53.020000,0.000000,0.050000,0.000000,0.000000,0.000000,-0.180000,8.000000,125.480000
1769105972.555041,0,0.000000,53.020000,0.000000,0.000000,0.000000,0.000000,0.000000,-0.180000,8.000000,125.500000
1769105972.592275,0,0.000000,52.900000,0.000000,-0.020000,0.000000,0.000000,0.000000,-0.180000,8.000000,125.510000
1769105972.593108,0,0.000000,53.000000,0.000000,0.030000,0.000000,0.000000,0.000000,-0.180000,8.000000,125.520000
1769105972.594146,0,0.000000,52.880000,0.000000,0.000000,0.000000,0.000000,0.000000,-0.170000,8.000000,125.540000
1769105972.624790,0,0.000000,52.910000,0.000000,-0.030000,0.000000,0.000000,0.000000,-0.170000,8.000000,125.550000
1769105972.625790,0,0.000000,52.900000,0.000000,0.000000,0.000000,0.000000,0.000000,-0.180000,8.000000,125.580000
1769105972.664878,0,0.000000,53.020000,0.000000,0.000000,0.000000,0.000000,0.000000,-0.180000,8.000000,125.580000
1769105972.664878,0,0.000000,52.880000,0.000000,0.000000,0.000000,0.000000,0.000000,-0.180000,8.000000,125.610000
1769105972.694388,0,0.000000,52.900000,0.000000,0.050000,0.000000,0.000000,0.000000,-0.180000,8.000000,125.620000
1769105972.695428,0,0.000000,52.880000,0.000000,0.010000,0.000000,0.000000,0.000000,-0.180000,8.000000,125.630000
1769105972.696141,0,0.000000,52.900000,0.000000,0.090000,0.000000,0.000000,0.000000,-0.180000,8.000000,125.650000
1769105972.734817,0,0.000000,52.900000,0.000000,-0.050000,0.000000,0.000000,0.000000,-0.180000,8.000000,125.660000
1769105972.735811,0,0.000000,52.990000,0.000000,-0.010000,0.000000,0.000000,0.000000,-0.180000,8.000000,125.680000
1769105972.774760,0,0.000000,52.880000,0.000000,0.000000,0.000000,0.000000,0.000000,-0.180000,8.000000,125.690000
1769105972.775760,0,0.000000,52.970000,0.000000,0.050000,0.000000,0.000000,0.000000,-0.180000,8.000000,125.700000
1769105972.804726,0,0.000000,53.020000,0.000000,0.050000,0.000000,0.000000,0.000000,-0.180000,8.000000,125.720000
1769105972.806249,0,0.000000,53.000000,0.000000,0.000000,0.000000,0.000000,0.000000,-0.180000,8.000000,125.730000
1769105972.806755,0,0.000000,52.970000,0.000000,-0.010000,0.000000,0.000000,0.000000,-0.180000,8.000000,125.760000
1769105972.807764,0,0.000000,52.860000,0.000000,0.000000,0.000000,0.000000,0.000000,-0.180000,8.000000,125.760000
1769105972.845575,0,0.000000,52.990000,0.000000,0.000000,0.000000,0.000000,0.000000,-0.180000,8.000000,125.790000
1769105972.846328,0,0.000000,53.000000,0.000000,0.050000,0.000000,0.000000,0.000000,-0.180000,8.000000,125.800000
1769105972.879551,0,0.000000,52.900000,0.000000,0.010000,0.000000,0.000000,0.000000,-0.180000,8.000000,125.810000
1769105972.880587,0,0.000000,52.950000,0.000000,0.000000,0.000000,0.000000,0.000000,-0.180000,8.000000,125.830000
1769105972.919327,0,0.000000,52.970000,0.000000,0.000000,0.000000,0.000000,0.000000,-0.180000,8.000000,125.840000
1769105972.920368,0,0.000000,52.910000,0.000000,0.010000,0.000000,0.000000,0.000000,-0.170000,8.000000,125.860000
1769105972.953940,0,0.000000,52.860000,0.000000,0.000000,0.000000,0.000000,0.000000,-0.180000,8.000000,125.870000
1769105972.955786,0,0.000000,52.910000,0.000000,0.000000,0.000000,0.000000,0.000000,-0.180000,8.000000,125.880000
1769105972.956782,0,0.000000,53.020000,0.000000,0.000000,0.000000,0.000000,0.000000,-0.180000,8.000000,125.910000
1769105972.994512,0,0.000000,52.970000,0.000000,-0.070000,0.000000,0.000000,0.000000,-0.180000,8.000000,125.910000
1769105972.995549,0,0.000000,53.000000,0.000000,0.010000,0.000000,0.000000,0.000000,-0.180000,8.000000,125.940000
1769105972.996310,0,0.000000,52.970000,0.000000,0.000000,0.000000,0.000000,0.000000,-0.180000,8.000000,125.940000
1769105973.031557,0,0.000000,53.020000,0.000000,0.000000,0.000000,0.000000,0.000000,-0.170000,8.000000,125.970000
1769105973.031557,0,0.000000,53.040000,0.000000,0.010000,0.000000,0.000000,0.000000,-0.180000,8.000000,125.980000
1769105973.070524,0,0.000000,53.040000,0.000000,0.020000,0.000000,0.000000,0.000000,-0.180000,8.000000,126.000000
1769105973.071559,0,0.000000,53.020000,0.000000,0.030000,0.000000,0.000000,0.000000,-0.180000,8.000000,126.010000
1769105973.108893,0,0.000000,52.970000,0.000000,0.000000,0.000000,0.000000,0.000000,-0.180000,8.000000,126.020000
1769105973.109894,0,0.000000,53.020000,0.000000,-0.010000,0.000000,0.000000,0.000000,-0.180000,8.000000,126.040000
1769105973.111898,0,0.000000,52.990000,0.000000,0.000000,0.000000,0.000000,0.000000,-0.180000,8.000000,126.050000
1769105973.145323,0,0.000000,52.990000,0.000000,-0.100000,0.000000,0.000000,0.000000,-0.180000,8.000000,126.060000
1769105973.146765,0,0.000000,53.020000,0.000000,0.020000,0.000000,0.000000,0.000000,-0.180000,8.000000,126.080000
1769105973.146765,0,0.000000,52.990000,0.000000,0.050000,0.000000,0.000000,0.000000,-0.180000,8.000000,126.090000
1769105973.179715,0,0.000000,53.020000,0.000000,0.070000,0.000000,0.000000,0.000000,-0.180000,8.000000,126.120000
1769105973.180454,0,0.000000,53.020000,0.000000,0.000000,0.000000,0.000000,0.000000,-0.180000,8.000000,126.120000
1769105973.212575,0,0.000000,52.990000,0.000000,-0.020000,0.000000,0.000000,0.000000,-0.180000,8.000000,126.150000
1769105973.213573,0,0.000000,52.910000,0.000000,0.000000,0.000000,0.000000,0.000000,-0.180000,8.000000,126.160000
1769105973.246887,0,0.000000,52.910000,0.000000,-0.020000,0.000000,0.000000,0.000000,-0.180000,8.000000,126.180000
1769105973.246887,0,0.000000,52.990000,0.000000,0.000000,0.000000,0.000000,0.000000,-0.180000,8.000000,126.190000
1769105973.247888,0,0.000000,52.990000,0.000000,-0.030000,0.000000,0.000000,0.000000,-0.180000,8.000000,126.200000
1769105973.280523,0,0.000000,52.990000,0.000000,-0.020000,0.000000,0.000000,0.000000,-0.180000,8.000000,126.220000
1769105973.281562,0,0.000000,52.990000,0.000000,-0.070000,0.000000,0.000000,0.000000,-0.180000,8.000000,126.230000
1769105973.308558,0,0.000000,52.900000,0.000000,0.000000,0.000000,0.000000,0.000000,-0.180000,8.000000,126.250000
1769105973.310371,0,0.000000,52.950000,0.000000,-0.050000,0.000000,0.000000,0.000000,-0.180000,8.000000,126.260000
1769105973.342317,0,0.000000,52.970000,0.000000,-0.010000,0.000000,0.000000,0.000000,-0.180000,8.000000,126.270000
1769105973.343325,0,0.000000,52.900000,0.000000,0.050000,0.000000,0.000000,0.000000,-0.180000,8.000000,126.300000
1769105973.344140,0,0.000000,53.000000,0.000000,0.070000,0.000000,0.000000,0.000000,-0.180000,8.000000,126.300000
1769105973.376161,0,0.000000,52.990000,0.000000,0.020000,0.000000,0.000000,0.000000,-0.180000,8.000000,126.330000
1769105973.411153,0,0.000000,53.040000,0.000000,0.050000,0.000000,0.000000,0.000000,-0.180000,8.000000,126.330000
1769105973.413155,0,0.000000,52.990000,0.000000,0.010000,0.000000,0.000000,0.000000,-0.180000,8.000000,126.360000
1769105973.447341,0,0.000000,52.990000,0.000000,-0.030000,0.000000,0.000000,0.000000,-0.180000,8.000000,126.370000
1769105973.448143,0,0.000000,53.000000,0.000000,0.000000,0.000000,0.000000,0.000000,-0.180000,8.000000,126.380000
1769105973.449180,0,0.000000,53.020000,0.000000,0.020000,0.000000,0.000000,0.000000,-0.180000,8.000000,126.400000
1769105973.484762,0,0.000000,53.020000,0.000000,0.000000,0.000000,0.000000,0.000000,-0.180000,8.000000,126.410000
1769105973.485763,0,0.000000,53.040000,0.000000,0.100000,0.000000,0.000000,0.000000,-0.180000,8.000000,126.430000
1769105973.515657,0,0.000000,52.970000,0.000000,0.000000,0.000000,0.000000,0.000000,-0.180000,8.000000,126.440000
1769105973.517180,0,0.000000,52.970000,0.000000,0.010000,0.000000,0.000000,0.000000,-0.180000,8.000000,126.450000
1769105973.518215,0,0.000000,52.950000,0.000000,0.000000,0.000000,0.000000,0.000000,-0.180000,8.000000,126.480000
1769105973.555146,0,0.000000,53.000000,0.000000,0.000000,0.000000,0.000000,0.000000,-0.170000,8.000000,126.480000
1769105973.585675,0,0.000000,53.020000,0.000000,0.030000,0.000000,0.000000,0.000000,-0.180000,8.000000,126.510000
1769105973.586680,0,0.000000,53.000000,0.000000,0.030000,0.000000,0.000000,0.000000,-0.180000,8.000000,126.510000
1769105973.587545,0,0.000000,53.040000,0.000000,0.050000,0.000000,0.000000,0.000000,-0.180000,8.000000,126.540000
1769105973.615989,0,0.000000,53.090000,0.000000,-0.030000,0.000000,0.000000,0.000000,-0.180000,8.000000,126.550000
1769105973.617026,0,0.000000,53.090000,0.000000,0.000000,0.000000,0.000000,0.000000,-0.180000,8.000000,126.560000
1769105973.618025,0,0.000000,52.990000,0.000000,-0.050000,0.000000,0.000000,0.000000,-0.180000,8.000000,126.580000
1769105973.650299,0,0.000000,53.060000,0.000000,0.000000,0.000000,0.000000,0.000000,-0.180000,8.000000,126.590000
1769105973.651298,0,0.000000,53.000000,0.000000,0.000000,0.000000,0.000000,0.000000,-0.180000,8.000000,126.610000
1769105973.687688,0,0.000000,52.970000,0.000000,-0.030000,0.000000,0.000000,0.000000,-0.180000,8.000000,126.620000
1769105973.688474,0,0.000000,53.020000,0.000000,0.000000,0.000000,0.000000,0.000000,-0.180000,8.000000,126.630000
1769105973.722459,0,0.000000,52.970000,0.000000,0.000000,0.000000,0.000000,0.000000,-0.180000,8.000000,126.660000
1769105973.722996,0,0.000000,52.990000,0.000000,0.000000,0.000000,0.000000,0.000000,-0.180000,8.000000,126.660000
1769105973.754123,0,0.000000,53.000000,0.000000,0.030000,0.000000,0.000000,0.000000,-0.180000,8.000000,126.690000
1769105973.754934,0,0.000000,52.880000,0.000000,0.000000,0.000000,0.000000,0.000000,-0.180000,8.000000,126.700000
1769105973.785142,0,0.000000,53.060000,0.000000,0.000000,0.000000,0.000000,0.000000,-0.180000,8.000000,126.720000
1769105973.786179,0,0.000000,52.990000,0.000000,0.070000,0.000000,0.000000,0.000000,-0.180000,8.000000,126.730000
1769105973.822489,0,0.000000,52.950000,0.000000,0.020000,0.000000,0.000000,0.000000,-0.170000,8.000000,126.750000
1769105973.823526,0,0.000000,52.990000,0.000000,-0.140000,0.000000,0.000000,0.000000,-0.180000,8.000000,126.760000
1769105973.858945,0,0.000000,52.990000,0.000000,0.000000,0.000000,0.000000,0.000000,-0.180000,8.000000,126.770000
1769105973.859700,0,0.000000,53.020000,0.000000,0.000000,0.000000,0.000000,0.000000,-0.180000,8.000000,126.800000
1769105973.861522,0,0.000000,53.000000,0.000000,0.000000,0.000000,0.000000,0.000000,-0.180000,8.000000,126.800000
1769105973.895560,0,0.000000,53.060000,0.000000,0.030000,0.000000,0.000000,0.000000,-0.180000,8.000000,126.830000
1769105973.895560,0,0.000000,52.990000,0.000000,0.000000,0.000000,0.000000,0.000000,-0.180000,8.000000,126.830000
1769105973.927613,0,0.000000,52.950000,0.000000,-0.010000,0.000000,0.000000,0.000000,-0.180000,8.000000,126.860000
1769105973.928748,0,0.000000,53.000000,0.000000,0.010000,0.000000,0.000000,0.000000,-0.180000,8.000000,126.870000
1769105973.958493,0,0.000000,53.000000,0.000000,0.000000,0.000000,0.000000,0.000000,-0.180000,8.000000,126.880000
1769105973.959286,0,0.000000,53.020000,0.000000,0.000000,0.000000,0.000000,0.000000,-0.180000,8.000000,126.900000
1769105973.960323,0,0.000000,53.040000,0.000000,0.000000,0.000000,0.000000,0.000000,-0.180000,8.000000,126.910000
1769105973.993558,0,0.000000,52.900000,0.000000,0.000000,0.000000,0.000000,0.000000,-0.180000,8.000000,126.930000
1769105973.994321,0,0.000000,53.040000,0.000000,0.000000,0.000000,0.000000,0.000000,-0.180000,8.000000,126.940000
1769105974.027255,0,0.000000,53.020000,0.000000,0.000000,0.000000,0.000000,0.000000,-0.180000,8.000000,126.950000
1769105974.028041,0,0.000000,53.020000,0.000000,0.010000,0.000000,0.000000,0.000000,-0.180000,8.000000,126.980000
1769105974.065042,0,0.000000,52.970000,0.000000,-0.010000,0.000000,0.000000,0.000000,-0.180000,8.000000,126.980000
1769105974.066040,0,0.000000,52.990000,0.000000,-0.030000,0.000000,0.000000,0.000000,-0.180000,8.000000,127.010000
1769105974.104522,0,0.000000,53.020000,0.000000,0.070000,0.000000,0.000000,0.000000,-0.180000,8.000000,127.020000
1769105974.105557,0,0.000000,52.990000,0.000000,-0.030000,0.000000,0.000000,0.000000,-0.180000,8.000000,127.040000
1769105974.106561,0,0.000000,52.970000,0.000000,0.070000,0.000000,0.000000,0.000000,-0.180000,8.000000,127.050000
1769105974.139484,0,0.000000,52.990000,0.000000,0.000000,0.000000,0.000000,0.000000,-0.180000,8.000000,127.060000
1769105974.140522,0,0.000000,52.990000,0.000000,0.000000,0.000000,0.000000,0.000000,-0.180000,8.000000,127.080000
1769105974.141293,0,0.000000,52.990000,0.000000,0.000000,0.000000,0.000000,0.000000,-0.180000,8.000000,127.090000
1769105974.173516,0,0.000000,52.950000,0.000000,0.000000,0.000000,0.000000,0.000000,-0.180000,8.000000,127.120000
1769105974.205133,0,0.000000,53.000000,0.000000,0.010000,0.000000,0.000000,0.000000,-0.180000,8.000000,127.120000
1769105974.205638,0,0.000000,52.990000,0.000000,0.010000,0.000000,0.000000,0.000000,-0.180000,8.000000,127.150000
1769105974.206642,0,0.000000,52.990000,0.000000,0.000000,0.000000,0.000000,0.000000,-0.180000,8.000000,127.160000
1769105974.238729,0,0.000000,52.970000,0.000000,0.000000,0.000000,0.000000,0.000000,-0.180000,8.000000,127.180000
1769105974.239737,0,0.000000,53.000000,0.000000,0.000000,0.000000,0.000000,0.000000,-0.180000,8.000000,127.190000
1769105974.276697,0,0.000000,52.970000,0.000000,0.070000,0.000000,0.000000,0.000000,-0.180000,8.000000,127.200000
1769105974.276697,0,0.000000,53.020000,0.000000,0.000000,0.000000,0.000000,0.000000,-0.180000,8.000000,127.220000
1769105974.278136,0,0.000000,53.000000,0.000000,0.070000,0.000000,0.000000,0.000000,-0.180000,8.000000,127.230000
1769105974.311116,0,0.000000,53.000000,0.000000,-0.030000,0.000000,0.000000,0.000000,-0.180000,8.000000,127.250000
1769105974.311893,0,0.000000,53.000000,0.000000,0.010000,0.000000,0.000000,0.000000,-0.180000,8.000000,127.260000
1769105974.345358,0,0.000000,52.900000,0.000000,0.000000,0.000000,0.000000,0.000000,-0.180000,8.000000,127.270000
1769105974.346342,0,0.000000,52.880000,0.000000,0.010000,0.000000,0.000000,0.000000,-0.180000,8.000000,127.300000
1769105974.379525,0,0.000000,53.000000,0.000000,0.000000,0.000000,0.000000,0.000000,-0.180000,8.000000,127.300000
1769105974.380529,0,0.000000,52.910000,0.000000,-0.020000,0.000000,0.000000,0.000000,-0.180000,8.000000,127.330000
1769105974.407551,0,0.000000,52.900000,0.000000,0.050000,0.000000,0.000000,0.000000,-0.180000,8.000000,127.330000
1769105974.409550,0,0.000000,52.970000,0.000000,-0.010000,0.000000,0.000000,0.000000,-0.180000,8.000000,127.360000
1769105974.410550,0,0.000000,53.000000,0.000000,0.000000,0.000000,0.000000,0.000000,-0.180000,8.000000,127.370000
1769105974.448427,0,0.000000,52.900000,0.000000,0.050000,0.000000,0.000000,0.000000,-0.180000,8.000000,127.380000
1769105974.449430,0,0.000000,53.040000,0.000000,0.000000,0.000000,0.000000,0.000000,-0.180000,8.000000,127.400000
1769105974.485461,0,0.000000,53.000000,0.000000,0.070000,0.000000,0.000000,0.000000,-0.180000,8.000000,127.410000
1769105974.486229,0,0.000000,52.970000,0.000000,0.070000,0.000000,0.000000,0.000000,-0.180000,8.000000,127.430000
1769105974.514416,0,0.000000,52.910000,0.000000,0.000000,0.000000,0.000000,0.000000,-0.180000,8.000000,127.440000
1769105974.515422,0,0.000000,52.900000,0.000000,0.050000,0.000000,0.000000,0.000000,-0.180000,8.000000,127.450000
1769105974.544984,0,0.000000,53.040000,0.000000,0.000000,0.000000,0.000000,0.000000,-0.180000,8.000000,127.480000
1769105974.545994,0,0.000000,53.020000,0.000000,0.000000,0.000000,0.000000,0.000000,-0.180000,8.000000,127.480000
1769105974.574724,0,0.000000,53.000000,0.000000,-0.020000,0.000000,0.000000,0.000000,-0.180000,8.000000,127.510000
1769105974.575730,0,0.000000,53.040000,0.000000,0.000000,0.000000,0.000000,0.000000,-0.180000,8.000000,127.510000
1769105974.576233,0,0.000000,53.000000,0.000000,0.000000,0.000000,0.000000,0.000000,-0.180000,8.000000,127.540000
1769105974.618487,0,0.000000,52.990000,0.000000,0.000000,0.000000,0.000000,0.000000,-0.180000,8.000000,127.550000
1769105974.619523,0,0.000000,52.880000,0.000000,0.020000,0.000000,0.000000,0.000000,-0.180000,8.000000,127.550000
1769105974.652912,0,0.000000,52.990000,0.000000,0.010000,0.000000,0.000000,0.000000,-0.180000,8.000000,127.580000
1769105974.653880,0,0.000000,52.950000,0.000000,0.010000,0.000000,0.000000,0.000000,-0.180000,8.000000,127.580000
1769105974.681942,0,0.000000,52.900000,0.000000,-0.020000,0.000000,0.000000,0.000000,-0.180000,8.000000,127.610000
1769105974.682718,0,0.000000,53.020000,0.000000,0.000000,0.000000,0.000000,0.000000,-0.180000,8.000000,127.620000
1769105974.683754,0,0.000000,53.000000,0.000000,0.010000,0.000000,0.000000,0.000000,-0.180000,8.000000,127.630000
1769105974.716193,0,0.000000,52.950000,0.000000,0.030000,0.000000,0.000000,0.000000,-0.180000,8.000000,127.660000
1769105974.717155,0,0.000000,52.970000,0.000000,0.000000,0.000000,0.000000,0.000000,-0.180000,8.000000,127.660000
1769105974.748553,0,0.000000,52.910000,0.000000,0.000000,0.000000,0.000000,0.000000,-0.180000,8.000000,127.690000
1769105974.749589,0,0.000000,52.900000,0.000000,0.000000,0.000000,0.000000,0.000000,-0.180000,8.000000,127.690000
1769105974.780935,0,0.000000,52.990000,0.000000,-0.010000,0.000000,0.000000,0.000000,-0.180000,8.000000,127.720000
1769105974.781928,0,0.000000,52.990000,0.000000,0.050000,0.000000,0.000000,0.000000,-0.180000,8.000000,127.730000
1769105974.782930,0,0.000000,53.000000,0.000000,0.010000,0.000000,0.000000,0.000000,-0.180000,8.000000,127.750000
1769105974.818166,0,0.000000,52.970000,0.000000,0.000000,0.000000,0.000000,0.000000,-0.180000,8.000000,127.760000
1769105974.847465,0,0.000000,53.040000,0.000000,0.000000,0.000000,0.000000,0.000000,-0.180000,8.000000,127.770000
1769105974.848501,0,0.000000,52.950000,0.000000,0.000000,0.000000,0.000000,0.000000,-0.180000,8.000000,127.790000
1769105974.849268,0,0.000000,53.000000,0.000000,0.010000,0.000000,0.000000,0.000000,-0.180000,8.000000,127.800000
1769105974.878671,0,0.000000,53.020000,0.000000,0.020000,0.000000,0.000000,0.000000,-0.180000,8.000000,127.810000
1769105974.880461,0,0.000000,52.950000,0.000000,0.020000,0.000000,0.000000,0.000000,-0.180000,8.000000,127.830000
1769105974.910111,0,0.000000,52.880000,0.000000,0.050000,0.000000,0.000000,0.000000,-0.180000,8.000000,127.840000
1769105974.912122,0,0.000000,53.020000,0.000000,0.030000,0.000000,0.000000,0.000000,-0.180000,8.000000,127.870000
1769105974.944937,0,0.000000,52.990000,0.000000,0.070000,0.000000,0.000000,0.000000,-0.180000,8.000000,127.870000
1769105974.946577,0,0.000000,52.990000,0.000000,0.050000,0.000000,0.000000,0.000000,-0.180000,8.000000,127.900000
1769105974.982882,0,0.000000,52.950000,0.000000,0.000000,0.000000,0.000000,0.000000,-0.180000,8.000000,127.910000
1769105974.983882,0,0.000000,52.910000,0.000000,0.010000,0.000000,0.000000,0.000000,-0.180000,8.000000,127.930000
1769105975.013534,0,0.000000,52.900000,0.000000,0.050000,0.000000,0.000000,0.000000,-0.180000,8.000000,127.940000
1769105975.014530,0,0.000000,52.950000,0.000000,-0.010000,0.000000,0.000000,0.000000,-0.180000,8.000000,127.950000
1769105975.014530,0,0.000000,52.900000,0.000000,0.000000,0.000000,0.000000,0.000000,-0.180000,8.000000,127.980000
1769105975.045101,0,0.000000,52.900000,0.000000,0.000000,0.000000,0.000000,0.000000,-0.180000,8.000000,127.980000
1769105975.045101,0,0.000000,52.880000,0.000000,0.000000,0.000000,0.000000,0.000000,-0.180000,8.000000,128.000000
1769105975.074860,0,0.000000,52.840000,0.000000,0.030000,0.000000,0.000000,0.000000,-0.180000,8.000000,128.020000
1769105975.075896,0,0.000000,52.910000,0.000000,0.030000,0.000000,0.000000,0.000000,-0.180000,8.000000,128.030000
1769105975.105720,0,0.000000,52.910000,0.000000,0.000000,0.000000,0.000000,0.000000,-0.180000,8.000000,128.050000
1769105975.106731,0,0.000000,52.880000,0.000000,0.000000,0.000000,0.000000,0.000000,-0.180000,8.000000,128.070000
1769105975.140244,0,0.000000,52.900000,0.000000,0.030000,0.000000,0.000000,0.000000,-0.180000,8.000000,128.080000
1769105975.142059,0,0.000000,52.950000,0.000000,0.070000,0.000000,0.000000,0.000000,-0.180000,8.000000,128.100000
1769105975.178891,0,0.000000,52.910000,0.000000,0.050000,0.000000,0.000000,0.000000,-0.180000,8.000000,128.110000
1769105975.180644,0,0.000000,53.000000,0.000000,-0.050000,0.000000,0.000000,0.000000,-0.180000,8.000000,128.130000
1769105975.211706,0,0.000000,52.990000,0.000000,0.010000,0.000000,0.000000,0.000000,-0.180000,8.000000,128.130000
1769105975.212711,0,0.000000,52.950000,0.000000,0.000000,0.000000,0.000000,0.000000,-0.180000,8.000000,128.160000
1769105975.242985,0,0.000000,52.910000,0.000000,-0.020000,0.000000,0.000000,0.000000,-0.180000,8.000000,128.160000
1769105975.243983,0,0.000000,53.000000,0.000000,-0.030000,0.000000,0.000000,0.000000,-0.180000,8.000000,128.190000
1769105975.244983,0,0.000000,52.990000,0.000000,0.000000,0.000000,0.000000,0.000000,-0.180000,8.000000,128.190000
1769105975.278508,0,0.000000,52.880000,0.000000,0.050000,0.000000,0.000000,0.000000,-0.180000,8.000000,128.220000
1769105975.280557,0,0.000000,52.910000,0.000000,-0.010000,0.000000,0.000000,0.000000,-0.180000,8.000000,128.220000
1769105975.311729,0,0.000000,52.900000,0.000000,0.020000,0.000000,0.000000,0.000000,-0.180000,8.000000,128.250000
1769105975.313731,0,0.000000,52.910000,0.000000,-0.020000,0.000000,0.000000,0.000000,-0.180000,8.000000,128.250000
1769105975.314190,0,0.000000,52.900000,0.000000,0.020000,0.000000,0.000000,0.000000,-0.180000,8.000000,128.270000
1769105975.350867,0,0.000000,52.970000,0.000000,0.010000,0.000000,0.000000,0.000000,-0.180000,8.000000,128.280000
1769105975.351906,0,0.000000,52.900000,0.000000,0.010000,0.000000,0.000000,0.000000,-0.180000,8.000000,128.300000
1769105975.386902,0,0.000000,52.910000,0.000000,-0.010000,0.000000,0.000000,0.000000,-0.180000,8.000000,128.320000
1769105975.387903,0,0.000000,52.910000,0.000000,0.010000,0.000000,0.000000,0.000000,-0.180000,8.000000,128.330000
1769105975.414055,0,0.000000,52.900000,0.000000,0.000000,0.000000,0.000000,0.000000,-0.180000,8.000000,128.350000
1769105975.415097,0,0.000000,52.970000,0.000000,0.050000,0.000000,0.000000,0.000000,-0.180000,8.000000,128.360000
1769105975.441692,0,0.000000,52.910000,0.000000,0.020000,0.000000,0.000000,0.000000,-0.180000,8.000000,128.380000
1769105975.442729,0,0.000000,52.880000,0.000000,0.000000,0.000000,0.000000,0.000000,-0.180000,8.000000,128.390000
1769105975.472507,0,0.000000,52.910000,0.000000,0.050000,0.000000,0.000000,0.000000,-0.180000,8.000000,128.410000
1769105975.473269,0,0.000000,52.910000,0.000000,-0.010000,0.000000,0.000000,0.000000,-0.180000,8.000000,128.420000
1769105975.511244,0,0.000000,52.950000,0.000000,0.000000,0.000000,0.000000,0.000000,-0.180000,8.000000,128.440000
1769105975.512250,0,0.000000,53.020000,0.000000,0.000000,0.000000,0.000000,0.000000,-0.180000,8.000000,128.460000
1769105975.544900,0,0.000000,52.910000,0.000000,0.070000,0.000000,0.000000,0.000000,-0.170000,8.000000,128.470000
1769105975.545908,0,0.000000,52.970000,0.000000,0.070000,0.000000,0.000000,0.000000,-0.180000,8.000000,128.490000
1769105975.578262,0,0.000000,53.000000,0.000000,0.000000,0.000000,0.000000,0.000000,-0.180000,8.000000,128.500000
1769105975.579300,0,0.000000,52.880000,0.000000,-0.020000,0.000000,0.000000,0.000000,-0.180000,8.000000,128.520000
1769105975.610886,0,0.000000,52.950000,0.000000,0.020000,0.000000,0.000000,0.000000,-0.180000,8.000000,128.520000
1769105975.610886,0,0.000000,52.910000,0.000000,0.000000,0.000000,0.000000,0.000000,-0.180000,8.000000,128.550000
1769105975.611922,0,0.000000,52.990000,0.000000,0.000000,0.000000,0.000000,0.000000,-0.180000,8.000000,128.550000
1769105975.643090,0,0.000000,52.950000,0.000000,0.020000,0.000000,0.000000,0.000000,-0.180000,8.000000,128.580000
1769105975.644091,0,0.000000,53.000000,0.000000,-0.050000,0.000000,0.000000,0.000000,-0.180000,8.000000,128.580000
1769105975.681031,0,0.000000,52.910000,0.000000,0.000000,0.000000,0.000000,0.000000,-0.180000,8.000000,128.610000
1769105975.682026,0,0.000000,53.000000,0.000000,0.030000,0.000000,0.000000,0.000000,-0.180000,8.000000,128.610000
1769105975.721915,0,0.000000,52.990000,0.000000,0.000000,0.000000,0.000000,0.000000,-0.180000,8.000000,128.630000
1769105975.721915,0,0.000000,53.020000,0.000000,0.050000,0.000000,0.000000,0.000000,-0.180000,8.000000,128.640000
1769105975.722911,0,0.000000,52.970000,0.000000,0.000000,0.000000,0.000000,0.000000,-0.180000,8.000000,128.660000
1769105975.760293,0,0.000000,52.950000,0.000000,-0.010000,0.000000,0.000000,0.000000,-0.180000,8.000000,128.670000
1769105975.760796,0,0.000000,52.950000,0.000000,0.050000,0.000000,0.000000,0.000000,-0.180000,8.000000,128.690000
1769105975.761801,0,0.000000,52.860000,0.000000,0.000000,0.000000,0.000000,0.000000,-0.180000,8.000000,128.710000
1769105975.798902,0,0.000000,52.910000,0.000000,0.020000,0.000000,0.000000,0.000000,-0.180000,8.000000,128.720000
1769105975.798902,0,0.000000,52.880000,0.000000,-0.020000,0.000000,0.000000,0.000000,-0.180000,8.000000,128.750000
1769105975.799905,0,0.000000,52.910000,0.000000,0.000000,0.000000,0.000000,0.000000,-0.180000,8.000000,128.750000
1769105975.834451,0,0.000000,52.900000,0.000000,-0.050000,0.000000,0.000000,0.000000,-0.170000,8.000000,128.770000
1769105975.835488,0,0.000000,52.880000,0.000000,-0.070000,0.000000,0.000000,0.000000,-0.180000,8.000000,128.780000
1769105975.873466,0,0.000000,52.910000,0.000000,0.100000,0.000000,0.000000,0.000000,-0.170000,8.000000,128.800000
1769105975.874465,0,0.000000,52.910000,0.000000,-0.020000,0.000000,0.000000,0.000000,-0.180000,8.000000,128.820000
1769105975.906678,0,0.000000,52.880000,0.000000,-0.020000,0.000000,0.000000,0.000000,-0.180000,8.000000,128.830000
1769105975.907677,0,0.000000,52.880000,0.000000,-0.010000,0.000000,0.000000,0.000000,-0.180000,8.000000,128.850000
1769105975.938688,0,0.000000,52.900000,0.000000,-0.010000,0.000000,0.000000,0.000000,-0.180000,8.000000,128.860000
1769105975.940444,0,0.000000,52.880000,0.000000,-0.020000,0.000000,0.000000,0.000000,-0.180000,8.000000,128.880000
1769105975.941481,0,0.000000,53.020000,0.000000,0.000000,0.000000,0.000000,0.000000,-0.180000,8.000000,128.890000
1769105975.973415,0,0.000000,52.860000,0.000000,0.000000,0.000000,0.000000,0.000000,-0.180000,8.000000,128.910000
1769105975.974451,0,0.000000,52.860000,0.000000,0.000000,0.000000,0.000000,0.000000,-0.180000,8.000000,128.920000
1769105975.976254,0,0.000000,52.900000,0.000000,0.000000,0.000000,0.000000,0.000000,-0.180000,8.000000,128.940000
1769105976.009734,0,0.000000,53.040000,0.000000,0.000000,0.000000,0.000000,0.000000,-0.180000,8.000000,128.960000
1769105976.047453,0,0.000000,52.970000,0.000000,0.030000,0.000000,0.000000,0.000000,-0.180000,8.000000,128.970000
1769105976.048011,0,0.000000,52.910000,0.000000,0.010000,0.000000,0.000000,0.000000,-0.180000,8.000000,128.990000
1769105976.049660,0,0.000000,52.970000,0.000000,0.070000,0.000000,0.000000,0.000000,-0.180000,8.000000,129.000000
1769105976.085305,0,0.000000,52.910000,0.000000,0.030000,0.000000,0.000000,0.000000,-0.180000,8.000000,129.020000
1769105976.086303,0,0.000000,52.840000,0.000000,0.050000,0.000000,0.000000,0.000000,-0.170000,8.000000,129.020000
1769105976.119422,0,0.000000,52.860000,0.000000,0.000000,0.000000,0.000000,0.000000,-0.180000,8.000000,129.050000
1769105976.121218,0,0.000000,52.880000,0.000000,-0.030000,0.000000,0.000000,0.000000,-0.180000,8.000000,129.050000
1769105976.152624,0,0.000000,53.020000,0.000000,-0.010000,0.000000,0.000000,0.000000,-0.180000,8.000000,129.080000
1769105976.153661,0,0.000000,52.910000,0.000000,0.000000,0.000000,0.000000,0.000000,-0.180000,8.000000,129.080000
1769105976.186177,0,0.000000,52.860000,0.000000,0.000000,0.000000,0.000000,0.000000,-0.180000,8.000000,129.110000
1769105976.188179,0,0.000000,52.910000,0.000000,0.020000,0.000000,0.000000,0.000000,-0.180000,8.000000,129.110000
1769105976.189179,0,0.000000,52.900000,0.000000,0.070000,0.000000,0.000000,0.000000,-0.180000,8.000000,129.130000
1769105976.190179,0,0.000000,52.950000,0.000000,0.010000,0.000000,0.000000,0.000000,-0.180000,8.000000,129.140000
1769105976.231671,0,0.000000,52.910000,0.000000,0.010000,0.000000,0.000000,0.000000,-0.180000,8.000000,129.160000
1769105976.262654,0,0.000000,52.900000,0.000000,-0.020000,0.000000,0.000000,0.000000,-0.170000,8.000000,129.170000
1769105976.263660,0,0.000000,52.900000,0.000000,-0.050000,0.000000,0.000000,0.000000,-0.180000,8.000000,129.190000
1769105976.264654,0,0.000000,52.950000,0.000000,0.000000,0.000000,0.000000,0.000000,-0.180000,8.000000,129.210000
1769105976.265650,0,0.000000,52.900000,0.000000,0.090000,0.000000,0.000000,0.000000,-0.180000,8.000000,129.220000
1769105976.299597,0,0.000000,52.880000,0.000000,-0.010000,0.000000,0.000000,0.000000,-0.180000,8.000000,129.240000
1769105976.299597,0,0.000000,52.990000,0.000000,0.030000,0.000000,0.000000,0.000000,-0.180000,8.000000,129.250000
1769105976.338003,0,0.000000,52.880000,0.000000,0.070000,0.000000,0.000000,0.000000,-0.180000,8.000000,129.270000
1769105976.339001,0,0.000000,52.860000,0.000000,-0.050000,0.000000,0.000000,0.000000,-0.180000,8.000000,129.280000
1769105976.376987,0,0.000000,52.880000,0.000000,0.000000,0.000000,0.000000,0.000000,-0.180000,8.000000,129.300000
1769105976.377787,0,0.000000,52.970000,0.000000,0.000000,0.000000,0.000000,0.000000,-0.180000,8.000000,129.320000
1769105976.408023,0,0.000000,52.860000,0.000000,-0.010000,0.000000,0.000000,0.000000,-0.180000,8.000000,129.330000
1769105976.408023,0,0.000000,52.950000,0.000000,-0.030000,0.000000,0.000000,0.000000,-0.180000,8.000000,129.350000
1769105976.409063,0,0.000000,52.900000,0.000000,0.030000,0.000000,0.000000,0.000000,-0.180000,8.000000,129.360000
1769105976.409848,0,0.000000,52.950000,0.000000,-0.010000,0.000000,0.000000,0.000000,-0.180000,8.000000,129.380000
1769105976.447009,0,0.000000,52.990000,0.000000,0.000000,0.000000,0.000000,0.000000,-0.180000,8.000000,129.380000
1769105976.482313,0,0.000000,52.990000,0.000000,-0.050000,0.000000,0.000000,0.000000,-0.180000,8.000000,129.410000
1769105976.484032,0,0.000000,53.000000,0.000000,0.000000,0.000000,0.000000,0.000000,-0.180000,8.000000,129.410000
1769105976.485820,0,0.000000,53.000000,0.000000,-0.030000,0.000000,0.000000,0.000000,-0.180000,8.000000,129.440000
1769105976.525428,0,0.000000,52.900000,0.000000,0.050000,0.000000,0.000000,0.000000,-0.180000,8.000000,129.440000
1769105976.527216,0,0.000000,52.950000,0.000000,0.020000,0.000000,0.000000,0.000000,-0.180000,8.000000,129.470000
1769105976.561470,0,0.000000,52.860000,0.000000,-0.020000,0.000000,0.000000,0.000000,-0.180000,8.000000,129.470000
1769105976.562470,0,0.000000,52.990000,0.000000,0.030000,0.000000,0.000000,0.000000,-0.180000,8.000000,129.500000
1769105976.563473,0,0.000000,52.900000,0.000000,-0.050000,0.000000,0.000000,0.000000,-0.180000,8.000000,129.500000
1769105976.595704,0,0.000000,52.950000,0.000000,0.050000,0.000000,0.000000,0.000000,-0.170000,8.000000,129.520000
1769105976.596705,0,0.000000,52.970000,0.000000,0.000000,0.000000,0.000000,0.000000,-0.180000,8.000000,129.530000
1769105976.596705,0,0.000000,52.970000,0.000000,0.030000,0.000000,0.000000,0.000000,-0.180000,8.000000,129.550000
1769105976.629204,0,0.000000,53.020000,0.000000,0.000000,0.000000,0.000000,0.000000,-0.180000,8.000000,129.570000
1769105976.630240,0,0.000000,52.880000,0.000000,0.000000,0.000000,0.000000,0.000000,-0.180000,8.000000,129.580000
1769105976.666997,0,0.000000,52.910000,0.000000,0.000000,0.000000,0.000000,0.000000,-0.180000,8.000000,129.600000
1769105976.668033,0,0.000000,52.910000,0.000000,0.000000,0.000000,0.000000,0.000000,-0.180000,8.000000,129.610000
1769105976.704714,0,0.000000,52.910000,0.000000,0.070000,0.000000,0.000000,0.000000,-0.180000,8.000000,129.630000
1769105976.705714,0,0.000000,52.860000,0.000000,0.010000,0.000000,0.000000,0.000000,-0.180000,8.000000,129.640000
1769105976.738042,0,0.000000,52.880000,0.000000,-0.020000,0.000000,0.000000,0.000000,-0.180000,8.000000,129.660000
1769105976.738836,0,0.000000,52.910000,0.000000,0.010000,0.000000,0.000000,0.000000,-0.180000,8.000000,129.670000
1769105976.739873,0,0.000000,52.900000,0.000000,0.100000,0.000000,0.000000,0.000000,-0.180000,8.000000,129.690000
1769105976.776373,0,0.000000,53.000000,0.000000,0.030000,0.000000,0.000000,0.000000,-0.180000,8.000000,129.710000
1769105976.776373,0,0.000000,53.020000,0.000000,0.010000,0.000000,0.000000,0.000000,-0.180000,8.000000,129.720000
1769105976.813236,0,0.000000,52.910000,0.000000,0.050000,0.000000,0.000000,0.000000,-0.180000,8.000000,129.740000
1769105976.815007,0,0.000000,52.970000,0.000000,0.000000,0.000000,0.000000,0.000000,-0.180000,8.000000,129.750000
1769105976.816047,0,0.000000,53.020000,0.000000,0.050000,0.000000,0.000000,0.000000,-0.180000,8.000000,129.770000
1769105976.855045,0,0.000000,52.970000,0.000000,0.090000,0.000000,0.000000,0.000000,-0.180000,8.000000,129.770000
1769105976.856082,0,0.000000,52.910000,0.000000,0.070000,0.000000,0.000000,0.000000,-0.180000,8.000000,129.800000
1769105976.890015,0,0.000000,52.970000,0.000000,0.050000,0.000000,0.000000,0.000000,-0.180000,8.000000,129.800000
1769105976.891667,0,0.000000,52.880000,0.000000,0.000000,0.000000,0.000000,0.000000,-0.180000,8.000000,129.830000
1769105976.892705,0,0.000000,53.040000,0.000000,0.050000,0.000000,0.000000,0.000000,-0.180000,8.000000,129.830000
1769105976.928687,0,0.000000,53.000000,0.000000,0.050000,0.000000,0.000000,0.000000,-0.180000,8.000000,129.860000
1769105976.929387,0,0.000000,52.880000,0.000000,0.000000,0.000000,0.000000,0.000000,-0.180000,8.000000,129.860000
1769105976.964069,0,0.000000,52.880000,0.000000,0.030000,0.000000,0.000000,0.000000,-0.180000,8.000000,129.880000
1769105976.965862,0,0.000000,52.990000,0.000000,0.050000,0.000000,0.000000,0.000000,-0.180000,8.000000,129.910000
1769105976.966635,0,0.000000,52.900000,0.000000,-0.020000,0.000000,0.000000,0.000000,-0.180000,8.000000,129.910000
1769105977.005401,0,0.000000,52.900000,0.000000,-0.050000,0.000000,0.000000,0.000000,-0.180000,8.000000,129.940000
1769105977.006196,0,0.000000,52.950000,0.000000,0.000000,0.000000,0.000000,0.000000,-0.180000,8.000000,129.940000
1769105977.007234,0,0.000000,52.900000,0.000000,-0.070000,0.000000,0.000000,0.000000,-0.180000,8.000000,129.970000
1769105977.040827,0,0.000000,52.810000,0.000000,0.030000,0.000000,0.000000,0.000000,-0.180000,8.000000,129.970000
1769105977.042647,0,0.000000,52.900000,0.000000,0.000000,0.000000,0.000000,0.000000,-0.180000,8.000000,130.000000
1769105977.077043,0,0.000000,52.860000,0.000000,0.010000,0.000000,0.000000,0.000000,-0.180000,8.000000,130.000000
1769105977.077647,0,0.000000,52.990000,0.000000,0.030000,0.000000,0.000000,0.000000,-0.180000,8.000000,130.020000
1769105977.110499,0,0.000000,53.020000,0.000000,0.000000,0.000000,0.000000,0.000000,-0.180000,8.000000,130.030000
1769105977.112205,0,0.000000,52.990000,0.000000,0.000000,0.000000,0.000000,0.000000,-0.180000,8.000000,130.050000
1769105977.150638,0,0.000000,52.900000,0.000000,0.010000,0.000000,0.000000,0.000000,-0.180000,8.000000,130.070000
1769105977.151175,0,0.000000,53.000000,0.000000,0.020000,0.000000,0.000000,0.000000,-0.180000,8.000000,130.080000
1769105977.152210,0,0.000000,52.990000,0.000000,0.000000,0.000000,0.000000,0.000000,-0.180000,8.000000,130.100000
1769105977.186594,0,0.000000,53.000000,0.000000,0.070000,0.000000,0.000000,0.000000,-0.180000,8.000000,130.110000
1769105977.186594,0,0.000000,53.020000,0.000000,-0.030000,0.000000,0.000000,0.000000,-0.180000,8.000000,130.130000
1769105977.188391,0,0.000000,52.990000,0.000000,0.000000,0.000000,0.000000,0.000000,-0.180000,8.000000,130.140000
1769105977.221844,0,0.000000,53.000000,0.000000,-0.070000,0.000000,0.000000,0.000000,-0.180000,8.000000,130.160000
1769105977.223610,0,0.000000,53.000000,0.000000,0.000000,0.000000,0.000000,0.000000,-0.180000,8.000000,130.170000
1769105977.260668,0,0.000000,52.900000,0.000000,0.050000,0.000000,0.000000,0.000000,-0.180000,8.000000,130.190000
1769105977.261704,0,0.000000,52.900000,0.000000,0.050000,0.000000,0.000000,0.000000,-0.180000,8.000000,130.210000
1769105977.297203,0,0.000000,52.910000,0.000000,0.050000,0.000000,0.000000,0.000000,-0.180000,8.000000,130.220000
1769105977.298239,0,0.000000,52.970000,0.000000,0.000000,0.000000,0.000000,0.000000,-0.180000,8.000000,130.240000
1769105977.333747,0,0.000000,53.020000,0.000000,0.020000,0.000000,0.000000,0.000000,-0.180000,8.000000,130.250000
1769105977.335747,0,0.000000,52.950000,0.000000,0.100000,0.000000,0.000000,0.000000,-0.180000,8.000000,130.270000
1769105977.336747,0,0.000000,52.910000,0.000000,0.030000,0.000000,0.000000,0.000000,-0.180000,8.000000,130.270000
1769105977.367227,0,0.000000,52.880000,0.000000,0.110000,0.000000,0.000000,0.000000,-0.180000,8.000000,130.280000
1769105977.367991,0,0.000000,52.990000,0.000000,-0.020000,0.000000,0.000000,0.000000,-0.180000,8.000000,130.300000
1769105977.367991,0,0.000000,52.880000,0.000000,0.030000,0.000000,0.000000,0.000000,-0.180000,8.000000,130.330000
1769105977.403485,0,0.000000,52.910000,0.000000,-0.050000,0.000000,0.000000,0.000000,-0.180000,8.000000,130.330000
1769105977.437557,0,0.000000,52.900000,0.000000,0.050000,0.000000,0.000000,0.000000,-0.180000,8.000000,130.360000
1769105977.438564,0,0.000000,53.000000,0.000000,0.020000,0.000000,0.000000,0.000000,-0.180000,8.000000,130.360000
1769105977.439427,0,0.000000,52.900000,0.000000,-0.020000,0.000000,0.000000,0.000000,-0.180000,8.000000,130.380000
1769105977.439427,0,0.000000,52.990000,0.000000,0.000000,0.000000,0.000000,0.000000,-0.180000,8.000000,130.390000
1769105977.480785,0,0.000000,52.970000,0.000000,0.000000,0.000000,0.000000,0.000000,-0.180000,8.000000,130.410000
1769105977.482785,0,0.000000,52.910000,0.000000,-0.010000,0.000000,0.000000,0.000000,-0.180000,8.000000,130.420000
1769105977.515568,0,0.000000,53.000000,0.000000,0.000000,0.000000,0.000000,0.000000,-0.180000,8.000000,130.440000
1769105977.516373,0,0.000000,52.910000,0.000000,0.000000,0.000000,0.000000,0.000000,-0.180000,8.000000,130.460000
1769105977.517409,0,0.000000,52.910000,0.000000,0.010000,0.000000,0.000000,0.000000,-0.180000,8.000000,130.470000
1769105977.551389,0,0.000000,52.860000,0.000000,-0.020000,0.000000,0.000000,0.000000,-0.180000,8.000000,130.490000
1769105977.552171,0,0.000000,52.910000,0.000000,0.050000,0.000000,0.000000,0.000000,-0.180000,8.000000,130.500000
1769105977.589500,0,0.000000,52.970000,0.000000,0.010000,0.000000,0.000000,0.000000,-0.180000,8.000000,130.520000
1769105977.590501,0,0.000000,52.880000,0.000000,0.000000,0.000000,0.000000,0.000000,-0.180000,8.000000,130.530000
1769105977.631945,0,0.000000,52.950000,0.000000,0.090000,0.000000,0.000000,0.000000,-0.180000,8.000000,130.550000
1769105977.632950,0,0.000000,52.860000,0.000000,-0.010000,0.000000,0.000000,0.000000,-0.180000,8.000000,130.570000
1769105977.632950,0,0.000000,52.880000,0.000000,0.000000,0.000000,0.000000,0.000000,-0.180000,8.000000,130.580000
1769105977.668680,0,0.000000,52.910000,0.000000,0.010000,0.000000,0.000000,0.000000,-0.180000,8.000000,130.600000
1769105977.669401,0,0.000000,52.950000,0.000000,-0.050000,0.000000,0.000000,0.000000,-0.180000,8.000000,130.610000
1769105977.705235,0,0.000000,52.910000,0.000000,0.000000,0.000000,0.000000,0.000000,-0.180000,8.000000,130.630000
1769105977.705999,0,0.000000,52.880000,0.000000,-0.020000,0.000000,0.000000,0.000000,-0.180000,8.000000,130.630000
1769105977.707035,0,0.000000,53.000000,0.000000,0.010000,0.000000,0.000000,0.000000,-0.180000,8.000000,130.660000
1769105977.742838,0,0.000000,52.910000,0.000000,0.010000,0.000000,0.000000,0.000000,-0.180000,8.000000,130.660000
1769105977.743840,0,0.000000,52.860000,0.000000,0.050000,0.000000,0.000000,0.000000,-0.170000,8.000000,130.690000
1769105977.744838,0,0.000000,52.900000,0.000000,-0.020000,0.000000,0.000000,0.000000,-0.180000,8.000000,130.710000
1769105977.782887,0,0.000000,53.000000,0.000000,0.110000,0.000000,0.000000,0.000000,-0.180000,8.000000,130.720000
1769105977.784630,0,0.000000,52.950000,0.000000,0.000000,0.000000,0.000000,0.000000,-0.180000,8.000000,130.740000
1769105977.821978,0,0.000000,52.910000,0.000000,0.000000,0.000000,0.000000,0.000000,-0.180000,8.000000,130.750000
1769105977.822975,0,0.000000,52.970000,0.000000,0.090000,0.000000,0.000000,0.000000,-0.180000,8.000000,130.770000
1769105977.859926,0,0.000000,52.970000,0.000000,-0.050000,0.000000,0.000000,0.000000,-0.180000,8.000000,130.770000
1769105977.859926,0,0.000000,52.900000,0.000000,0.010000,0.000000,0.000000,0.000000,-0.180000,8.000000,130.800000
1769105977.895513,0,0.000000,52.950000,0.000000,-0.050000,0.000000,0.000000,0.000000,-0.180000,8.000000,130.800000
1769105977.896278,0,0.000000,52.900000,0.000000,-0.150000,0.000000,0.000000,0.000000,-0.180000,8.000000,130.830000
1769105977.897286,0,0.000000,52.910000,0.000000,0.050000,0.000000,0.000000,0.000000,-0.180000,8.000000,130.830000
1769105977.933132,0,0.000000,52.910000,0.000000,0.000000,0.000000,0.000000,0.000000,-0.180000,8.000000,130.860000
1769105977.933809,0,0.000000,52.900000,0.000000,-0.010000,0.000000,0.000000,0.000000,-0.180000,8.000000,130.860000
1769105977.935607,0,0.000000,52.900000,0.000000,0.100000,0.000000,0.000000,0.000000,-0.180000,8.000000,130.880000
1769105977.976924,0,0.000000,52.950000,0.000000,-0.010000,0.000000,0.000000,0.000000,-0.180000,8.000000,130.890000
1769105977.978697,0,0.000000,52.900000,0.000000,0.000000,0.000000,0.000000,0.000000,-0.180000,8.000000,130.910000
1769105978.011984,0,0.000000,52.910000,0.000000,0.020000,0.000000,0.000000,0.000000,-0.180000,8.000000,130.940000
1769105978.011984,0,0.000000,52.910000,0.000000,0.050000,0.000000,0.000000,0.000000,-0.180000,8.000000,130.940000
1769105978.042605,0,0.000000,52.910000,0.000000,0.000000,0.000000,0.000000,0.000000,-0.180000,8.000000,130.960000
1769105978.043641,0,0.000000,52.990000,0.000000,0.010000,0.000000,0.000000,0.000000,-0.180000,8.000000,130.970000
1769105978.044642,0,0.000000,52.910000,0.000000,-0.020000,0.000000,0.000000,0.000000,-0.180000,8.000000,130.990000
1769105978.073638,0,0.000000,52.900000,0.000000,0.000000,0.000000,0.000000,0.000000,-0.180000,8.000000,131.000000
1769105978.074639,0,0.000000,52.910000,0.000000,0.000000,0.000000,0.000000,0.000000,-0.180000,8.000000,131.020000
1769105978.075638,0,0.000000,52.900000,0.000000,0.000000,0.000000,0.000000,0.000000,-0.180000,8.000000,131.030000
1769105978.108241,0,0.000000,52.950000,0.000000,0.000000,0.000000,0.000000,0.000000,-0.180000,8.000000,131.050000
1769105978.109241,0,0.000000,53.000000,0.000000,0.000000,0.000000,0.000000,0.000000,-0.180000,8.000000,131.070000
1769105978.148787,0,0.000000,52.950000,0.000000,0.000000,0.000000,0.000000,0.000000,-0.180000,8.000000,131.080000
1769105978.178597,0,0.000000,53.040000,0.000000,0.000000,0.000000,0.000000,0.000000,-0.180000,8.000000,131.100000
1769105978.179634,0,0.000000,52.910000,0.000000,0.010000,0.000000,0.000000,0.000000,-0.180000,8.000000,131.110000
1769105978.180420,0,0.000000,52.910000,0.000000,0.000000,0.000000,0.000000,0.000000,-0.180000,8.000000,131.130000
1769105978.181455,0,0.000000,52.910000,0.000000,0.000000,0.000000,0.000000,0.000000,-0.180000,8.000000,131.130000
1769105978.215768,0,0.000000,52.860000,0.000000,0.050000,0.000000,0.000000,0.000000,-0.180000,8.000000,131.160000
1769105978.216768,0,0.000000,52.970000,0.000000,-0.010000,0.000000,0.000000,0.000000,-0.180000,8.000000,131.170000
1769105978.252884,0,0.000000,52.900000,0.000000,0.070000,0.000000,0.000000,0.000000,-0.180000,8.000000,131.190000
1769105978.254240,0,0.000000,52.910000,0.000000,-0.050000,0.000000,0.000000,0.000000,-0.180000,8.000000,131.210000
1769105978.288379,0,0.000000,52.950000,0.000000,-0.020000,0.000000,0.000000,0.000000,-0.180000,8.000000,131.220000
1769105978.289378,0,0.000000,52.900000,0.000000,-0.020000,0.000000,0.000000,0.000000,-0.180000,8.000000,131.240000
1769105978.329455,0,0.000000,52.950000,0.000000,-0.030000,0.000000,0.000000,0.000000,-0.180000,8.000000,131.250000
1769105978.329959,0,0.000000,52.860000,0.000000,0.000000,0.000000,0.000000,0.000000,-0.180000,8.000000,131.270000
1769105978.331985,0,0.000000,52.880000,0.000000,-0.100000,0.000000,0.000000,0.000000,-0.180000,8.000000,131.270000
1769105978.367172,0,0.000000,52.950000,0.000000,0.010000,0.000000,0.000000,0.000000,-0.180000,8.000000,131.300000
1769105978.368173,0,0.000000,52.910000,0.000000,0.000000,0.000000,0.000000,0.000000,-0.180000,8.000000,131.300000
1769105978.402077,0,0.000000,52.910000,0.000000,0.010000,0.000000,0.000000,0.000000,-0.180000,8.000000,131.330000
1769105978.403865,0,0.000000,52.950000,0.000000,0.000000,0.000000,0.000000,0.000000,-0.180000,8.000000,131.350000
1769105978.438097,0,0.000000,52.900000,0.000000,0.010000,0.000000,0.000000,0.000000,-0.180000,8.000000,131.360000
1769105978.439476,0,0.000000,52.880000,0.000000,0.000000,0.000000,0.000000,0.000000,-0.180000,8.000000,131.380000
1769105978.439981,0,0.000000,52.900000,0.000000,0.000000,0.000000,0.000000,0.000000,-0.180000,8.000000,131.380000
1769105978.476632,0,0.000000,52.900000,0.000000,-0.070000,0.000000,0.000000,0.000000,-0.180000,8.000000,131.410000
1769105978.477272,0,0.000000,52.910000,0.000000,0.000000,0.000000,0.000000,0.000000,-0.180000,8.000000,131.410000
1769105978.519565,0,0.000000,52.860000,0.000000,-0.070000,0.000000,0.000000,0.000000,-0.180000,8.000000,131.440000
1769105978.520069,0,0.000000,52.910000,0.000000,0.000000,0.000000,0.000000,0.000000,-0.180000,8.000000,131.440000
1769105978.521077,0,0.000000,52.880000,0.000000,0.070000,0.000000,0.000000,0.000000,-0.180000,8.000000,131.470000
1769105978.551605,0,0.000000,52.910000,0.000000,0.000000,0.000000,0.000000,0.000000,-0.180000,8.000000,131.470000
1769105978.552604,0,0.000000,52.910000,0.000000,-0.050000,0.000000,0.000000,0.000000,-0.180000,8.000000,131.500000
1769105978.552604,0,0.000000,52.900000,0.000000,-0.010000,0.000000,0.000000,0.000000,-0.170000,8.000000,131.500000
1769105978.586902,0,0.000000,52.900000,0.000000,-0.150000,0.000000,0.000000,0.000000,-0.180000,8.000000,131.520000
1769105978.587906,0,0.000000,52.900000,0.000000,0.010000,0.000000,0.000000,0.000000,-0.180000,8.000000,131.530000
1769105978.621968,0,0.000000,52.910000,0.000000,0.000000,0.000000,0.000000,0.000000,-0.180000,8.000000,131.550000
1769105978.621968,0,0.000000,52.880000,0.000000,-0.010000,0.000000,0.000000,0.000000,-0.180000,8.000000,131.580000
1769105978.656768,0,0.000000,52.910000,0.000000,0.000000,0.000000,0.000000,0.000000,-0.180000,8.000000,131.580000
1769105978.657773,0,0.000000,52.950000,0.000000,-0.010000,0.000000,0.000000,0.000000,-0.180000,8.000000,131.610000
1769105978.658774,0,0.000000,52.950000,0.000000,0.000000,0.000000,0.000000,0.000000,-0.180000,8.000000,131.610000
1769105978.699785,0,0.000000,53.000000,0.000000,0.000000,0.000000,0.000000,0.000000,-0.180000,8.000000,131.630000
1769105978.701563,0,0.000000,52.910000,0.000000,0.000000,0.000000,0.000000,0.000000,-0.180000,8.000000,131.640000
1769105978.736674,0,0.000000,52.910000,0.000000,0.000000,0.000000,0.000000,0.000000,-0.180000,8.000000,131.660000
1769105978.736674,0,0.000000,52.880000,0.000000,0.000000,0.000000,0.000000,0.000000,-0.180000,8.000000,131.670000
1769105978.768378,0,0.000000,52.880000,0.000000,0.000000,0.000000,0.000000,0.000000,-0.180000,8.000000,131.690000
1769105978.769145,0,0.000000,52.910000,0.000000,-0.020000,0.000000,0.000000,0.000000,-0.180000,8.000000,131.710000
1769105978.770182,0,0.000000,52.900000,0.000000,-0.020000,0.000000,0.000000,0.000000,-0.180000,8.000000,131.720000
1769105978.804866,0,0.000000,52.900000,0.000000,0.070000,0.000000,0.000000,0.000000,-0.180000,8.000000,131.740000
1769105978.805720,0,0.000000,52.880000,0.000000,-0.030000,0.000000,0.000000,0.000000,-0.180000,8.000000,131.750000
1769105978.806727,0,0.000000,52.910000,0.000000,0.050000,0.000000,0.000000,0.000000,-0.180000,8.000000,131.770000
1769105978.841303,0,0.000000,52.900000,0.000000,-0.050000,0.000000,0.000000,0.000000,-0.180000,8.000000,131.780000
1769105978.882023,0,0.000000,52.880000,0.000000,-0.030000,0.000000,0.000000,0.000000,-0.170000,8.000000,131.800000
1769105978.882023,0,0.000000,52.900000,0.000000,-0.050000,0.000000,0.000000,0.000000,-0.180000,8.000000,131.820000
1769105978.883032,0,0.000000,52.880000,0.000000,0.050000,0.000000,0.000000,0.000000,-0.180000,8.000000,131.830000
1769105978.917357,0,0.000000,52.910000,0.000000,0.000000,0.000000,0.000000,0.000000,-0.180000,8.000000,131.850000
1769105978.918019,0,0.000000,52.900000,0.000000,0.010000,0.000000,0.000000,0.000000,-0.180000,8.000000,131.860000
1769105978.954314,0,0.000000,52.910000,0.000000,0.000000,0.000000,0.000000,0.000000,-0.180000,8.000000,131.880000
1769105978.955098,0,0.000000,52.910000,0.000000,0.000000,0.000000,0.000000,0.000000,-0.180000,8.000000,131.880000
1769105978.956102,0,0.000000,52.900000,0.000000,0.070000,0.000000,0.000000,0.000000,-0.180000,8.000000,131.910000
1769105978.990508,0,0.000000,52.900000,0.000000,-0.050000,0.000000,0.000000,0.000000,-0.180000,8.000000,131.910000
1769105978.991516,0,0.000000,52.950000,0.000000,0.000000,0.000000,0.000000,0.000000,-0.180000,8.000000,131.940000
1769105979.025962,0,0.000000,52.900000,0.000000,-0.010000,0.000000,0.000000,0.000000,-0.180000,8.000000,131.960000
1769105979.026960,0,0.000000,52.910000,0.000000,0.000000,0.000000,0.000000,0.000000,-0.180000,8.000000,131.970000
1769105979.065634,0,0.000000,52.900000,0.000000,0.000000,0.000000,0.000000,0.000000,-0.180000,8.000000,131.990000
1769105979.066671,0,0.000000,52.900000,0.000000,0.000000,0.000000,0.000000,0.000000,-0.180000,8.000000,132.000000
1769105979.067670,0,0.000000,52.880000,0.000000,-0.010000,0.000000,0.000000,0.000000,-0.180000,8.000000,132.020000
1769105979.100736,0,0.000000,52.900000,0.000000,0.000000,0.000000,0.000000,0.000000,-0.180000,8.000000,132.020000
1769105979.101736,0,0.000000,52.860000,0.000000,0.000000,0.000000,0.000000,0.000000,-0.180000,8.000000,132.050000
1769105979.101736,0,0.000000,52.900000,0.000000,0.020000,0.000000,0.000000,0.000000,-0.180000,8.000000,132.050000
1769105979.137341,0,0.000000,52.900000,0.000000,0.050000,0.000000,0.000000,0.000000,-0.180000,8.000000,132.080000
1769105979.138611,0,0.000000,52.880000,0.000000,0.050000,0.000000,0.000000,0.000000,-0.180000,8.000000,132.080000
1769105979.172761,0,0.000000,52.900000,0.000000,0.050000,0.000000,0.000000,0.000000,-0.180000,8.000000,132.110000
1769105979.172761,0,0.000000,52.950000,0.000000,0.010000,0.000000,0.000000,0.000000,-0.180000,8.000000,132.110000
1769105979.209977,0,0.000000,52.860000,0.000000,0.000000,0.000000,0.000000,0.000000,-0.180000,8.000000,132.130000
1769105979.209977,0,0.000000,52.910000,0.000000,-0.020000,0.000000,0.000000,0.000000,-0.180000,8.000000,132.140000
1769105979.242125,0,0.000000,52.910000,0.000000,0.070000,0.000000,0.000000,0.000000,-0.180000,8.000000,132.160000
1769105979.242914,0,0.000000,52.860000,0.000000,0.050000,0.000000,0.000000,0.000000,-0.180000,8.000000,132.190000
1769105979.242914,0,0.000000,52.910000,0.000000,0.000000,0.000000,0.000000,0.000000,-0.180000,8.000000,132.190000
1769105979.276979,0,0.000000,52.910000,0.000000,-0.020000,0.000000,0.000000,0.000000,-0.180000,8.000000,132.220000
1769105979.276979,0,0.000000,52.880000,0.000000,-0.050000,0.000000,0.000000,0.000000,-0.180000,8.000000,132.220000
1769105979.278017,0,0.000000,52.880000,0.000000,-0.030000,0.000000,0.000000,0.000000,-0.180000,8.000000,132.240000
1769105979.314403,0,0.000000,52.910000,0.000000,0.010000,0.000000,0.000000,0.000000,-0.180000,8.000000,132.250000
1769105979.346634,0,0.000000,52.950000,0.000000,0.000000,0.000000,0.000000,0.000000,-0.180000,8.000000,132.270000
1769105979.348424,0,0.000000,52.900000,0.000000,0.000000,0.000000,0.000000,0.000000,-0.180000,8.000000,132.280000
1769105979.349469,0,0.000000,52.880000,0.000000,0.010000,0.000000,0.000000,0.000000,-0.180000,8.000000,132.300000
1769105979.387181,0,0.000000,52.860000,0.000000,-0.010000,0.000000,0.000000,0.000000,-0.180000,8.000000,132.320000
1769105979.388149,0,0.000000,52.880000,0.000000,0.000000,0.000000,0.000000,0.000000,-0.180000,8.000000,132.330000
1769105979.417954,0,0.000000,52.880000,0.000000,0.000000,0.000000,0.000000,0.000000,-0.180000,8.000000,132.350000
1769105979.418953,0,0.000000,52.880000,0.000000,0.000000,0.000000,0.000000,0.000000,-0.180000,8.000000,132.360000
1769105979.449756,0,0.000000,52.900000,0.000000,0.000000,0.000000,0.000000,0.000000,-0.180000,8.000000,132.380000
1769105979.450759,0,0.000000,52.900000,0.000000,0.020000,0.000000,0.000000,0.000000,-0.180000,8.000000,132.380000
1769105979.451756,0,0.000000,52.970000,0.000000,0.000000,0.000000,0.000000,0.000000,-0.180000,8.000000,132.410000
1769105979.486618,0,0.000000,52.900000,0.000000,0.020000,0.000000,0.000000,0.000000,-0.170000,8.000000,132.410000
1769105979.488334,0,0.000000,52.910000,0.000000,0.010000,0.000000,0.000000,0.000000,-0.180000,8.000000,132.440000
1769105979.523331,0,0.000000,52.880000,0.000000,0.000000,0.000000,0.000000,0.000000,-0.180000,8.000000,132.460000
1769105979.524327,0,0.000000,52.950000,0.000000,-0.050000,0.000000,0.000000,0.000000,-0.180000,8.000000,132.470000
1769105979.559313,0,0.000000,52.900000,0.000000,0.000000,0.000000,0.000000,0.000000,-0.180000,8.000000,132.490000
1769105979.560358,0,0.000000,52.950000,0.000000,0.000000,0.000000,0.000000,0.000000,-0.180000,8.000000,132.500000
1769105979.561106,0,0.000000,52.880000,0.000000,0.010000,0.000000,0.000000,0.000000,-0.180000,8.000000,132.520000
1769105979.598219,0,0.000000,52.900000,0.000000,0.000000,0.000000,0.000000,0.000000,-0.180000,8.000000,132.520000
1769105979.599569,0,0.000000,52.950000,0.000000,0.000000,0.000000,0.000000,0.000000,-0.180000,8.000000,132.550000
1769105979.633959,0,0.000000,52.880000,0.000000,0.000000,0.000000,0.000000,0.000000,-0.180000,8.000000,132.550000
1769105979.634747,0,0.000000,52.910000,0.000000,0.000000,0.000000,0.000000,0.000000,-0.170000,8.000000,132.580000
1769105979.635786,0,0.000000,52.910000,0.000000,0.030000,0.000000,0.000000,0.000000,-0.180000,8.000000,132.580000
1769105979.667574,0,0.000000,52.880000,0.000000,0.010000,0.000000,0.000000,0.000000,-0.180000,8.000000,132.610000
1769105979.668354,0,0.000000,52.900000,0.000000,0.010000,0.000000,0.000000,0.000000,-0.180000,8.000000,132.610000
1769105979.668354,0,0.000000,52.910000,0.000000,-0.020000,0.000000,0.000000,0.000000,-0.180000,8.000000,132.630000
1769105979.703795,0,0.000000,52.910000,0.000000,-0.020000,0.000000,0.000000,0.000000,-0.180000,8.000000,132.640000
1769105979.704797,0,0.000000,52.910000,0.000000,0.000000,0.000000,0.000000,0.000000,-0.180000,8.000000,132.660000
1769105979.741716,0,0.000000,52.900000,0.000000,0.070000,0.000000,0.000000,0.000000,-0.180000,8.000000,132.670000
1769105979.742721,0,0.000000,52.900000,0.000000,-0.070000,0.000000,0.000000,0.000000,-0.180000,8.000000,132.690000
1769105979.781666,0,0.000000,52.990000,0.000000,-0.010000,0.000000,0.000000,0.000000,-0.180000,8.000000,132.710000
1769105979.782704,0,0.000000,52.880000,0.000000,0.000000,0.000000,0.000000,0.000000,-0.180000,8.000000,132.720000
1769105979.813986,0,0.000000,52.880000,0.000000,0.050000,0.000000,0.000000,0.000000,-0.180000,8.000000,132.740000
1769105979.814981,0,0.000000,52.900000,0.000000,0.000000,0.000000,0.000000,0.000000,-0.180000,8.000000,132.750000
1769105979.815583,0,0.000000,52.910000,0.000000,0.010000,0.000000,0.000000,0.000000,-0.180000,8.000000,132.770000
1769105979.850646,0,0.000000,52.880000,0.000000,0.050000,0.000000,0.000000,0.000000,-0.180000,8.000000,132.770000
1769105979.851639,0,0.000000,52.880000,0.000000,0.010000,0.000000,0.000000,0.000000,-0.180000,8.000000,132.800000
1769105979.886303,0,0.000000,52.910000,0.000000,-0.070000,0.000000,0.000000,0.000000,-0.180000,8.000000,132.820000
1769105979.887340,0,0.000000,52.950000,0.000000,-0.070000,0.000000,0.000000,0.000000,-0.180000,8.000000,132.830000
1769105979.888093,0,0.000000,52.970000,0.000000,-0.010000,0.000000,0.000000,0.000000,-0.180000,8.000000,132.830000
1769105979.923358,0,0.000000,52.880000,0.000000,0.000000,0.000000,0.000000,0.000000,-0.180000,8.000000,132.860000
1769105979.925137,0,0.000000,52.910000,0.000000,0.070000,0.000000,0.000000,0.000000,-0.180000,8.000000,132.880000
1769105979.962537,0,0.000000,52.900000,0.000000,0.000000,0.000000,0.000000,0.000000,-0.180000,8.000000,132.880000
1769105979.964380,0,0.000000,52.910000,0.000000,0.000000,0.000000,0.000000,0.000000,-0.180000,8.000000,132.910000
1769105979.965386,0,0.000000,52.900000,0.000000,0.100000,0.000000,0.000000,0.000000,-0.180000,8.000000,132.910000
1769105980.000177,0,0.000000,52.900000,0.000000,-0.010000,0.000000,0.000000,0.000000,-0.180000,8.000000,132.940000
1769105980.000943,0,0.000000,52.900000,0.000000,-0.020000,0.000000,0.000000,0.000000,-0.180000,8.000000,132.940000
1769105980.031861,0,0.000000,52.970000,0.000000,0.030000,0.000000,0.000000,0.000000,-0.180000,8.000000,132.970000
1769105980.064747,0,0.000000,52.900000,0.000000,0.000000,0.000000,0.000000,0.000000,-0.180000,8.000000,132.970000
1769105980.065748,0,0.000000,52.970000,0.000000,0.050000,0.000000,0.000000,0.000000,-0.180000,8.000000,133.000000
1769105980.066746,0,0.000000,52.790000,0.000000,0.000000,0.000000,0.000000,0.000000,-0.180000,8.000000,133.020000
1769105980.067749,0,0.000000,52.910000,0.000000,0.000000,0.000000,0.000000,0.000000,-0.180000,8.000000,133.020000
1769105980.104344,0,0.000000,52.900000,0.000000,0.030000,0.000000,0.000000,0.000000,-0.180000,8.000000,133.030000
1769105980.105092,0,0.000000,53.090000,0.000000,0.000000,0.000000,0.000000,0.000000,-0.180000,8.000000,133.050000
1769105980.150129,0,0.000000,52.910000,0.000000,0.000000,0.000000,0.000000,0.000000,-0.180000,8.000000,133.080000
1769105980.151166,0,0.000000,52.950000,0.000000,0.050000,0.000000,0.000000,0.000000,-0.180000,8.000000,133.080000
1769105980.182599,0,0.000000,52.970000,0.000000,0.000000,0.000000,0.000000,0.000000,-0.180000,8.000000,133.110000
1769105980.183332,0,0.000000,52.950000,0.000000,0.000000,0.000000,0.000000,0.000000,-0.180000,8.000000,133.110000
1769105980.184369,0,0.000000,52.950000,0.000000,0.070000,0.000000,0.000000,0.000000,-0.180000,8.000000,133.130000
1769105980.219578,0,0.000000,52.900000,0.000000,-0.020000,0.000000,0.000000,0.000000,-0.180000,8.000000,133.140000
1769105980.221115,0,0.000000,52.900000,0.000000,-0.010000,0.000000,0.000000,0.000000,-0.180000,8.000000,133.160000
1769105980.256601,0,0.000000,53.020000,0.000000,-0.090000,0.000000,0.000000,0.000000,-0.180000,8.000000,133.170000
1769105980.257106,0,0.000000,52.900000,0.000000,-0.050000,0.000000,0.000000,0.000000,-0.180000,8.000000,133.190000
1769105980.258115,0,0.000000,52.900000,0.000000,-0.020000,0.000000,0.000000,0.000000,-0.180000,8.000000,133.210000
1769105980.292119,0,0.000000,52.900000,0.000000,0.020000,0.000000,0.000000,0.000000,-0.180000,8.000000,133.220000
1769105980.293155,0,0.000000,52.880000,0.000000,0.000000,0.000000,0.000000,0.000000,-0.180000,8.000000,133.240000
1769105980.324501,0,0.000000,52.910000,0.000000,0.030000,0.000000,0.000000,0.000000,-0.180000,8.000000,133.250000
1769105980.325501,0,0.000000,53.000000,0.000000,-0.070000,0.000000,0.000000,0.000000,-0.180000,8.000000,133.270000
1769105980.361529,0,0.000000,52.900000,0.000000,0.000000,0.000000,0.000000,0.000000,-0.180000,8.000000,133.280000
1769105980.362529,0,0.000000,52.910000,0.000000,0.000000,0.000000,0.000000,0.000000,-0.180000,8.000000,133.300000
1769105980.363533,0,0.000000,52.880000,0.000000,0.010000,0.000000,0.000000,0.000000,-0.180000,8.000000,133.320000
1769105980.393964,0,0.000000,52.950000,0.000000,0.020000,0.000000,0.000000,0.000000,-0.180000,8.000000,133.330000
1769105980.394969,0,0.000000,52.880000,0.000000,0.100000,0.000000,0.000000,0.000000,-0.180000,8.000000,133.350000
1769105980.431593,0,0.000000,52.950000,0.000000,0.030000,0.000000,0.000000,0.000000,-0.180000,8.000000,133.360000
1769105980.432627,0,0.000000,52.880000,0.000000,0.020000,0.000000,0.000000,0.000000,-0.180000,8.000000,133.380000
1769105980.433629,0,0.000000,52.910000,0.000000,0.000000,0.000000,0.000000,0.000000,-0.180000,8.000000,133.390000
1769105980.467581,0,0.000000,52.900000,0.000000,0.000000,0.000000,0.000000,0.000000,-0.180000,8.000000,133.410000
1769105980.504258,0,0.000000,52.900000,0.000000,-0.010000,0.000000,0.000000,0.000000,-0.180000,8.000000,133.420000
1769105980.505295,0,0.000000,52.910000,0.000000,0.000000,0.000000,0.000000,0.000000,-0.180000,8.000000,133.440000
1769105980.506132,0,0.000000,52.950000,0.000000,0.050000,0.000000,0.000000,0.000000,-0.180000,8.000000,133.460000
1769105980.541280,0,0.000000,52.900000,0.000000,-0.020000,0.000000,0.000000,0.000000,-0.180000,8.000000,133.470000
1769105980.542280,0,0.000000,52.880000,0.000000,-0.010000,0.000000,0.000000,0.000000,-0.180000,8.000000,133.490000
1769105980.574450,0,0.000000,52.880000,0.000000,-0.010000,0.000000,0.000000,0.000000,-0.180000,8.000000,133.500000
1769105980.575450,0,0.000000,52.860000,0.000000,0.010000,0.000000,0.000000,0.000000,-0.180000,8.000000,133.520000
1769105980.576450,0,0.000000,52.880000,0.000000,0.000000,0.000000,0.000000,0.000000,-0.180000,8.000000,133.530000
1769105980.610053,0,0.000000,52.880000,0.000000,0.010000,0.000000,0.000000,0.000000,-0.180000,8.000000,133.550000
1769105980.611057,0,0.000000,52.950000,0.000000,0.020000,0.000000,0.000000,0.000000,-0.180000,8.000000,133.570000
1769105980.648334,0,0.000000,52.880000,0.000000,0.030000,0.000000,0.000000,0.000000,-0.180000,8.000000,133.580000
1769105980.650440,0,0.000000,52.970000,0.000000,-0.050000,0.000000,0.000000,0.000000,-0.180000,8.000000,133.600000
1769105980.684924,0,0.000000,52.910000,0.000000,0.070000,0.000000,0.000000,0.000000,-0.170000,8.000000,133.610000
1769105980.686691,0,0.000000,52.860000,0.000000,-0.010000,0.000000,0.000000,0.000000,-0.180000,8.000000,133.630000
1769105980.687729,0,0.000000,52.910000,0.000000,0.000000,0.000000,0.000000,0.000000,-0.180000,8.000000,133.630000
1769105980.726243,0,0.000000,52.910000,0.000000,0.010000,0.000000,0.000000,0.000000,-0.180000,8.000000,133.660000
1769105980.727248,0,0.000000,52.950000,0.000000,0.050000,0.000000,0.000000,0.000000,-0.180000,8.000000,133.660000
1769105980.759877,0,0.000000,52.840000,0.000000,0.000000,0.000000,0.000000,0.000000,-0.180000,8.000000,133.690000
1769105980.760885,0,0.000000,52.860000,0.000000,0.030000,0.000000,0.000000,0.000000,-0.170000,8.000000,133.690000
1769105980.762669,0,0.000000,52.970000,0.000000,0.070000,0.000000,0.000000,0.000000,-0.180000,8.000000,133.720000
1769105980.798462,0,0.000000,52.880000,0.000000,0.000000,0.000000,0.000000,0.000000,-0.180000,8.000000,133.720000
1769105980.799462,0,0.000000,53.020000,0.000000,0.000000,0.000000,0.000000,0.000000,-0.180000,8.000000,133.750000
1769105980.835125,0,0.000000,52.900000,0.000000,0.000000,0.000000,0.000000,0.000000,-0.180000,8.000000,133.750000
1769105980.835891,0,0.000000,52.900000,0.000000,0.000000,0.000000,0.000000,0.000000,-0.180000,8.000000,133.770000
1769105980.836927,0,0.000000,52.910000,0.000000,0.000000,0.000000,0.000000,0.000000,-0.180000,8.000000,133.780000
1769105980.867695,0,0.000000,52.860000,0.000000,0.030000,0.000000,0.000000,0.000000,-0.170000,8.000000,133.800000
1769105980.868731,0,0.000000,52.950000,0.000000,0.020000,0.000000,0.000000,0.000000,-0.180000,8.000000,133.820000
1769105980.902393,0,0.000000,52.900000,0.000000,-0.050000,0.000000,0.000000,0.000000,-0.180000,8.000000,133.830000
1769105980.904203,0,0.000000,52.900000,0.000000,0.000000,0.000000,0.000000,0.000000,-0.180000,8.000000,133.850000
1769105980.937836,0,0.000000,52.950000,0.000000,0.030000,0.000000,0.000000,0.000000,-0.180000,8.000000,133.860000
1769105980.937836,0,0.000000,52.950000,0.000000,0.000000,0.000000,0.000000,0.000000,-0.170000,8.000000,133.880000
1769105980.974688,0,0.000000,52.860000,0.000000,-0.050000,0.000000,0.000000,0.000000,-0.180000,8.000000,133.890000
1769105980.975687,0,0.000000,52.910000,0.000000,0.020000,0.000000,0.000000,0.000000,-0.180000,8.000000,133.910000
1769105980.976690,0,0.000000,52.910000,0.000000,0.090000,0.000000,0.000000,0.000000,-0.180000,8.000000,133.910000
1769105980.978690,0,0.000000,52.910000,0.000000,0.000000,0.000000,0.000000,0.000000,-0.180000,8.000000,133.940000
1769105981.015711,0,0.000000,52.950000,0.000000,0.030000,0.000000,0.000000,0.000000,-0.180000,8.000000,133.960000
1769105981.016715,0,0.000000,52.880000,0.000000,0.070000,0.000000,0.000000,0.000000,-0.180000,8.000000,133.970000
1769105981.048974,0,0.000000,52.950000,0.000000,0.000000,0.000000,0.000000,0.000000,-0.180000,8.000000,133.990000
1769105981.049692,0,0.000000,52.910000,0.000000,0.030000,0.000000,0.000000,0.000000,-0.180000,8.000000,134.000000
1769105981.084433,0,0.000000,52.880000,0.000000,0.010000,0.000000,0.000000,0.000000,-0.180000,8.000000,134.020000
1769105981.085433,0,0.000000,52.910000,0.000000,0.050000,0.000000,0.000000,0.000000,-0.170000,8.000000,134.020000
1769105981.121165,0,0.000000,52.910000,0.000000,0.000000,0.000000,0.000000,0.000000,-0.180000,8.000000,134.050000
1769105981.122172,0,0.000000,52.900000,0.000000,0.070000,0.000000,0.000000,0.000000,-0.180000,8.000000,134.050000
1769105981.158649,0,0.000000,52.880000,0.000000,0.000000,0.000000,0.000000,0.000000,-0.180000,8.000000,134.080000
1769105981.159655,0,0.000000,52.910000,0.000000,0.050000,0.000000,0.000000,0.000000,-0.180000,8.000000,134.080000
1769105981.161141,0,0.000000,52.880000,0.000000,0.050000,0.000000,0.000000,0.000000,-0.180000,8.000000,134.110000
1769105981.195623,0,0.000000,52.910000,0.000000,0.100000,0.000000,0.000000,0.000000,-0.180000,8.000000,134.110000
1769105981.197134,0,0.000000,52.860000,0.000000,0.050000,0.000000,0.000000,0.000000,-0.180000,8.000000,134.130000
1769105981.230479,0,0.000000,52.900000,0.000000,0.000000,0.000000,0.000000,0.000000,-0.180000,8.000000,134.140000
1769105981.231376,0,0.000000,52.900000,0.000000,0.070000,0.000000,0.000000,0.000000,-0.180000,8.000000,134.160000
1769105981.232386,0,0.000000,52.880000,0.000000,0.050000,0.000000,0.000000,0.000000,-0.180000,8.000000,134.170000
1769105981.265253,0,0.000000,52.910000,0.000000,0.010000,0.000000,0.000000,0.000000,-0.180000,8.000000,134.190000
1769105981.266252,0,0.000000,52.900000,0.000000,0.000000,0.000000,0.000000,0.000000,-0.180000,8.000000,134.210000
1769105981.266941,0,0.000000,52.880000,0.000000,0.050000,0.000000,0.000000,0.000000,-0.180000,8.000000,134.220000
1769105981.299378,0,0.000000,52.900000,0.000000,0.020000,0.000000,0.000000,0.000000,-0.180000,8.000000,134.240000
1769105981.300108,0,0.000000,52.910000,0.000000,0.000000,0.000000,0.000000,0.000000,-0.170000,8.000000,134.250000
1769105981.340429,0,0.000000,52.880000,0.000000,0.030000,0.000000,0.000000,0.000000,-0.180000,8.000000,134.270000
1769105981.341426,0,0.000000,52.970000,0.000000,0.070000,0.000000,0.000000,0.000000,-0.180000,8.000000,134.280000
1769105981.372417,0,0.000000,52.880000,0.000000,0.000000,0.000000,0.000000,0.000000,-0.180000,8.000000,134.300000
1769105981.373421,0,0.000000,52.950000,0.000000,0.000000,0.000000,0.000000,0.000000,-0.180000,8.000000,134.320000
1769105981.411835,0,0.000000,52.880000,0.000000,0.010000,0.000000,0.000000,0.000000,-0.180000,8.000000,134.330000
1769105981.412503,0,0.000000,52.900000,0.000000,0.010000,0.000000,0.000000,0.000000,-0.180000,8.000000,134.350000
1769105981.413507,0,0.000000,52.910000,0.000000,0.000000,0.000000,0.000000,0.000000,-0.180000,8.000000,134.360000
1769105981.452569,0,0.000000,52.910000,0.000000,0.000000,0.000000,0.000000,0.000000,-0.180000,8.000000,134.380000
1769105981.454227,0,0.000000,52.950000,0.000000,0.000000,0.000000,0.000000,0.000000,-0.180000,8.000000,134.390000
1769105981.495645,0,0.000000,52.910000,0.000000,0.000000,0.000000,0.000000,0.000000,-0.180000,8.000000,134.410000
1769105981.497484,0,0.000000,52.950000,0.000000,-0.020000,0.000000,0.000000,0.000000,-0.180000,8.000000,134.420000
1769105981.498490,0,0.000000,52.950000,0.000000,0.070000,0.000000,0.000000,0.000000,-0.180000,8.000000,134.440000
1769105981.536817,0,0.000000,52.900000,0.000000,0.000000,0.000000,0.000000,0.000000,-0.180000,8.000000,134.460000
1769105981.536817,0,0.000000,52.900000,0.000000,0.000000,0.000000,0.000000,0.000000,-0.180000,8.000000,134.470000
1769105981.537817,0,0.000000,52.900000,0.000000,-0.010000,0.000000,0.000000,0.000000,-0.180000,8.000000,134.490000
1769105981.579944,0,0.000000,52.950000,0.000000,0.050000,0.000000,0.000000,0.000000,-0.180000,8.000000,134.500000
1769105981.581457,0,0.000000,52.900000,0.000000,0.050000,0.000000,0.000000,0.000000,-0.180000,8.000000,134.520000
1769105981.582246,0,0.000000,52.950000,0.000000,0.000000,0.000000,0.000000,0.000000,-0.180000,8.000000,134.520000
1769105981.616265,0,0.000000,52.860000,0.000000,0.070000,0.000000,0.000000,0.000000,-0.170000,8.000000,134.550000
1769105981.617265,0,0.000000,52.910000,0.000000,0.000000,0.000000,0.000000,0.000000,-0.180000,8.000000,134.550000
1769105981.649629,0,0.000000,52.950000,0.000000,0.000000,0.000000,0.000000,0.000000,-0.180000,8.000000,134.580000
1769105981.650628,0,0.000000,52.950000,0.000000,0.030000,0.000000,0.000000,0.000000,-0.180000,8.000000,134.580000
1769105981.689493,0,0.000000,52.860000,0.000000,0.100000,0.000000,0.000000,0.000000,-0.180000,8.000000,134.610000
1769105981.689493,0,0.000000,52.900000,0.000000,0.030000,0.000000,0.000000,0.000000,-0.180000,8.000000,134.630000
1769105981.691225,0,0.000000,52.860000,0.000000,0.020000,0.000000,0.000000,0.000000,-0.180000,8.000000,134.630000
1769105981.723169,0,0.000000,52.860000,0.000000,0.050000,0.000000,0.000000,0.000000,-0.180000,8.000000,134.660000
1769105981.724170,0,0.000000,52.860000,0.000000,0.020000,0.000000,0.000000,0.000000,-0.180000,8.000000,134.660000
1769105981.756607,0,0.000000,52.910000,0.000000,0.020000,0.000000,0.000000,0.000000,-0.180000,8.000000,134.690000
1769105981.757405,0,0.000000,52.970000,0.000000,0.020000,0.000000,0.000000,0.000000,-0.180000,8.000000,134.690000
1769105981.757405,0,0.000000,52.840000,0.000000,0.000000,0.000000,0.000000,0.000000,-0.180000,8.000000,134.720000
1769105981.789187,0,0.000000,52.950000,0.000000,0.020000,0.000000,0.000000,0.000000,-0.180000,8.000000,134.720000
1769105981.820212,0,0.000000,52.910000,0.000000,0.050000,0.000000,0.000000,0.000000,-0.180000,8.000000,134.750000
1769105981.821384,0,0.000000,52.880000,0.000000,0.110000,0.000000,0.000000,0.000000,-0.180000,8.000000,134.770000
1769105981.822896,0,0.000000,52.970000,0.000000,0.070000,0.000000,0.000000,0.000000,-0.180000,8.000000,134.770000
1769105981.863814,0,0.000000,52.950000,0.000000,0.000000,0.000000,0.000000,0.000000,-0.180000,8.000000,134.800000
1769105981.863814,0,0.000000,52.900000,0.000000,0.000000,0.000000,0.000000,0.000000,-0.180000,8.000000,134.800000
1769105981.894039,0,0.000000,52.840000,0.000000,0.050000,0.000000,0.000000,0.000000,-0.180000,8.000000,134.830000
1769105981.895039,0,0.000000,52.900000,0.000000,0.000000,0.000000,0.000000,0.000000,-0.180000,8.000000,134.830000
1769105981.926422,0,0.000000,52.910000,0.000000,0.000000,0.000000,0.000000,0.000000,-0.180000,8.000000,134.860000
1769105981.926422,0,0.000000,52.950000,0.000000,0.070000,0.000000,0.000000,0.000000,-0.180000,8.000000,134.860000
1769105981.952392,0,0.000000,52.970000,0.000000,0.010000,0.000000,0.000000,0.000000,-0.180000,8.000000,134.880000
1769105981.953392,0,0.000000,52.910000,0.000000,0.000000,0.000000,0.000000,0.000000,-0.180000,8.000000,134.890000
1769105981.954392,0,0.000000,52.880000,0.000000,0.070000,0.000000,0.000000,0.000000,-0.180000,8.000000,134.910000
1769105981.993184,0,0.000000,52.880000,0.000000,0.000000,0.000000,0.000000,0.000000,-0.180000,8.000000,134.920000
1769105982.027909,0,0.000000,52.910000,0.000000,0.000000,0.000000,0.000000,0.000000,-0.180000,8.000000,134.940000
1769105982.028675,0,0.000000,52.990000,0.000000,0.090000,0.000000,0.000000,0.000000,-0.180000,8.000000,134.960000
1769105982.030682,0,0.000000,52.860000,0.000000,-0.010000,0.000000,0.000000,0.000000,-0.180000,8.000000,134.970000
1769105982.060590,0,0.000000,52.900000,0.000000,-0.010000,0.000000,0.000000,0.000000,-0.180000,8.000000,134.990000
1769105982.061594,0,0.000000,52.900000,0.000000,0.020000,0.000000,0.000000,0.000000,-0.180000,8.000000,135.000000
1769105982.093808,0,0.000000,52.900000,0.000000,0.000000,0.000000,0.000000,0.000000,-0.180000,8.000000,135.020000
1769105982.095808,0,0.000000,52.970000,0.000000,0.000000,0.000000,0.000000,0.000000,-0.180000,8.000000,135.030000
1769105982.128531,0,0.000000,52.910000,0.000000,0.000000,0.000000,0.000000,0.000000,-0.180000,8.000000,135.050000
1769105982.129038,0,0.000000,52.910000,0.000000,0.010000,0.000000,0.000000,0.000000,-0.180000,8.000000,135.070000
1769105982.130045,0,0.000000,52.990000,0.000000,0.000000,0.000000,0.000000,0.000000,-0.180000,8.000000,135.080000
1769105982.162445,0,0.000000,52.910000,0.000000,0.000000,0.000000,0.000000,0.000000,-0.180000,8.000000,135.100000
1769105982.163452,0,0.000000,52.910000,0.000000,-0.050000,0.000000,0.000000,0.000000,-0.180000,8.000000,135.110000
1769105982.203277,0,0.000000,52.950000,0.000000,0.000000,0.000000,0.000000,0.000000,-0.180000,8.000000,135.130000
1769105982.204471,0,0.000000,52.880000,0.000000,0.050000,0.000000,0.000000,0.000000,-0.180000,8.000000,135.140000
1769105982.248996,0,0.000000,52.910000,0.000000,0.000000,0.000000,0.000000,0.000000,-0.180000,8.000000,135.160000
1769105982.250511,0,0.000000,52.840000,0.000000,0.030000,0.000000,0.000000,0.000000,-0.180000,8.000000,135.170000
1769105982.251228,0,0.000000,52.900000,0.000000,0.000000,0.000000,0.000000,0.000000,-0.180000,8.000000,135.190000
1769105982.289755,0,0.000000,52.910000,0.000000,0.000000,0.000000,0.000000,0.000000,-0.180000,8.000000,135.210000
1769105982.291753,0,0.000000,52.970000,0.000000,0.050000,0.000000,0.000000,0.000000,-0.180000,8.000000,135.220000
1769105982.293751,0,0.000000,52.990000,0.000000,0.000000,0.000000,0.000000,0.000000,-0.180000,8.000000,135.240000
1769105982.329845,0,0.000000,52.900000,0.000000,0.070000,0.000000,0.000000,0.000000,-0.180000,8.000000,135.250000
1769105982.330610,0,0.000000,52.910000,0.000000,0.030000,0.000000,0.000000,0.000000,-0.180000,8.000000,135.270000
1769105982.332550,0,0.000000,52.880000,0.000000,0.020000,0.000000,0.000000,0.000000,-0.180000,8.000000,135.270000
1769105982.367467,0,0.000000,52.910000,0.000000,0.000000,0.000000,0.000000,0.000000,-0.180000,8.000000,135.300000
1769105982.368472,0,0.000000,52.970000,0.000000,-0.020000,0.000000,0.000000,0.000000,-0.180000,8.000000,135.320000
1769105982.370173,0,0.000000,52.910000,0.000000,0.000000,0.000000,0.000000,0.000000,-0.180000,8.000000,135.330000
1769105982.411203,0,0.000000,52.910000,0.000000,0.050000,0.000000,0.000000,0.000000,-0.180000,8.000000,135.330000
1769105982.412201,0,0.000000,52.910000,0.000000,0.030000,0.000000,0.000000,0.000000,-0.180000,8.000000,135.360000
1769105982.448608,0,0.000000,52.910000,0.000000,-0.010000,0.000000,0.000000,0.000000,-0.180000,8.000000,135.380000
1769105982.449608,0,0.000000,52.950000,0.000000,0.000000,0.000000,0.000000,0.000000,-0.180000,8.000000,135.380000
1769105982.450608,0,0.000000,52.900000,0.000000,0.050000,0.000000,0.000000,0.000000,-0.180000,8.000000,135.410000
1769105982.486200,0,0.000000,52.970000,0.000000,0.020000,0.000000,0.000000,0.000000,-0.180000,8.000000,135.410000
1769105982.487200,0,0.000000,52.900000,0.000000,0.010000,0.000000,0.000000,0.000000,-0.180000,8.000000,135.440000
1769105982.515231,0,0.000000,52.950000,0.000000,0.010000,0.000000,0.000000,0.000000,-0.180000,8.000000,135.440000
1769105982.517228,0,0.000000,52.880000,0.000000,0.050000,0.000000,0.000000,0.000000,-0.180000,8.000000,135.470000
1769105982.518411,0,0.000000,52.860000,0.000000,-0.020000,0.000000,0.000000,0.000000,-0.180000,8.000000,135.470000
1769105982.555445,0,0.000000,52.910000,0.000000,0.000000,0.000000,0.000000,0.000000,-0.180000,8.000000,135.490000
1769105982.556451,0,0.000000,52.950000,0.000000,0.010000,0.000000,0.000000,0.000000,-0.180000,8.000000,135.500000
1769105982.593230,0,0.000000,52.900000,0.000000,-0.020000,0.000000,0.000000,0.000000,-0.180000,8.000000,135.520000
1769105982.594471,0,0.000000,52.900000,0.000000,0.070000,0.000000,0.000000,0.000000,-0.180000,8.000000,135.530000
1769105982.595474,0,0.000000,52.950000,0.000000,0.050000,0.000000,0.000000,0.000000,-0.180000,8.000000,135.550000
1769105982.630604,0,0.000000,52.990000,0.000000,0.000000,0.000000,0.000000,0.000000,-0.180000,8.000000,135.570000
1769105982.631486,0,0.000000,53.040000,0.000000,-0.070000,0.000000,0.000000,0.000000,-0.180000,8.000000,135.580000
1769105982.658678,0,0.000000,53.020000,0.000000,0.000000,0.000000,0.000000,0.000000,-0.180000,8.000000,135.600000
1769105982.659716,0,0.000000,52.970000,0.000000,0.000000,0.000000,0.000000,0.000000,-0.180000,8.000000,135.610000
1769105982.688906,0,0.000000,52.860000,0.000000,0.000000,0.000000,0.000000,0.000000,-0.180000,8.000000,135.630000
1769105982.689410,0,0.000000,52.880000,0.000000,-0.010000,0.000000,0.000000,0.000000,-0.180000,8.000000,135.630000
1769105982.731717,0,0.000000,52.990000,0.000000,0.010000,0.000000,0.000000,0.000000,-0.170000,8.000000,135.660000
1769105982.732737,0,0.000000,52.910000,0.000000,-0.010000,0.000000,0.000000,0.000000,-0.180000,8.000000,135.660000
1769105982.760195,0,0.000000,52.900000,0.000000,0.000000,0.000000,0.000000,0.000000,-0.180000,8.000000,135.690000
1769105982.761234,0,0.000000,52.900000,0.000000,0.010000,0.000000,0.000000,0.000000,-0.180000,8.000000,135.710000
1769105982.762013,0,0.000000,52.860000,0.000000,0.020000,0.000000,0.000000,0.000000,-0.180000,8.000000,135.720000
1769105982.790496,0,0.000000,52.910000,0.000000,0.010000,0.000000,0.000000,0.000000,-0.180000,8.000000,135.740000
1769105982.820618,0,0.000000,52.880000,0.000000,0.050000,0.000000,0.000000,0.000000,-0.180000,8.000000,135.750000
1769105982.821181,0,0.000000,53.000000,0.000000,0.030000,0.000000,0.000000,0.000000,-0.180000,8.000000,135.770000
1769105982.822225,0,0.000000,52.900000,0.000000,0.030000,0.000000,0.000000,0.000000,-0.180000,8.000000,135.770000
1769105982.856385,0,0.000000,52.900000,0.000000,-0.030000,0.000000,0.000000,0.000000,-0.180000,8.000000,135.800000
1769105982.858130,0,0.000000,52.900000,0.000000,-0.070000,0.000000,0.000000,0.000000,-0.180000,8.000000,135.800000
1769105982.889866,0,0.000000,52.910000,0.000000,0.100000,0.000000,0.000000,0.000000,-0.180000,8.000000,135.830000
1769105982.890903,0,0.000000,52.950000,0.000000,0.000000,0.000000,0.000000,0.000000,-0.180000,8.000000,135.830000
1769105982.891902,0,0.000000,52.950000,0.000000,0.000000,0.000000,0.000000,0.000000,-0.180000,8.000000,135.860000
1769105982.927062,0,0.000000,52.910000,0.000000,0.010000,0.000000,0.000000,0.000000,-0.180000,8.000000,135.860000
1769105982.965285,0,0.000000,53.000000,0.000000,-0.050000,0.000000,0.000000,0.000000,-0.180000,8.000000,135.880000
1769105982.965820,0,0.000000,53.040000,0.000000,0.000000,0.000000,0.000000,0.000000,-0.180000,8.000000,135.890000
1769105982.966856,0,0.000000,53.020000,0.000000,0.030000,0.000000,0.000000,0.000000,-0.180000,8.000000,135.910000
1769105982.997801,0,0.000000,53.000000,0.000000,0.010000,0.000000,0.000000,0.000000,-0.180000,8.000000,135.920000
1769105982.997801,0,0.000000,52.910000,0.000000,0.020000,0.000000,0.000000,0.000000,-0.180000,8.000000,135.940000
1769105983.033159,0,0.000000,53.020000,0.000000,0.000000,0.000000,0.000000,0.000000,-0.180000,8.000000,135.960000
1769105983.034195,0,0.000000,52.880000,0.000000,-0.010000,0.000000,0.000000,0.000000,-0.180000,8.000000,135.970000
1769105983.074839,0,0.000000,53.000000,0.000000,-0.050000,0.000000,0.000000,0.000000,-0.180000,8.000000,135.990000
1769105983.075838,0,0.000000,52.950000,0.000000,0.000000,0.000000,0.000000,0.000000,-0.180000,8.000000,136.000000
1769105983.076838,0,0.000000,52.990000,0.000000,0.000000,0.000000,0.000000,0.000000,-0.180000,8.000000,136.020000
1769105983.108836,0,0.000000,53.060000,0.000000,-0.010000,0.000000,0.000000,0.000000,-0.180000,8.000000,136.030000
1769105983.109872,0,0.000000,52.990000,0.000000,0.030000,0.000000,0.000000,0.000000,-0.180000,8.000000,136.050000
1769105983.110871,0,0.000000,52.990000,0.000000,0.010000,0.000000,0.000000,0.000000,-0.180000,8.000000,136.070000
1769105983.146843,0,0.000000,52.910000,0.000000,0.020000,0.000000,0.000000,0.000000,-0.180000,8.000000,136.080000
1769105983.148640,0,0.000000,52.950000,0.000000,0.050000,0.000000,0.000000,0.000000,-0.180000,8.000000,136.100000
1769105983.185513,0,0.000000,52.990000,0.000000,0.010000,0.000000,0.000000,0.000000,-0.180000,8.000000,136.110000
1769105983.186548,0,0.000000,52.990000,0.000000,0.000000,0.000000,0.000000,0.000000,-0.180000,8.000000,136.130000
1769105983.219241,0,0.000000,52.950000,0.000000,0.010000,0.000000,0.000000,0.000000,-0.180000,8.000000,136.130000
1769105983.219994,0,0.000000,53.090000,0.000000,0.000000,0.000000,0.000000,0.000000,-0.180000,8.000000,136.160000
1769105983.221353,0,0.000000,53.000000,0.000000,-0.020000,0.000000,0.000000,0.000000,-0.180000,8.000000,136.170000
1769105983.258434,0,0.000000,53.090000,0.000000,0.000000,0.000000,0.000000,0.000000,-0.180000,8.000000,136.190000
1769105983.287254,0,0.000000,52.900000,0.000000,0.050000,0.000000,0.000000,0.000000,-0.180000,8.000000,136.210000
1769105983.288251,0,0.000000,52.900000,0.000000,0.020000,0.000000,0.000000,0.000000,-0.180000,8.000000,136.220000
1769105983.289254,0,0.000000,52.970000,0.000000,0.050000,0.000000,0.000000,0.000000,-0.180000,8.000000,136.240000
1769105983.290257,0,0.000000,52.990000,0.000000,0.050000,0.000000,0.000000,0.000000,-0.180000,8.000000,136.250000
1769105983.327590,0,0.000000,52.900000,0.000000,0.020000,0.000000,0.000000,0.000000,-0.180000,8.000000,136.270000
1769105983.328626,0,0.000000,52.970000,0.000000,0.020000,0.000000,0.000000,0.000000,-0.180000,8.000000,136.270000
1769105983.366432,0,0.000000,52.970000,0.000000,0.000000,0.000000,0.000000,0.000000,-0.180000,8.000000,136.300000
1769105983.367181,0,0.000000,52.950000,0.000000,0.050000,0.000000,0.000000,0.000000,-0.180000,8.000000,136.300000
1769105983.395884,0,0.000000,52.900000,0.000000,-0.010000,0.000000,0.000000,0.000000,-0.180000,8.000000,136.330000
1769105983.396884,0,0.000000,52.860000,0.000000,0.000000,0.000000,0.000000,0.000000,-0.180000,8.000000,136.330000
1769105983.432474,0,0.000000,52.950000,0.000000,0.050000,0.000000,0.000000,0.000000,-0.180000,8.000000,136.360000
1769105983.433228,0,0.000000,52.910000,0.000000,0.020000,0.000000,0.000000,0.000000,-0.180000,8.000000,136.360000
1769105983.462179,0,0.000000,52.910000,0.000000,0.070000,0.000000,0.000000,0.000000,-0.180000,8.000000,136.380000
1769105983.463214,0,0.000000,52.810000,0.000000,0.020000,0.000000,0.000000,0.000000,-0.180000,8.000000,136.390000
1769105983.463996,0,0.000000,52.900000,0.000000,0.030000,0.000000,0.000000,0.000000,-0.180000,8.000000,136.410000
1769105983.503164,0,0.000000,53.000000,0.000000,-0.010000,0.000000,0.000000,0.000000,-0.180000,8.000000,136.420000
1769105983.535809,0,0.000000,52.970000,0.000000,0.020000,0.000000,0.000000,0.000000,-0.170000,8.000000,136.440000
1769105983.536849,0,0.000000,52.910000,0.000000,-0.010000,0.000000,0.000000,0.000000,-0.180000,8.000000,136.460000
1769105983.537596,0,0.000000,52.990000,0.000000,0.000000,0.000000,0.000000,0.000000,-0.180000,8.000000,136.470000
1769105983.538632,0,0.000000,52.990000,0.000000,0.000000,0.000000,0.000000,0.000000,-0.180000,8.000000,136.490000
1769105983.575181,0,0.000000,52.970000,0.000000,0.050000,0.000000,0.000000,0.000000,-0.180000,8.000000,136.500000
1769105983.576182,0,0.000000,53.020000,0.000000,0.030000,0.000000,0.000000,0.000000,-0.180000,8.000000,136.520000
1769105983.611721,0,0.000000,52.990000,0.000000,0.000000,0.000000,0.000000,0.000000,-0.180000,8.000000,136.530000
1769105983.612720,0,0.000000,53.000000,0.000000,0.100000,0.000000,0.000000,0.000000,-0.180000,8.000000,136.550000
1769105983.613720,0,0.000000,52.910000,0.000000,0.070000,0.000000,0.000000,0.000000,-0.170000,8.000000,136.570000
1769105983.647940,0,0.000000,53.000000,0.000000,0.020000,0.000000,0.000000,0.000000,-0.180000,8.000000,136.580000
1769105983.648939,0,0.000000,52.900000,0.000000,0.010000,0.000000,0.000000,0.000000,-0.180000,8.000000,136.600000
1769105983.682787,0,0.000000,52.900000,0.000000,0.050000,0.000000,0.000000,0.000000,-0.180000,8.000000,136.610000
1769105983.683357,0,0.000000,52.950000,0.000000,-0.050000,0.000000,0.000000,0.000000,-0.180000,8.000000,136.630000
1769105983.712360,0,0.000000,52.880000,0.000000,-0.020000,0.000000,0.000000,0.000000,-0.180000,8.000000,136.630000
1769105983.713360,0,0.000000,52.990000,0.000000,0.070000,0.000000,0.000000,0.000000,-0.180000,8.000000,136.660000
1769105983.714378,0,0.000000,52.900000,0.000000,0.020000,0.000000,0.000000,0.000000,-0.170000,8.000000,136.660000
1769105983.750010,0,0.000000,53.020000,0.000000,0.000000,0.000000,0.000000,0.000000,-0.180000,8.000000,136.690000
1769105983.751357,0,0.000000,52.950000,0.000000,0.000000,0.000000,0.000000,0.000000,-0.180000,8.000000,136.690000
1769105983.785979,0,0.000000,53.000000,0.000000,0.050000,0.000000,0.000000,0.000000,-0.180000,8.000000,136.720000
1769105983.786980,0,0.000000,52.990000,0.000000,0.010000,0.000000,0.000000,0.000000,-0.180000,8.000000,136.740000
1769105983.816968,0,0.000000,53.000000,0.000000,0.000000,0.000000,0.000000,0.000000,-0.180000,8.000000,136.750000
1769105983.817968,0,0.000000,52.880000,0.000000,0.000000,0.000000,0.000000,0.000000,-0.180000,8.000000,136.770000
1769105983.847562,0,0.000000,52.970000,0.000000,0.020000,0.000000,0.000000,0.000000,-0.180000,8.000000,136.770000
1769105983.848562,0,0.000000,52.880000,0.000000,-0.050000,0.000000,0.000000,0.000000,-0.180000,8.000000,136.780000
1769105983.885715,0,0.000000,52.910000,0.000000,-0.020000,0.000000,0.000000,0.000000,-0.180000,8.000000,136.800000
1769105983.886723,0,0.000000,52.900000,0.000000,0.000000,0.000000,0.000000,0.000000,-0.180000,8.000000,136.830000
1769105983.887536,0,0.000000,52.990000,0.000000,0.010000,0.000000,0.000000,0.000000,-0.180000,8.000000,136.830000
1769105983.919334,0,0.000000,53.020000,0.000000,0.050000,0.000000,0.000000,0.000000,-0.180000,8.000000,136.860000
1769105983.920339,0,0.000000,52.970000,0.000000,0.030000,0.000000,0.000000,0.000000,-0.180000,8.000000,136.860000
1769105983.952369,0,0.000000,52.900000,0.000000,0.000000,0.000000,0.000000,0.000000,-0.180000,8.000000,136.880000
1769105983.953369,0,0.000000,52.910000,0.000000,0.000000,0.000000,0.000000,0.000000,-0.180000,8.000000,136.890000
1769105983.986627,0,0.000000,52.880000,0.000000,-0.010000,0.000000,0.000000,0.000000,-0.180000,8.000000,136.910000
1769105983.987627,0,0.000000,52.900000,0.000000,0.020000,0.000000,0.000000,0.000000,-0.170000,8.000000,136.920000
1769105983.988347,0,0.000000,52.880000,0.000000,0.030000,0.000000,0.000000,0.000000,-0.180000,8.000000,136.940000
1769105984.020697,0,0.000000,52.840000,0.000000,0.050000,0.000000,0.000000,0.000000,-0.180000,8.000000,136.960000
1769105984.021551,0,0.000000,52.900000,0.000000,0.020000,0.000000,0.000000,0.000000,-0.180000,8.000000,136.970000
1769105984.059990,0,0.000000,52.970000,0.000000,-0.010000,0.000000,0.000000,0.000000,-0.180000,8.000000,136.990000
1769105984.059990,0,0.000000,52.810000,0.000000,0.020000,0.000000,0.000000,0.000000,-0.180000,8.000000,137.000000
1769105984.092399,0,0.000000,52.950000,0.000000,0.070000,0.000000,0.000000,0.000000,-0.180000,8.000000,137.020000
1769105984.093403,0,0.000000,52.910000,0.000000,0.000000,0.000000,0.000000,0.000000,-0.180000,8.000000,137.030000
1769105984.125859,0,0.000000,53.000000,0.000000,0.020000,0.000000,0.000000,0.000000,-0.180000,8.000000,137.050000
1769105984.127381,0,0.000000,52.900000,0.000000,0.010000,0.000000,0.000000,0.000000,-0.180000,8.000000,137.070000
1769105984.128389,0,0.000000,52.900000,0.000000,0.000000,0.000000,0.000000,0.000000,-0.180000,8.000000,137.080000
1769105984.163517,0,0.000000,52.860000,0.000000,0.000000,0.000000,0.000000,0.000000,-0.180000,8.000000,137.100000
1769105984.163517,0,0.000000,52.900000,0.000000,-0.010000,0.000000,0.000000,0.000000,-0.180000,8.000000,137.110000
1769105984.196590,0,0.000000,52.900000,0.000000,0.050000,0.000000,0.000000,0.000000,-0.180000,8.000000,137.130000
1769105984.197094,0,0.000000,52.900000,0.000000,0.000000,0.000000,0.000000,0.000000,-0.180000,8.000000,137.130000
1769105984.198101,0,0.000000,52.880000,0.000000,-0.010000,0.000000,0.000000,0.000000,-0.180000,8.000000,137.160000
1769105984.231084,0,0.000000,52.880000,0.000000,0.020000,0.000000,0.000000,0.000000,-0.180000,8.000000,137.160000
1769105984.232084,0,0.000000,52.910000,0.000000,0.010000,0.000000,0.000000,0.000000,-0.180000,8.000000,137.190000
1769105984.264833,0,0.000000,52.910000,0.000000,0.070000,0.000000,0.000000,0.000000,-0.170000,8.000000,137.210000
1769105984.265835,0,0.000000,52.910000,0.000000,0.020000,0.000000,0.000000,0.000000,-0.180000,8.000000,137.220000
1769105984.297966,0,0.000000,52.880000,0.000000,0.030000,0.000000,0.000000,0.000000,-0.180000,8.000000,137.240000
1769105984.299003,0,0.000000,52.950000,0.000000,0.070000,0.000000,0.000000,0.000000,-0.170000,8.000000,137.250000
1769105984.337398,0,0.000000,52.900000,0.000000,0.010000,0.000000,0.000000,0.000000,-0.170000,8.000000,137.270000
1769105984.338398,0,0.000000,52.950000,0.000000,0.090000,0.000000,0.000000,0.000000,-0.180000,8.000000,137.270000
1769105984.378006,0,0.000000,52.950000,0.000000,0.010000,0.000000,0.000000,0.000000,-0.180000,8.000000,137.300000
1769105984.378787,0,0.000000,52.970000,0.000000,0.010000,0.000000,0.000000,0.000000,-0.180000,8.000000,137.320000
1769105984.380228,0,0.000000,52.900000,0.000000,0.000000,0.000000,0.000000,0.000000,-0.180000,8.000000,137.330000
1769105984.413045,0,0.000000,52.900000,0.000000,0.050000,0.000000,0.000000,0.000000,-0.180000,8.000000,137.350000
1769105984.415041,0,0.000000,52.970000,0.000000,-0.010000,0.000000,0.000000,0.000000,-0.180000,8.000000,137.360000
1769105984.416041,0,0.000000,52.950000,0.000000,0.010000,0.000000,0.000000,0.000000,-0.180000,8.000000,137.380000
1769105984.449725,0,0.000000,52.910000,0.000000,0.000000,0.000000,0.000000,0.000000,-0.180000,8.000000,137.380000
1769105984.449725,0,0.000000,52.860000,0.000000,0.000000,0.000000,0.000000,0.000000,-0.180000,8.000000,137.410000
1769105984.482733,0,0.000000,52.910000,0.000000,-0.030000,0.000000,0.000000,0.000000,-0.180000,8.000000,137.410000
1769105984.483736,0,0.000000,52.900000,0.000000,0.050000,0.000000,0.000000,0.000000,-0.180000,8.000000,137.440000
1769105984.522170,0,0.000000,52.910000,0.000000,0.030000,0.000000,0.000000,0.000000,-0.180000,8.000000,137.440000
1769105984.523172,0,0.000000,52.970000,0.000000,0.020000,0.000000,0.000000,0.000000,-0.180000,8.000000,137.470000
1769105984.554161,0,0.000000,52.900000,0.000000,0.000000,0.000000,0.000000,0.000000,-0.180000,8.000000,137.470000
1769105984.555205,0,0.000000,52.900000,0.000000,0.100000,0.000000,0.000000,0.000000,-0.180000,8.000000,137.500000
1769105984.555963,0,0.000000,52.900000,0.000000,0.000000,0.000000,0.000000,0.000000,-0.180000,8.000000,137.500000
1769105984.592252,0,0.000000,52.900000,0.000000,0.030000,0.000000,0.000000,0.000000,-0.180000,8.000000,137.520000
1769105984.592252,0,0.000000,52.970000,0.000000,0.000000,0.000000,0.000000,0.000000,-0.180000,8.000000,137.530000
1769105984.627407,0,0.000000,52.950000,0.000000,0.030000,0.000000,0.000000,0.000000,-0.180000,8.000000,137.550000
1769105984.627407,0,0.000000,52.880000,0.000000,0.050000,0.000000,0.000000,0.000000,-0.180000,8.000000,137.580000
1769105984.657588,0,0.000000,52.900000,0.000000,0.050000,0.000000,0.000000,0.000000,-0.180000,8.000000,137.580000
1769105984.658587,0,0.000000,52.900000,0.000000,-0.050000,0.000000,0.000000,0.000000,-0.180000,8.000000,137.600000
1769105984.658587,0,0.000000,52.900000,0.000000,0.020000,0.000000,0.000000,0.000000,-0.180000,8.000000,137.610000
1769105984.697229,0,0.000000,52.950000,0.000000,-0.010000,0.000000,0.000000,0.000000,-0.170000,8.000000,137.630000
1769105984.697733,0,0.000000,52.910000,0.000000,0.050000,0.000000,0.000000,0.000000,-0.180000,8.000000,137.640000
1769105984.735259,0,0.000000,52.900000,0.000000,0.000000,0.000000,0.000000,0.000000,-0.180000,8.000000,137.660000
1769105984.736255,0,0.000000,52.880000,0.000000,0.000000,0.000000,0.000000,0.000000,-0.180000,8.000000,137.670000
1769105984.767229,0,0.000000,52.950000,0.000000,-0.020000,0.000000,0.000000,0.000000,-0.180000,8.000000,137.690000
1769105984.767811,0,0.000000,52.900000,0.000000,0.000000,0.000000,0.000000,0.000000,-0.180000,8.000000,137.710000
1769105984.768346,0,0.000000,52.910000,0.000000,0.010000,0.000000,0.000000,0.000000,-0.180000,8.000000,137.720000
1769105984.807603,0,0.000000,52.910000,0.000000,0.000000,0.000000,0.000000,0.000000,-0.180000,8.000000,137.740000
1769105984.808603,0,0.000000,52.910000,0.000000,-0.030000,0.000000,0.000000,0.000000,-0.180000,8.000000,137.750000
1769105984.839899,0,0.000000,52.860000,0.000000,0.000000,0.000000,0.000000,0.000000,-0.180000,8.000000,137.770000
1769105984.841899,0,0.000000,52.990000,0.000000,0.050000,0.000000,0.000000,0.000000,-0.180000,8.000000,137.780000
1769105984.842839,0,0.000000,52.880000,0.000000,0.020000,0.000000,0.000000,0.000000,-0.180000,8.000000,137.800000
1769105984.884931,0,0.000000,52.970000,0.000000,0.030000,0.000000,0.000000,0.000000,-0.180000,8.000000,137.820000
1769105984.914229,0,0.000000,52.900000,0.000000,0.010000,0.000000,0.000000,0.000000,-0.180000,8.000000,137.830000
1769105984.914229,0,0.000000,52.910000,0.000000,0.000000,0.000000,0.000000,0.000000,-0.180000,8.000000,137.850000
1769105984.915231,0,0.000000,52.910000,0.000000,0.090000,0.000000,0.000000,0.000000,-0.180000,8.000000,137.860000
1769105984.943190,0,0.000000,52.880000,0.000000,-0.010000,0.000000,0.000000,0.000000,-0.180000,8.000000,137.880000
1769105984.944221,0,0.000000,52.900000,0.000000,0.000000,0.000000,0.000000,0.000000,-0.180000,8.000000,137.880000
1769105984.945222,0,0.000000,52.900000,0.000000,-0.070000,0.000000,0.000000,0.000000,-0.180000,8.000000,137.910000
1769105984.981602,0,0.000000,52.880000,0.000000,-0.030000,0.000000,0.000000,0.000000,-0.180000,8.000000,137.910000
1769105984.982138,0,0.000000,52.910000,0.000000,-0.020000,0.000000,0.000000,0.000000,-0.180000,8.000000,137.940000
1769105985.011217,0,0.000000,52.880000,0.000000,0.070000,0.000000,0.000000,0.000000,-0.180000,8.000000,137.940000
1769105985.011989,0,0.000000,52.950000,0.000000,0.000000,0.000000,0.000000,0.000000,-0.180000,8.000000,137.970000
1769105985.049147,0,0.000000,52.900000,0.000000,0.070000,0.000000,0.000000,0.000000,-0.180000,8.000000,137.970000
1769105985.050149,0,0.000000,53.000000,0.000000,0.000000,0.000000,0.000000,0.000000,-0.180000,8.000000,138.000000
1769105985.084346,0,0.000000,52.910000,0.000000,-0.120000,0.000000,0.000000,0.000000,-0.180000,8.000000,138.020000
1769105985.085345,0,0.000000,52.910000,0.000000,0.030000,0.000000,0.000000,0.000000,-0.180000,8.000000,138.020000
1769105985.086337,0,0.000000,52.900000,0.000000,0.050000,0.000000,0.000000,0.000000,-0.180000,8.000000,138.030000
1769105985.126045,0,0.000000,52.900000,0.000000,0.000000,0.000000,0.000000,0.000000,-0.180000,8.000000,138.050000
1769105985.127582,0,0.000000,52.840000,0.000000,-0.070000,0.000000,0.000000,0.000000,-0.180000,8.000000,138.070000
1769105985.161818,0,0.000000,52.910000,0.000000,0.050000,0.000000,0.000000,0.000000,-0.180000,8.000000,138.080000
1769105985.163327,0,0.000000,52.950000,0.000000,-0.020000,0.000000,0.000000,0.000000,-0.180000,8.000000,138.110000
1769105985.196347,0,0.000000,52.880000,0.000000,0.000000,0.000000,0.000000,0.000000,-0.180000,8.000000,138.110000
1769105985.197353,0,0.000000,52.900000,0.000000,0.000000,0.000000,0.000000,0.000000,-0.180000,8.000000,138.130000
1769105985.198088,0,0.000000,53.040000,0.000000,0.000000,0.000000,0.000000,0.000000,-0.180000,8.000000,138.140000
1769105985.235359,0,0.000000,52.970000,0.000000,-0.100000,0.000000,0.000000,0.000000,-0.180000,8.000000,138.160000
1769105985.236396,0,0.000000,52.970000,0.000000,0.020000,0.000000,0.000000,0.000000,-0.180000,8.000000,138.170000
1769105985.266745,0,0.000000,52.900000,0.000000,0.000000,0.000000,0.000000,0.000000,-0.180000,8.000000,138.190000
1769105985.268360,0,0.000000,52.950000,0.000000,0.000000,0.000000,0.000000,0.000000,-0.180000,8.000000,138.210000
1769105985.269397,0,0.000000,52.970000,0.000000,0.000000,0.000000,0.000000,0.000000,-0.180000,8.000000,138.220000
1769105985.307367,0,0.000000,52.860000,0.000000,-0.020000,0.000000,0.000000,0.000000,-0.180000,8.000000,138.240000
1769105985.341778,0,0.000000,52.900000,0.000000,0.000000,0.000000,0.000000,0.000000,-0.180000,8.000000,138.250000
1769105985.342779,0,0.000000,52.950000,0.000000,0.000000,0.000000,0.000000,0.000000,-0.180000,8.000000,138.270000
1769105985.379932,0,0.000000,52.910000,0.000000,0.010000,0.000000,0.000000,0.000000,-0.180000,8.000000,138.280000
1769105985.381573,0,0.000000,52.910000,0.000000,-0.120000,0.000000,0.000000,0.000000,-0.180000,8.000000,138.300000
1769105985.382609,0,0.000000,52.950000,0.000000,0.020000,0.000000,0.000000,0.000000,-0.180000,8.000000,138.320000
1769105985.413516,0,0.000000,53.040000,0.000000,0.020000,0.000000,0.000000,0.000000,-0.180000,8.000000,138.330000
1769105985.414559,0,0.000000,52.950000,0.000000,0.000000,0.000000,0.000000,0.000000,-0.180000,8.000000,138.350000
1769105985.415132,0,0.000000,52.910000,0.000000,0.050000,0.000000,0.000000,0.000000,-0.180000,8.000000,138.360000
1769105985.444968,0,0.000000,52.910000,0.000000,0.020000,0.000000,0.000000,0.000000,-0.180000,8.000000,138.380000
1769105985.445969,0,0.000000,52.910000,0.000000,0.030000,0.000000,0.000000,0.000000,-0.180000,8.000000,138.390000
1769105985.446970,0,0.000000,52.880000,0.000000,-0.020000,0.000000,0.000000,0.000000,-0.180000,8.000000,138.410000
1769105985.483913,0,0.000000,52.970000,0.000000,0.000000,0.000000,0.000000,0.000000,-0.180000,8.000000,138.420000
1769105985.516182,0,0.000000,52.910000,0.000000,-0.050000,0.000000,0.000000,0.000000,-0.180000,8.000000,138.440000
1769105985.516958,0,0.000000,52.950000,0.000000,0.010000,0.000000,0.000000,0.000000,-0.180000,8.000000,138.460000
1769105985.517997,0,0.000000,52.950000,0.000000,-0.070000,0.000000,0.000000,0.000000,-0.180000,8.000000,138.470000
1769105985.550574,0,0.000000,52.860000,0.000000,-0.050000,0.000000,0.000000,0.000000,-0.180000,8.000000,138.490000
1769105985.551610,0,0.000000,52.950000,0.000000,0.000000,0.000000,0.000000,0.000000,-0.180000,8.000000,138.500000
1769105985.589244,0,0.000000,52.900000,0.000000,0.010000,0.000000,0.000000,0.000000,-0.180000,8.000000,138.520000
1769105985.589779,0,0.000000,52.860000,0.000000,0.000000,0.000000,0.000000,0.000000,-0.180000,8.000000,138.520000
1769105985.590819,0,0.000000,52.970000,0.000000,-0.050000,0.000000,0.000000,0.000000,-0.180000,8.000000,138.550000
1769105985.623004,0,0.000000,53.000000,0.000000,-0.010000,0.000000,0.000000,0.000000,-0.180000,8.000000,138.550000
1769105985.624040,0,0.000000,52.950000,0.000000,-0.020000,0.000000,0.000000,0.000000,-0.180000,8.000000,138.580000
1769105985.655477,0,0.000000,52.950000,0.000000,0.050000,0.000000,0.000000,0.000000,-0.170000,8.000000,138.580000
1769105985.655982,0,0.000000,52.900000,0.000000,0.020000,0.000000,0.000000,0.000000,-0.180000,8.000000,138.610000
1769105985.656991,0,0.000000,52.910000,0.000000,0.000000,0.000000,0.000000,0.000000,-0.180000,8.000000,138.610000
1769105985.697484,0,0.000000,53.000000,0.000000,0.020000,0.000000,0.000000,0.000000,-0.180000,8.000000,138.630000
1769105985.733788,0,0.000000,52.900000,0.000000,0.030000,0.000000,0.000000,0.000000,-0.180000,8.000000,138.640000
1769105985.735792,0,0.000000,52.860000,0.000000,0.050000,0.000000,0.000000,0.000000,-0.180000,8.000000,138.660000
1769105985.736787,0,0.000000,52.860000,0.000000,0.000000,0.000000,0.000000,0.000000,-0.180000,8.000000,138.690000
1769105985.767796,0,0.000000,52.860000,0.000000,0.000000,0.000000,0.000000,0.000000,-0.180000,8.000000,138.690000
1769105985.767796,0,0.000000,52.910000,0.000000,0.050000,0.000000,0.000000,0.000000,-0.180000,8.000000,138.720000
1769105985.801839,0,0.000000,52.990000,0.000000,0.050000,0.000000,0.000000,0.000000,-0.180000,8.000000,138.720000
1769105985.802876,0,0.000000,52.900000,0.000000,0.000000,0.000000,0.000000,0.000000,-0.180000,8.000000,138.750000
1769105985.835960,0,0.000000,52.900000,0.000000,0.050000,0.000000,0.000000,0.000000,-0.180000,8.000000,138.750000
1769105985.836996,0,0.000000,52.900000,0.000000,0.020000,0.000000,0.000000,0.000000,-0.180000,8.000000,138.770000
1769105985.837803,0,0.000000,52.950000,0.000000,0.000000,0.000000,0.000000,0.000000,-0.180000,8.000000,138.780000
1769105985.872119,0,0.000000,52.860000,0.000000,0.000000,0.000000,0.000000,0.000000,-0.180000,8.000000,138.800000
1769105985.874149,0,0.000000,52.900000,0.000000,0.000000,0.000000,0.000000,0.000000,-0.180000,8.000000,138.820000
1769105985.910120,0,0.000000,52.910000,0.000000,0.000000,0.000000,0.000000,0.000000,-0.180000,8.000000,138.830000
1769105985.910915,0,0.000000,52.910000,0.000000,0.000000,0.000000,0.000000,0.000000,-0.180000,8.000000,138.850000
1769105985.912203,0,0.000000,52.910000,0.000000,0.000000,0.000000,0.000000,0.000000,-0.180000,8.000000,138.860000
1769105985.948098,0,0.000000,52.950000,0.000000,0.050000,0.000000,0.000000,0.000000,-0.180000,8.000000,138.880000
1769105985.949098,0,0.000000,52.950000,0.000000,0.000000,0.000000,0.000000,0.000000,-0.180000,8.000000,138.890000
1769105985.982043,0,0.000000,52.900000,0.000000,0.000000,0.000000,0.000000,0.000000,-0.180000,8.000000,138.910000
1769105985.982043,0,0.000000,52.950000,0.000000,0.050000,0.000000,0.000000,0.000000,-0.180000,8.000000,138.920000
1769105985.983046,0,0.000000,52.910000,0.000000,-0.020000,0.000000,0.000000,0.000000,-0.180000,8.000000,138.940000
1769105986.016781,0,0.000000,52.950000,0.000000,0.020000,0.000000,0.000000,0.000000,-0.180000,8.000000,138.960000
1769105986.017512,0,0.000000,52.910000,0.000000,0.000000,0.000000,0.000000,0.000000,-0.180000,8.000000,138.970000
1769105986.059505,0,0.000000,52.900000,0.000000,0.070000,0.000000,0.000000,0.000000,-0.180000,8.000000,138.990000
1769105986.060505,0,0.000000,52.880000,0.000000,0.000000,0.000000,0.000000,0.000000,-0.180000,8.000000,139.000000
1769105986.061502,0,0.000000,52.910000,0.000000,0.050000,0.000000,0.000000,0.000000,-0.180000,8.000000,139.020000
1769105986.100490,0,0.000000,52.950000,0.000000,0.090000,0.000000,0.000000,0.000000,-0.170000,8.000000,139.020000
1769105986.101489,0,0.000000,52.950000,0.000000,0.000000,0.000000,0.000000,0.000000,-0.180000,8.000000,139.050000
1769105986.141682,0,0.000000,52.910000,0.000000,0.020000,0.000000,0.000000,0.000000,-0.170000,8.000000,139.050000
1769105986.142688,0,0.000000,52.910000,0.000000,0.100000,0.000000,0.000000,0.000000,-0.180000,8.000000,139.080000
1769105986.176595,0,0.000000,52.880000,0.000000,0.010000,0.000000,0.000000,0.000000,-0.180000,8.000000,139.100000
1769105986.178108,0,0.000000,52.990000,0.000000,0.050000,0.000000,0.000000,0.000000,-0.180000,8.000000,139.110000
1769105986.179902,0,0.000000,52.900000,0.000000,0.000000,0.000000,0.000000,0.000000,-0.180000,8.000000,139.130000
1769105986.181414,0,0.000000,52.910000,0.000000,0.120000,0.000000,0.000000,0.000000,-0.180000,8.000000,139.130000
1769105986.217190,0,0.000000,52.900000,0.000000,0.000000,0.000000,0.000000,0.000000,-0.180000,8.000000,139.160000
1769105986.217879,0,0.000000,52.860000,0.000000,0.100000,0.000000,0.000000,0.000000,-0.180000,8.000000,139.160000
1769105986.251481,0,0.000000,52.910000,0.000000,0.000000,0.000000,0.000000,0.000000,-0.180000,8.000000,139.190000
1769105986.252485,0,0.000000,52.950000,0.000000,0.000000,0.000000,0.000000,0.000000,-0.180000,8.000000,139.210000
1769105986.285268,0,0.000000,52.900000,0.000000,0.010000,0.000000,0.000000,0.000000,-0.180000,8.000000,139.220000
1769105986.286270,0,0.000000,52.900000,0.000000,0.070000,0.000000,0.000000,0.000000,-0.180000,8.000000,139.240000
1769105986.320279,0,0.000000,52.900000,0.000000,0.010000,0.000000,0.000000,0.000000,-0.180000,8.000000,139.250000
1769105986.321279,0,0.000000,52.970000,0.000000,0.000000,0.000000,0.000000,0.000000,-0.180000,8.000000,139.270000
1769105986.321836,0,0.000000,52.840000,0.000000,0.030000,0.000000,0.000000,0.000000,-0.180000,8.000000,139.270000
1769105986.357719,0,0.000000,52.970000,0.000000,-0.020000,0.000000,0.000000,0.000000,-0.180000,8.000000,139.300000
1769105986.358725,0,0.000000,52.880000,0.000000,0.050000,0.000000,0.000000,0.000000,-0.180000,8.000000,139.300000
1769105986.393331,0,0.000000,52.950000,0.000000,0.000000,0.000000,0.000000,0.000000,-0.180000,8.000000,139.330000
1769105986.395024,0,0.000000,52.900000,0.000000,0.020000,0.000000,0.000000,0.000000,-0.180000,8.000000,139.330000
1769105986.426842,0,0.000000,52.880000,0.000000,0.020000,0.000000,0.000000,0.000000,-0.180000,8.000000,139.360000
1769105986.426842,0,0.000000,52.900000,0.000000,0.020000,0.000000,0.000000,0.000000,-0.180000,8.000000,139.360000
1769105986.460699,0,0.000000,52.900000,0.000000,0.020000,0.000000,0.000000,0.000000,-0.180000,8.000000,139.380000
1769105986.461705,0,0.000000,52.910000,0.000000,0.070000,0.000000,0.000000,0.000000,-0.180000,8.000000,139.390000
1769105986.463508,0,0.000000,52.910000,0.000000,-0.010000,0.000000,0.000000,0.000000,-0.180000,8.000000,139.410000
1769105986.495484,0,0.000000,52.900000,0.000000,-0.070000,0.000000,0.000000,0.000000,-0.180000,8.000000,139.420000
1769105986.497486,0,0.000000,52.900000,0.000000,-0.050000,0.000000,0.000000,0.000000,-0.180000,8.000000,139.440000
1769105986.527316,0,0.000000,52.950000,0.000000,0.000000,0.000000,0.000000,0.000000,-0.180000,8.000000,139.460000
1769105986.527316,0,0.000000,52.950000,0.000000,0.000000,0.000000,0.000000,0.000000,-0.180000,8.000000,139.470000
1769105986.565691,0,0.000000,52.950000,0.000000,0.030000,0.000000,0.000000,0.000000,-0.170000,8.000000,139.490000
1769105986.565691,0,0.000000,52.910000,0.000000,0.000000,0.000000,0.000000,0.000000,-0.180000,8.000000,139.500000
1769105986.566697,0,0.000000,52.900000,0.000000,0.010000,0.000000,0.000000,0.000000,-0.180000,8.000000,139.520000
1769105986.599845,0,0.000000,52.900000,0.000000,0.010000,0.000000,0.000000,0.000000,-0.180000,8.000000,139.530000
1769105986.600653,0,0.000000,52.910000,0.000000,0.010000,0.000000,0.000000,0.000000,-0.180000,8.000000,139.550000
1769105986.632062,0,0.000000,52.900000,0.000000,0.000000,0.000000,0.000000,0.000000,-0.180000,8.000000,139.570000
1769105986.633062,0,0.000000,52.910000,0.000000,0.020000,0.000000,0.000000,0.000000,-0.180000,8.000000,139.580000
1769105986.664490,0,0.000000,52.910000,0.000000,0.000000,0.000000,0.000000,0.000000,-0.180000,8.000000,139.600000
1769105986.665491,0,0.000000,52.900000,0.000000,0.020000,0.000000,0.000000,0.000000,-0.180000,8.000000,139.610000
1769105986.697289,0,0.000000,52.910000,0.000000,-0.010000,0.000000,0.000000,0.000000,-0.180000,8.000000,139.630000
1769105986.698317,0,0.000000,52.970000,0.000000,0.030000,0.000000,0.000000,0.000000,-0.180000,8.000000,139.630000
1769105986.735151,0,0.000000,52.900000,0.000000,0.000000,0.000000,0.000000,0.000000,-0.180000,8.000000,139.660000
1769105986.736187,0,0.000000,52.880000,0.000000,0.010000,0.000000,0.000000,0.000000,-0.180000,8.000000,139.660000
1769105986.737160,0,0.000000,52.910000,0.000000,0.000000,0.000000,0.000000,0.000000,-0.180000,8.000000,139.690000
1769105986.769389,0,0.000000,52.900000,0.000000,0.000000,0.000000,0.000000,0.000000,-0.180000,8.000000,139.690000
1769105986.770363,0,0.000000,52.880000,0.000000,0.000000,0.000000,0.000000,0.000000,-0.180000,8.000000,139.720000
1769105986.805910,0,0.000000,52.860000,0.000000,0.000000,0.000000,0.000000,0.000000,-0.180000,8.000000,139.720000
1769105986.806699,0,0.000000,52.900000,0.000000,0.050000,0.000000,0.000000,0.000000,-0.180000,8.000000,139.750000
1769105986.807709,0,0.000000,52.910000,0.000000,0.000000,0.000000,0.000000,0.000000,-0.180000,8.000000,139.750000
1769105986.842185,0,0.000000,52.880000,0.000000,0.000000,0.000000,0.000000,0.000000,-0.180000,8.000000,139.770000
1769105986.844227,0,0.000000,52.910000,0.000000,0.000000,0.000000,0.000000,0.000000,-0.180000,8.000000,139.780000
1769105986.881398,0,0.000000,52.910000,0.000000,0.030000,0.000000,0.000000,0.000000,-0.180000,8.000000,139.800000
1769105986.882441,0,0.000000,52.900000,0.000000,0.050000,0.000000,0.000000,0.000000,-0.180000,8.000000,139.820000
1769105986.883123,0,0.000000,52.950000,0.000000,0.030000,0.000000,0.000000,0.000000,-0.180000,8.000000,139.830000
1769105986.920324,0,0.000000,52.950000,0.000000,0.000000,0.000000,0.000000,0.000000,-0.180000,8.000000,139.850000
1769105986.921326,0,0.000000,52.900000,0.000000,0.070000,0.000000,0.000000,0.000000,-0.180000,8.000000,139.860000
1769105986.949214,0,0.000000,52.910000,0.000000,-0.030000,0.000000,0.000000,0.000000,-0.180000,8.000000,139.880000
1769105986.950211,0,0.000000,52.880000,0.000000,0.000000,0.000000,0.000000,0.000000,-0.180000,8.000000,139.890000
1769105986.984164,0,0.000000,52.910000,0.000000,0.070000,0.000000,0.000000,0.000000,-0.180000,8.000000,139.910000
1769105986.985170,0,0.000000,52.950000,0.000000,0.000000,0.000000,0.000000,0.000000,-0.180000,8.000000,139.920000
1769105986.985826,0,0.000000,52.950000,0.000000,0.050000,0.000000,0.000000,0.000000,-0.180000,8.000000,139.940000
1769105987.018119,0,0.000000,52.860000,0.000000,0.030000,0.000000,0.000000,0.000000,-0.180000,8.000000,139.960000
1769105987.019898,0,0.000000,52.900000,0.000000,0.000000,0.000000,0.000000,0.000000,-0.180000,8.000000,139.970000
1769105987.057077,0,0.000000,52.950000,0.000000,0.020000,0.000000,0.000000,0.000000,-0.180000,8.000000,139.990000
1769105987.058114,0,0.000000,52.950000,0.000000,0.020000,0.000000,0.000000,0.000000,-0.180000,8.000000,140.000000
1769105987.085150,0,0.000000,52.880000,0.000000,-0.050000,0.000000,0.000000,0.000000,-0.180000,8.000000,140.020000
1769105987.086150,0,0.000000,52.970000,0.000000,0.000000,0.000000,0.000000,0.000000,-0.180000,8.000000,140.020000
1769105987.087151,0,0.000000,52.950000,0.000000,-0.030000,0.000000,0.000000,0.000000,-0.180000,8.000000,140.050000
1769105987.117269,0,0.000000,52.880000,0.000000,0.000000,0.000000,0.000000,0.000000,-0.180000,8.000000,140.050000
1769105987.118304,0,0.000000,52.950000,0.000000,0.000000,0.000000,0.000000,0.000000,-0.180000,8.000000,140.080000
1769105987.152739,0,0.000000,52.910000,0.000000,0.000000,0.000000,0.000000,0.000000,-0.180000,8.000000,140.080000
1769105987.153509,0,0.000000,52.910000,0.000000,-0.100000,0.000000,0.000000,0.000000,-0.180000,8.000000,140.110000
1769105987.190062,0,0.000000,52.900000,0.000000,0.050000,0.000000,0.000000,0.000000,-0.180000,8.000000,140.110000
1769105987.191064,0,0.000000,52.910000,0.000000,0.050000,0.000000,0.000000,0.000000,-0.180000,8.000000,140.130000
1769105987.221734,0,0.000000,52.880000,0.000000,-0.010000,0.000000,0.000000,0.000000,-0.180000,8.000000,140.140000
1769105987.222239,0,0.000000,52.910000,0.000000,-0.070000,0.000000,0.000000,0.000000,-0.180000,8.000000,140.160000
1769105987.223242,0,0.000000,52.900000,0.000000,0.000000,0.000000,0.000000,0.000000,-0.180000,8.000000,140.170000
1769105987.258617,0,0.000000,52.990000,0.000000,0.000000,0.000000,0.000000,0.000000,-0.180000,8.000000,140.190000
1769105987.259412,0,0.000000,52.950000,0.000000,0.000000,0.000000,0.000000,0.000000,-0.180000,8.000000,140.210000
1769105987.291065,0,0.000000,52.860000,0.000000,0.000000,0.000000,0.000000,0.000000,-0.180000,8.000000,140.220000
1769105987.292073,0,0.000000,52.860000,0.000000,0.050000,0.000000,0.000000,0.000000,-0.180000,8.000000,140.240000
1769105987.323451,0,0.000000,52.900000,0.000000,0.050000,0.000000,0.000000,0.000000,-0.180000,8.000000,140.250000
1769105987.325453,0,0.000000,52.880000,0.000000,-0.030000,0.000000,0.000000,0.000000,-0.180000,8.000000,140.270000
1769105987.326251,0,0.000000,52.910000,0.000000,0.030000,0.000000,0.000000,0.000000,-0.180000,8.000000,140.280000
1769105987.364627,0,0.000000,52.790000,0.000000,-0.070000,0.000000,0.000000,0.000000,-0.180000,8.000000,140.300000
1769105987.365439,0,0.000000,52.910000,0.000000,0.000000,0.000000,0.000000,0.000000,-0.180000,8.000000,140.320000
1769105987.390826,0,0.000000,52.880000,0.000000,-0.070000,0.000000,0.000000,0.000000,-0.180000,8.000000,140.330000
1769105987.391830,0,0.000000,52.860000,0.000000,0.000000,0.000000,0.000000,0.000000,-0.180000,8.000000,140.350000
1769105987.392622,0,0.000000,52.900000,0.000000,0.000000,0.000000,0.000000,0.000000,-0.180000,8.000000,140.360000
1769105987.425889,0,0.000000,52.790000,0.000000,-0.050000,0.000000,0.000000,0.000000,-0.180000,8.000000,140.380000
1769105987.455898,0,0.000000,52.860000,0.000000,-0.050000,0.000000,0.000000,0.000000,-0.180000,8.000000,140.380000
1769105987.456660,0,0.000000,52.950000,0.000000,0.000000,0.000000,0.000000,0.000000,-0.180000,8.000000,140.410000
1769105987.495373,0,0.000000,52.880000,0.000000,0.110000,0.000000,0.000000,0.000000,-0.180000,8.000000,140.410000
1769105987.497995,0,0.000000,52.910000,0.000000,0.030000,0.000000,0.000000,0.000000,-0.180000,8.000000,140.440000
1769105987.532068,0,0.000000,52.770000,0.000000,0.070000,0.000000,0.000000,0.000000,-0.180000,8.000000,140.460000
1769105987.533075,0,0.000000,52.950000,0.000000,0.000000,0.000000,0.000000,0.000000,-0.180000,8.000000,140.470000
1769105987.533819,0,0.000000,52.880000,0.000000,0.020000,0.000000,0.000000,0.000000,-0.180000,8.000000,140.490000
1769105987.566276,0,0.000000,52.970000,0.000000,0.000000,0.000000,0.000000,0.000000,-0.180000,8.000000,140.500000
1769105987.567079,0,0.000000,52.900000,0.000000,0.010000,0.000000,0.000000,0.000000,-0.180000,8.000000,140.520000
1769105987.598455,0,0.000000,52.810000,0.000000,0.050000,0.000000,0.000000,0.000000,-0.180000,8.000000,140.520000
1769105987.599460,0,0.000000,52.810000,0.000000,0.000000,0.000000,0.000000,0.000000,-0.180000,8.000000,140.550000
1769105987.637843,0,0.000000,52.810000,0.000000,0.050000,0.000000,0.000000,0.000000,-0.180000,8.000000,140.570000
1769105987.639624,0,0.000000,52.910000,0.000000,0.070000,0.000000,0.000000,0.000000,-0.180000,8.000000,140.580000
1769105987.641005,0,0.000000,52.840000,0.000000,0.000000,0.000000,0.000000,0.000000,-0.180000,8.000000,140.600000
1769105987.675308,0,0.000000,52.860000,0.000000,0.000000,0.000000,0.000000,0.000000,-0.180000,8.000000,140.610000
1769105987.676308,0,0.000000,52.810000,0.000000,0.000000,0.000000,0.000000,0.000000,-0.180000,8.000000,140.630000
1769105987.709781,0,0.000000,52.910000,0.000000,0.070000,0.000000,0.000000,0.000000,-0.180000,8.000000,140.630000
1769105987.710779,0,0.000000,52.970000,0.000000,0.000000,0.000000,0.000000,0.000000,-0.180000,8.000000,140.660000
1769105987.711388,0,0.000000,52.990000,0.000000,0.000000,0.000000,0.000000,0.000000,-0.180000,8.000000,140.660000
1769105987.747821,0,0.000000,52.860000,0.000000,0.010000,0.000000,0.000000,0.000000,-0.180000,8.000000,140.690000
1769105987.748438,0,0.000000,52.860000,0.000000,0.020000,0.000000,0.000000,0.000000,-0.180000,8.000000,140.690000
1769105987.781245,0,0.000000,52.900000,0.000000,0.000000,0.000000,0.000000,0.000000,-0.180000,8.000000,140.720000
1769105987.781942,0,0.000000,52.950000,0.000000,0.070000,0.000000,0.000000,0.000000,-0.180000,8.000000,140.720000
1769105987.782947,0,0.000000,52.900000,0.000000,0.000000,0.000000,0.000000,0.000000,-0.180000,8.000000,140.750000
1769105987.820792,0,0.000000,52.910000,0.000000,-0.050000,0.000000,0.000000,0.000000,-0.170000,8.000000,140.750000
1769105987.822304,0,0.000000,52.910000,0.000000,0.000000,0.000000,0.000000,0.000000,-0.180000,8.000000,140.770000
1769105987.857674,0,0.000000,52.880000,0.000000,0.090000,0.000000,0.000000,0.000000,-0.180000,8.000000,140.780000
1769105987.858682,0,0.000000,52.810000,0.000000,-0.020000,0.000000,0.000000,0.000000,-0.180000,8.000000,140.800000
1769105987.888652,0,0.000000,52.880000,0.000000,-0.050000,0.000000,0.000000,0.000000,-0.180000,8.000000,140.820000
1769105987.889651,0,0.000000,52.880000,0.000000,0.010000,0.000000,0.000000,0.000000,-0.180000,8.000000,140.830000
1769105987.923259,0,0.000000,52.790000,0.000000,0.000000,0.000000,0.000000,0.000000,-0.180000,8.000000,140.850000
1769105987.924010,0,0.000000,52.790000,0.000000,0.000000,0.000000,0.000000,0.000000,-0.180000,8.000000,140.860000
1769105987.957813,0,0.000000,52.860000,0.000000,0.020000,0.000000,0.000000,0.000000,-0.180000,8.000000,140.880000
1769105987.958657,0,0.000000,52.950000,0.000000,0.050000,0.000000,0.000000,0.000000,-0.180000,8.000000,140.890000
1769105987.989340,0,0.000000,52.860000,0.000000,0.000000,0.000000,0.000000,0.000000,-0.180000,8.000000,140.910000
1769105987.991127,0,0.000000,52.810000,0.000000,0.010000,0.000000,0.000000,0.000000,-0.180000,8.000000,140.920000
1769105987.992132,0,0.000000,52.860000,0.000000,0.050000,0.000000,0.000000,0.000000,-0.180000,8.000000,140.940000
1769105987.992817,0,0.000000,52.880000,0.000000,-0.030000,0.000000,0.000000,0.000000,-0.180000,8.000000,140.960000
1769105988.031070,0,0.000000,52.790000,0.000000,0.020000,0.000000,0.000000,0.000000,-0.180000,8.000000,140.970000
1769105988.063414,0,0.000000,52.840000,0.000000,0.020000,0.000000,0.000000,0.000000,-0.180000,8.000000,140.990000
1769105988.065011,0,0.000000,52.810000,0.000000,0.020000,0.000000,0.000000,0.000000,-0.170000,8.000000,141.000000
1769105988.066018,0,0.000000,52.840000,0.000000,0.000000,0.000000,0.000000,0.000000,-0.180000,8.000000,141.020000
1769105988.097616,0,0.000000,52.840000,0.000000,0.070000,0.000000,0.000000,0.000000,-0.180000,8.000000,141.030000
1769105988.098619,0,0.000000,52.790000,0.000000,0.000000,0.000000,0.000000,0.000000,-0.180000,8.000000,141.050000
1769105988.132898,0,0.000000,52.860000,0.000000,0.020000,0.000000,0.000000,0.000000,-0.180000,8.000000,141.070000
1769105988.133899,0,0.000000,52.790000,0.000000,0.000000,0.000000,0.000000,0.000000,-0.180000,8.000000,141.080000
1769105988.168984,0,0.000000,52.860000,0.000000,0.000000,0.000000,0.000000,0.000000,-0.180000,8.000000,141.100000
1769105988.170758,0,0.000000,52.810000,0.000000,0.050000,0.000000,0.000000,0.000000,-0.180000,8.000000,141.110000
1769105988.172877,0,0.000000,52.790000,0.000000,0.010000,0.000000,0.000000,0.000000,-0.180000,8.000000,141.130000
1769105988.213887,0,0.000000,52.880000,0.000000,0.030000,0.000000,0.000000,0.000000,-0.180000,8.000000,141.130000
1769105988.214894,0,0.000000,52.770000,0.000000,0.030000,0.000000,0.000000,0.000000,-0.180000,8.000000,141.160000
1769105988.248630,0,0.000000,52.840000,0.000000,-0.020000,0.000000,0.000000,0.000000,-0.170000,8.000000,141.160000
1769105988.248630,0,0.000000,52.790000,0.000000,-0.010000,0.000000,0.000000,0.000000,-0.180000,8.000000,141.190000
1769105988.249634,0,0.000000,52.840000,0.000000,0.020000,0.000000,0.000000,0.000000,-0.180000,8.000000,141.190000
1769105988.280643,0,0.000000,52.860000,0.000000,0.050000,0.000000,0.000000,0.000000,-0.180000,8.000000,141.220000
1769105988.281311,0,0.000000,52.810000,0.000000,0.000000,0.000000,0.000000,0.000000,-0.180000,8.000000,141.240000
1769105988.317629,0,0.000000,52.880000,0.000000,0.000000,0.000000,0.000000,0.000000,-0.180000,8.000000,141.250000
1769105988.318627,0,0.000000,52.840000,0.000000,0.020000,0.000000,0.000000,0.000000,-0.180000,8.000000,141.270000
1769105988.350739,0,0.000000,52.810000,0.000000,0.010000,0.000000,0.000000,0.000000,-0.180000,8.000000,141.270000
1769105988.352252,0,0.000000,52.790000,0.000000,0.000000,0.000000,0.000000,0.000000,-0.180000,8.000000,141.300000
1769105988.353021,0,0.000000,52.750000,0.000000,0.010000,0.000000,0.000000,0.000000,-0.180000,8.000000,141.300000
1769105988.390456,0,0.000000,52.840000,0.000000,0.000000,0.000000,0.000000,0.000000,-0.180000,8.000000,141.330000
1769105988.391455,0,0.000000,52.770000,0.000000,0.000000,0.000000,0.000000,0.000000,-0.170000,8.000000,141.330000
1769105988.419487,0,0.000000,52.840000,0.000000,0.000000,0.000000,0.000000,0.000000,-0.180000,8.000000,141.360000
1769105988.420496,0,0.000000,52.860000,0.000000,0.110000,0.000000,0.000000,0.000000,-0.180000,8.000000,141.360000
1769105988.451089,0,0.000000,52.880000,0.000000,0.000000,0.000000,0.000000,0.000000,-0.170000,8.000000,141.380000
1769105988.452127,0,0.000000,52.880000,0.000000,0.070000,0.000000,0.000000,0.000000,-0.180000,8.000000,141.390000
1769105988.485219,0,0.000000,52.810000,0.000000,0.000000,0.000000,0.000000,0.000000,-0.180000,8.000000,141.410000
1769105988.485219,0,0.000000,52.810000,0.000000,0.020000,0.000000,0.000000,0.000000,-0.180000,8.000000,141.420000
1769105988.486837,0,0.000000,52.810000,0.000000,0.050000,0.000000,0.000000,0.000000,-0.180000,8.000000,141.440000
1769105988.519709,0,0.000000,52.880000,0.000000,-0.050000,0.000000,0.000000,0.000000,-0.180000,8.000000,141.460000
1769105988.559485,0,0.000000,52.880000,0.000000,0.000000,0.000000,0.000000,0.000000,-0.180000,8.000000,141.470000
1769105988.561288,0,0.000000,52.860000,0.000000,-0.010000,0.000000,0.000000,0.000000,-0.180000,8.000000,141.490000
1769105988.562325,0,0.000000,52.810000,0.000000,0.050000,0.000000,0.000000,0.000000,-0.180000,8.000000,141.500000
1769105988.564157,0,0.000000,52.790000,0.000000,0.030000,0.000000,0.000000,0.000000,-0.180000,8.000000,141.520000
1769105988.593477,0,0.000000,52.790000,0.000000,0.000000,0.000000,0.000000,0.000000,-0.180000,8.000000,141.530000
1769105988.627890,0,0.000000,52.840000,0.000000,-0.050000,0.000000,0.000000,0.000000,-0.180000,8.000000,141.550000
1769105988.627890,0,0.000000,52.840000,0.000000,0.000000,0.000000,0.000000,0.000000,-0.180000,8.000000,141.570000
1769105988.629731,0,0.000000,52.790000,0.000000,0.000000,0.000000,0.000000,0.000000,-0.180000,8.000000,141.580000
1769105988.661268,0,0.000000,52.840000,0.000000,-0.010000,0.000000,0.000000,0.000000,-0.180000,8.000000,141.600000
1769105988.662303,0,0.000000,52.860000,0.000000,0.050000,0.000000,0.000000,0.000000,-0.180000,8.000000,141.610000
1769105988.693689,0,0.000000,52.840000,0.000000,0.000000,0.000000,0.000000,0.000000,-0.180000,8.000000,141.630000
1769105988.694685,0,0.000000,52.840000,0.000000,0.010000,0.000000,0.000000,0.000000,-0.180000,8.000000,141.630000
1769105988.730341,0,0.000000,52.910000,0.000000,0.050000,0.000000,0.000000,0.000000,-0.180000,8.000000,141.660000
1769105988.731882,0,0.000000,52.790000,0.000000,0.000000,0.000000,0.000000,0.000000,-0.180000,8.000000,141.660000
1769105988.766651,0,0.000000,52.840000,0.000000,0.020000,0.000000,0.000000,0.000000,-0.180000,8.000000,141.690000
1769105988.767688,0,0.000000,52.860000,0.000000,0.000000,0.000000,0.000000,0.000000,-0.180000,8.000000,141.710000
1769105988.768431,0,0.000000,52.840000,0.000000,-0.050000,0.000000,0.000000,0.000000,-0.180000,8.000000,141.720000
1769105988.799397,0,0.000000,52.750000,0.000000,0.020000,0.000000,0.000000,0.000000,-0.180000,8.000000,141.740000
1769105988.800170,0,0.000000,52.840000,0.000000,0.000000,0.000000,0.000000,0.000000,-0.180000,8.000000,141.750000
1769105988.801970,0,0.000000,52.860000,0.000000,0.010000,0.000000,0.000000,0.000000,-0.180000,8.000000,141.770000
1769105988.833068,0,0.000000,52.860000,0.000000,0.020000,0.000000,0.000000,0.000000,-0.180000,8.000000,141.770000
1769105988.834108,0,0.000000,52.770000,0.000000,0.000000,0.000000,0.000000,0.000000,-0.180000,8.000000,141.800000
1769105988.866702,0,0.000000,52.840000,0.000000,0.000000,0.000000,0.000000,0.000000,-0.180000,8.000000,141.800000
1769105988.899872,0,0.000000,52.790000,0.000000,0.000000,0.000000,0.000000,0.000000,-0.180000,8.000000,141.830000
1769105988.900910,0,0.000000,52.840000,0.000000,0.000000,0.000000,0.000000,0.000000,-0.170000,8.000000,141.850000
1769105988.901642,0,0.000000,52.840000,0.000000,-0.120000,0.000000,0.000000,0.000000,-0.180000,8.000000,141.860000
1769105988.936662,0,0.000000,52.810000,0.000000,0.000000,0.000000,0.000000,0.000000,-0.180000,8.000000,141.880000
1769105988.937407,0,0.000000,52.810000,0.000000,0.030000,0.000000,0.000000,0.000000,-0.180000,8.000000,141.880000
1769105988.938416,0,0.000000,52.840000,0.000000,0.000000,0.000000,0.000000,0.000000,-0.180000,8.000000,141.890000
1769105988.973269,0,0.000000,52.680000,0.000000,0.000000,0.000000,0.000000,0.000000,-0.180000,8.000000,141.910000
1769105989.003305,0,0.000000,52.720000,0.000000,0.030000,0.000000,0.000000,0.000000,-0.180000,8.000000,141.920000
1769105989.003305,0,0.000000,52.790000,0.000000,0.020000,0.000000,0.000000,0.000000,-0.180000,8.000000,141.940000
1769105989.032032,0,0.000000,52.790000,0.000000,0.020000,0.000000,0.000000,0.000000,-0.180000,8.000000,141.960000
1769105989.033069,0,0.000000,52.750000,0.000000,0.020000,0.000000,0.000000,0.000000,-0.180000,8.000000,141.970000
1769105989.066112,0,0.000000,52.720000,0.000000,0.050000,0.000000,0.000000,0.000000,-0.180000,8.000000,141.990000
1769105989.067270,0,0.000000,52.810000,0.000000,0.020000,0.000000,0.000000,0.000000,-0.180000,8.000000,142.000000
1769105989.095614,0,0.000000,52.840000,0.000000,-0.020000,0.000000,0.000000,0.000000,-0.180000,8.000000,142.020000
1769105989.096618,0,0.000000,52.810000,0.000000,0.030000,0.000000,0.000000,0.000000,-0.180000,8.000000,142.030000
1769105989.097612,0,0.000000,52.860000,0.000000,0.020000,0.000000,0.000000,0.000000,-0.180000,8.000000,142.050000
1769105989.125361,0,0.000000,52.840000,0.000000,0.000000,0.000000,0.000000,0.000000,-0.180000,8.000000,142.070000
1769105989.126008,0,0.000000,52.790000,0.000000,-0.030000,0.000000,0.000000,0.000000,-0.180000,8.000000,142.080000
1769105989.158594,0,0.000000,52.810000,0.000000,-0.010000,0.000000,0.000000,0.000000,-0.180000,8.000000,142.100000
1769105989.194493,0,0.000000,52.810000,0.000000,0.000000,0.000000,0.000000,0.000000,-0.180000,8.000000,142.110000
1769105989.195497,0,0.000000,52.840000,0.000000,0.000000,0.000000,0.000000,0.000000,-0.180000,8.000000,142.130000
1769105989.197493,0,0.000000,52.810000,0.000000,0.020000,0.000000,0.000000,0.000000,-0.180000,8.000000,142.130000
1769105989.198493,0,0.000000,52.790000,0.000000,0.020000,0.000000,0.000000,0.000000,-0.180000,8.000000,142.160000
1769105989.231637,0,0.000000,52.840000,0.000000,-0.030000,0.000000,0.000000,0.000000,-0.180000,8.000000,142.160000
1769105989.233119,0,0.000000,52.860000,0.000000,-0.010000,0.000000,0.000000,0.000000,-0.180000,8.000000,142.190000
1769105989.265493,0,0.000000,52.840000,0.000000,-0.020000,0.000000,0.000000,0.000000,-0.180000,8.000000,142.190000
1769105989.266258,0,0.000000,52.840000,0.000000,-0.030000,0.000000,0.000000,0.000000,-0.180000,8.000000,142.220000
1769105989.298110,0,0.000000,52.810000,0.000000,0.030000,0.000000,0.000000,0.000000,-0.180000,8.000000,142.220000
1769105989.298645,0,0.000000,52.810000,0.000000,0.020000,0.000000,0.000000,0.000000,-0.180000,8.000000,142.250000
1769105989.329670,0,0.000000,52.770000,0.000000,0.050000,0.000000,0.000000,0.000000,-0.180000,8.000000,142.270000
1769105989.330671,0,0.000000,52.790000,0.000000,0.030000,0.000000,0.000000,0.000000,-0.180000,8.000000,142.270000
1769105989.366298,0,0.000000,52.860000,0.000000,0.000000,0.000000,0.000000,0.000000,-0.180000,8.000000,142.300000
1769105989.368055,0,0.000000,52.840000,0.000000,0.020000,0.000000,0.000000,0.000000,-0.180000,8.000000,142.300000
1769105989.405109,0,0.000000,52.810000,0.000000,-0.120000,0.000000,0.000000,0.000000,-0.180000,8.000000,142.330000
1769105989.406111,0,0.000000,52.880000,0.000000,-0.020000,0.000000,0.000000,0.000000,-0.180000,8.000000,142.330000
1769105989.407112,0,0.000000,52.840000,0.000000,0.050000,0.000000,0.000000,0.000000,-0.180000,8.000000,142.350000
1769105989.444844,0,0.000000,52.860000,0.000000,0.050000,0.000000,0.000000,0.000000,-0.180000,8.000000,142.360000
1769105989.444844,0,0.000000,52.840000,0.000000,0.050000,0.000000,0.000000,0.000000,-0.180000,8.000000,142.380000
1769105989.446818,0,0.000000,52.810000,0.000000,0.000000,0.000000,0.000000,0.000000,-0.180000,8.000000,142.390000
1769105989.478678,0,0.000000,52.810000,0.000000,0.050000,0.000000,0.000000,0.000000,-0.180000,8.000000,142.410000
1769105989.480463,0,0.000000,52.810000,0.000000,0.010000,0.000000,0.000000,0.000000,-0.180000,8.000000,142.420000
1769105989.511327,0,0.000000,52.810000,0.000000,0.050000,0.000000,0.000000,0.000000,-0.180000,8.000000,142.440000
1769105989.512059,0,0.000000,52.810000,0.000000,0.000000,0.000000,0.000000,0.000000,-0.180000,8.000000,142.460000
1769105989.513096,0,0.000000,52.790000,0.000000,0.000000,0.000000,0.000000,0.000000,-0.180000,8.000000,142.470000
1769105989.542962,0,0.000000,52.790000,0.000000,0.000000,0.000000,0.000000,0.000000,-0.180000,8.000000,142.490000
1769105989.543998,0,0.000000,52.790000,0.000000,-0.020000,0.000000,0.000000,0.000000,-0.180000,8.000000,142.500000
1769105989.582022,0,0.000000,52.860000,0.000000,0.050000,0.000000,0.000000,0.000000,-0.180000,8.000000,142.520000
1769105989.614502,0,0.000000,52.860000,0.000000,0.000000,0.000000,0.000000,0.000000,-0.180000,8.000000,142.530000
1769105989.615538,0,0.000000,52.860000,0.000000,0.000000,0.000000,0.000000,0.000000,-0.180000,8.000000,142.550000
1769105989.616229,0,0.000000,52.860000,0.000000,0.010000,0.000000,0.000000,0.000000,-0.180000,8.000000,142.570000
1769105989.647468,0,0.000000,52.840000,0.000000,0.000000,0.000000,0.000000,0.000000,-0.180000,8.000000,142.580000
1769105989.647468,0,0.000000,52.860000,0.000000,0.020000,0.000000,0.000000,0.000000,-0.180000,8.000000,142.600000
1769105989.682626,0,0.000000,52.860000,0.000000,0.010000,0.000000,0.000000,0.000000,-0.180000,8.000000,142.610000
1769105989.709634,0,0.000000,52.860000,0.000000,0.020000,0.000000,0.000000,0.000000,-0.180000,8.000000,142.630000
1769105989.710381,0,0.000000,52.810000,0.000000,0.000000,0.000000,0.000000,0.000000,-0.180000,8.000000,142.640000
1769105989.711385,0,0.000000,52.840000,0.000000,0.020000,0.000000,0.000000,0.000000,-0.180000,8.000000,142.660000
1769105989.748988,0,0.000000,52.840000,0.000000,0.000000,0.000000,0.000000,0.000000,-0.180000,8.000000,142.670000
1769105989.750025,0,0.000000,52.840000,0.000000,0.000000,0.000000,0.000000,0.000000,-0.180000,8.000000,142.690000
1769105989.750777,0,0.000000,52.810000,0.000000,0.000000,0.000000,0.000000,0.000000,-0.180000,8.000000,142.710000
1769105989.792259,0,0.000000,52.810000,0.000000,0.030000,0.000000,0.000000,0.000000,-0.180000,8.000000,142.720000
1769105989.793295,0,0.000000,52.810000,0.000000,-0.050000,0.000000,0.000000,0.000000,-0.180000,8.000000,142.740000
1769105989.821681,0,0.000000,52.770000,0.000000,-0.100000,0.000000,0.000000,0.000000,-0.180000,8.000000,142.750000
1769105989.822682,0,0.000000,52.810000,0.000000,0.020000,0.000000,0.000000,0.000000,-0.180000,8.000000,142.770000
1769105989.847463,0,0.000000,52.790000,0.000000,0.050000,0.000000,0.000000,0.000000,-0.180000,8.000000,142.770000
1769105989.848463,0,0.000000,52.880000,0.000000,0.000000,0.000000,0.000000,0.000000,-0.180000,8.000000,142.800000
1769105989.849466,0,0.000000,52.840000,0.000000,0.000000,0.000000,0.000000,0.000000,-0.180000,8.000000,142.800000
1769105989.882298,0,0.000000,52.810000,0.000000,0.000000,0.000000,0.000000,0.000000,-0.180000,8.000000,142.830000
1769105989.883285,0,0.000000,52.840000,0.000000,-0.090000,0.000000,0.000000,0.000000,-0.180000,8.000000,142.830000
1769105989.916818,0,0.000000,52.840000,0.000000,0.000000,0.000000,0.000000,0.000000,-0.170000,8.000000,142.860000
1769105989.951755,0,0.000000,52.790000,0.000000,-0.010000,0.000000,0.000000,0.000000,-0.180000,8.000000,142.860000
1769105989.952549,0,0.000000,52.810000,0.000000,0.000000,0.000000,0.000000,0.000000,-0.180000,8.000000,142.880000
1769105989.990048,0,0.000000,52.900000,0.000000,0.030000,0.000000,0.000000,0.000000,-0.180000,8.000000,142.890000
1769105989.990787,0,0.000000,52.810000,0.000000,0.000000,0.000000,0.000000,0.000000,-0.170000,8.000000,142.910000
1769105989.991296,0,0.000000,52.840000,0.000000,0.050000,0.000000,0.000000,0.000000,-0.180000,8.000000,142.940000
1769105990.022793,0,0.000000,52.810000,0.000000,0.030000,0.000000,0.000000,0.000000,-0.180000,8.000000,142.940000
1769105990.022793,0,0.000000,52.840000,0.000000,0.000000,0.000000,0.000000,0.000000,-0.180000,8.000000,142.970000
1769105990.024582,0,0.000000,52.860000,0.000000,0.000000,0.000000,0.000000,0.000000,-0.180000,8.000000,142.970000
1769105990.061047,0,0.000000,52.770000,0.000000,0.050000,0.000000,0.000000,0.000000,-0.180000,8.000000,143.000000
1769105990.088483,0,0.000000,52.810000,0.000000,0.020000,0.000000,0.000000,0.000000,-0.180000,8.000000,143.000000
1769105990.088988,0,0.000000,52.860000,0.000000,0.000000,0.000000,0.000000,0.000000,-0.180000,8.000000,143.020000
1769105990.089993,0,0.000000,52.840000,0.000000,-0.020000,0.000000,0.000000,0.000000,-0.180000,8.000000,143.030000
1769105990.090993,0,0.000000,52.750000,0.000000,-0.050000,0.000000,0.000000,0.000000,-0.180000,8.000000,143.050000
1769105990.128061,0,0.000000,52.900000,0.000000,-0.030000,0.000000,0.000000,0.000000,-0.180000,8.000000,143.070000
1769105990.160340,0,0.000000,52.790000,0.000000,0.020000,0.000000,0.000000,0.000000,-0.170000,8.000000,143.080000
1769105990.161202,0,0.000000,52.790000,0.000000,0.000000,0.000000,0.000000,0.000000,-0.180000,8.000000,143.100000
1769105990.162206,0,0.000000,52.810000,0.000000,0.010000,0.000000,0.000000,0.000000,-0.180000,8.000000,143.110000
1769105990.193322,0,0.000000,52.840000,0.000000,0.000000,0.000000,0.000000,0.000000,-0.180000,8.000000,143.130000
1769105990.194631,0,0.000000,52.840000,0.000000,0.010000,0.000000,0.000000,0.000000,-0.180000,8.000000,143.140000
1769105990.224563,0,0.000000,52.880000,0.000000,0.010000,0.000000,0.000000,0.000000,-0.180000,8.000000,143.160000
1769105990.226361,0,0.000000,52.840000,0.000000,0.020000,0.000000,0.000000,0.000000,-0.180000,8.000000,143.170000
1769105990.256600,0,0.000000,52.880000,0.000000,-0.010000,0.000000,0.000000,0.000000,-0.180000,8.000000,143.190000
1769105990.257171,0,0.000000,52.840000,0.000000,0.000000,0.000000,0.000000,0.000000,-0.180000,8.000000,143.210000
1769105990.258175,0,0.000000,52.840000,0.000000,0.000000,0.000000,0.000000,0.000000,-0.180000,8.000000,143.220000
1769105990.293663,0,0.000000,52.840000,0.000000,0.050000,0.000000,0.000000,0.000000,-0.180000,8.000000,143.240000
1769105990.322476,0,0.000000,52.840000,0.000000,0.000000,0.000000,0.000000,0.000000,-0.180000,8.000000,143.250000
1769105990.322981,0,0.000000,52.790000,0.000000,0.000000,0.000000,0.000000,0.000000,-0.180000,8.000000,143.270000
1769105990.355924,0,0.000000,52.810000,0.000000,0.010000,0.000000,0.000000,0.000000,-0.180000,8.000000,143.270000
1769105990.356933,0,0.000000,52.840000,0.000000,0.090000,0.000000,0.000000,0.000000,-0.180000,8.000000,143.300000
1769105990.357731,0,0.000000,52.770000,0.000000,0.050000,0.000000,0.000000,0.000000,-0.180000,8.000000,143.320000
1769105990.398490,0,0.000000,52.950000,0.000000,0.000000,0.000000,0.000000,0.000000,-0.180000,8.000000,143.330000
1769105990.399487,0,0.000000,52.810000,0.000000,0.010000,0.000000,0.000000,0.000000,-0.180000,8.000000,143.330000
1769105990.431463,0,0.000000,52.860000,0.000000,0.100000,0.000000,0.000000,0.000000,-0.180000,8.000000,143.360000
1769105990.432000,0,0.000000,52.810000,0.000000,0.000000,0.000000,0.000000,0.000000,-0.180000,8.000000,143.360000
1769105990.433036,0,0.000000,52.810000,0.000000,0.030000,0.000000,0.000000,0.000000,-0.180000,8.000000,143.380000
1769105990.467225,0,0.000000,52.880000,0.000000,0.000000,0.000000,0.000000,0.000000,-0.170000,8.000000,143.410000
1769105990.468261,0,0.000000,52.810000,0.000000,0.000000,0.000000,0.000000,0.000000,-0.180000,8.000000,143.410000
1769105990.502289,0,0.000000,52.860000,0.000000,0.000000,0.000000,0.000000,0.000000,-0.180000,8.000000,143.420000
1769105990.503290,0,0.000000,52.770000,0.000000,0.000000,0.000000,0.000000,0.000000,-0.180000,8.000000,143.440000
1769105990.504270,0,0.000000,52.770000,0.000000,-0.030000,0.000000,0.000000,0.000000,-0.180000,8.000000,143.460000
1769105990.538191,0,0.000000,52.790000,0.000000,0.010000,0.000000,0.000000,0.000000,-0.170000,8.000000,143.470000
1769105990.538712,0,0.000000,52.860000,0.000000,0.030000,0.000000,0.000000,0.000000,-0.180000,8.000000,143.490000
1769105990.574426,0,0.000000,52.860000,0.000000,0.000000,0.000000,0.000000,0.000000,-0.180000,8.000000,143.500000
1769105990.575426,0,0.000000,52.880000,0.000000,0.020000,0.000000,0.000000,0.000000,-0.170000,8.000000,143.520000
1769105990.612927,0,0.000000,52.880000,0.000000,-0.010000,0.000000,0.000000,0.000000,-0.180000,8.000000,143.530000
1769105990.613931,0,0.000000,52.790000,0.000000,0.000000,0.000000,0.000000,0.000000,-0.180000,8.000000,143.550000
1769105990.641133,0,0.000000,52.770000,0.000000,-0.070000,0.000000,0.000000,0.000000,-0.180000,8.000000,143.570000
1769105990.642132,0,0.000000,52.840000,0.000000,-0.030000,0.000000,0.000000,0.000000,-0.180000,8.000000,143.580000
1769105990.643132,0,0.000000,52.810000,0.000000,-0.010000,0.000000,0.000000,0.000000,-0.170000,8.000000,143.600000
1769105990.675135,0,0.000000,52.810000,0.000000,0.020000,0.000000,0.000000,0.000000,-0.180000,8.000000,143.610000
1769105990.676151,0,0.000000,52.880000,0.000000,0.000000,0.000000,0.000000,0.000000,-0.180000,8.000000,143.630000
1769105990.710395,0,0.000000,52.810000,0.000000,0.050000,0.000000,0.000000,0.000000,-0.180000,8.000000,143.640000
1769105990.711431,0,0.000000,52.880000,0.000000,0.000000,0.000000,0.000000,0.000000,-0.180000,8.000000,143.660000
1769105990.739968,0,0.000000,52.810000,0.000000,0.000000,0.000000,0.000000,0.000000,-0.180000,8.000000,143.670000
1769105990.741008,0,0.000000,52.810000,0.000000,0.010000,0.000000,0.000000,0.000000,-0.180000,8.000000,143.690000
1769105990.741809,0,0.000000,52.770000,0.000000,0.000000,0.000000,0.000000,0.000000,-0.180000,8.000000,143.710000
1769105990.783193,0,0.000000,52.840000,0.000000,-0.010000,0.000000,0.000000,0.000000,-0.180000,8.000000,143.720000
1769105990.815434,0,0.000000,52.900000,0.000000,0.010000,0.000000,0.000000,0.000000,-0.180000,8.000000,143.740000
1769105990.816471,0,0.000000,52.840000,0.000000,-0.030000,0.000000,0.000000,0.000000,-0.180000,8.000000,143.750000
1769105990.817197,0,0.000000,52.840000,0.000000,0.000000,0.000000,0.000000,0.000000,-0.180000,8.000000,143.770000
1769105990.849258,0,0.000000,52.810000,0.000000,0.070000,0.000000,0.000000,0.000000,-0.180000,8.000000,143.780000
1769105990.850296,0,0.000000,52.840000,0.000000,-0.100000,0.000000,0.000000,0.000000,-0.180000,8.000000,143.800000
1769105990.884596,0,0.000000,52.790000,0.000000,0.000000,0.000000,0.000000,0.000000,-0.180000,8.000000,143.820000
1769105990.885604,0,0.000000,52.860000,0.000000,0.050000,0.000000,0.000000,0.000000,-0.180000,8.000000,143.830000
1769105990.886597,0,0.000000,52.770000,0.000000,0.000000,0.000000,0.000000,0.000000,-0.170000,8.000000,143.850000
1769105990.923270,0,0.000000,52.810000,0.000000,0.000000,0.000000,0.000000,0.000000,-0.180000,8.000000,143.860000
1769105990.958603,0,0.000000,52.840000,0.000000,0.000000,0.000000,0.000000,0.000000,-0.180000,8.000000,143.880000
1769105990.959574,0,0.000000,52.840000,0.000000,0.030000,0.000000,0.000000,0.000000,-0.170000,8.000000,143.880000
1769105990.960604,0,0.000000,52.770000,0.000000,0.070000,0.000000,0.000000,0.000000,-0.180000,8.000000,143.910000
1769105990.994859,0,0.000000,52.860000,0.000000,0.050000,0.000000,0.000000,0.000000,-0.180000,8.000000,143.910000
1769105990.995650,0,0.000000,52.790000,0.000000,0.070000,0.000000,0.000000,0.000000,-0.180000,8.000000,143.940000
1769105991.027774,0,0.000000,52.770000,0.000000,0.000000,0.000000,0.000000,0.000000,-0.180000,8.000000,143.940000
1769105991.028812,0,0.000000,52.900000,0.000000,0.070000,0.000000,0.000000,0.000000,-0.180000,8.000000,143.970000
1769105991.029128,0,0.000000,52.810000,0.000000,-0.020000,0.000000,0.000000,0.000000,-0.180000,8.000000,143.970000
1769105991.063428,0,0.000000,52.790000,0.000000,-0.030000,0.000000,0.000000,0.000000,-0.180000,8.000000,144.000000
1769105991.065256,0,0.000000,52.860000,0.000000,0.000000,0.000000,0.000000,0.000000,-0.180000,8.000000,144.000000
1769105991.102218,0,0.000000,52.840000,0.000000,-0.010000,0.000000,0.000000,0.000000,-0.180000,8.000000,144.020000
1769105991.102984,0,0.000000,52.840000,0.000000,-0.070000,0.000000,0.000000,0.000000,-0.180000,8.000000,144.050000
1769105991.104023,0,0.000000,52.790000,0.000000,0.000000,0.000000,0.000000,0.000000,-0.180000,8.000000,144.050000
1769105991.138209,0,0.000000,52.770000,0.000000,-0.050000,0.000000,0.000000,0.000000,-0.180000,8.000000,144.080000
1769105991.138995,0,0.000000,52.810000,0.000000,0.070000,0.000000,0.000000,0.000000,-0.180000,8.000000,144.080000
1769105991.170427,0,0.000000,52.810000,0.000000,0.020000,0.000000,0.000000,0.000000,-0.180000,8.000000,144.110000
1769105991.171426,0,0.000000,52.810000,0.000000,0.050000,0.000000,0.000000,0.000000,-0.170000,8.000000,144.110000
1769105991.172426,0,0.000000,52.880000,0.000000,0.050000,0.000000,0.000000,0.000000,-0.180000,8.000000,144.130000
1769105991.213105,0,0.000000,52.810000,0.000000,-0.010000,0.000000,0.000000,0.000000,-0.180000,8.000000,144.140000
1769105991.243174,0,0.000000,52.790000,0.000000,0.000000,0.000000,0.000000,0.000000,-0.180000,8.000000,144.160000
1769105991.244180,0,0.000000,52.810000,0.000000,-0.010000,0.000000,0.000000,0.000000,-0.180000,8.000000,144.170000
1769105991.244964,0,0.000000,52.860000,0.000000,-0.100000,0.000000,0.000000,0.000000,-0.180000,8.000000,144.190000
1769105991.246732,0,0.000000,52.840000,0.000000,0.070000,0.000000,0.000000,0.000000,-0.180000,8.000000,144.210000
1769105991.282359,0,0.000000,52.770000,0.000000,0.020000,0.000000,0.000000,0.000000,-0.180000,8.000000,144.220000
1769105991.283359,0,0.000000,52.810000,0.000000,0.000000,0.000000,0.000000,0.000000,-0.180000,8.000000,144.240000
1769105991.318411,0,0.000000,52.810000,0.000000,0.030000,0.000000,0.000000,0.000000,-0.180000,8.000000,144.250000
1769105991.348264,0,0.000000,52.810000,0.000000,-0.030000,0.000000,0.000000,0.000000,-0.170000,8.000000,144.270000
1769105991.349965,0,0.000000,52.840000,0.000000,-0.010000,0.000000,0.000000,0.000000,-0.170000,8.000000,144.280000
1769105991.349965,0,0.000000,52.900000,0.000000,0.030000,0.000000,0.000000,0.000000,-0.180000,8.000000,144.300000
1769105991.382207,0,0.000000,52.810000,0.000000,-0.010000,0.000000,0.000000,0.000000,-0.180000,8.000000,144.320000
1769105991.383984,0,0.000000,52.790000,0.000000,0.000000,0.000000,0.000000,0.000000,-0.180000,8.000000,144.330000
1769105991.413596,0,0.000000,52.790000,0.000000,0.010000,0.000000,0.000000,0.000000,-0.180000,8.000000,144.350000
1769105991.414634,0,0.000000,52.860000,0.000000,-0.020000,0.000000,0.000000,0.000000,-0.180000,8.000000,144.360000
1769105991.447400,0,0.000000,52.790000,0.000000,0.070000,0.000000,0.000000,0.000000,-0.180000,8.000000,144.380000
1769105991.448393,0,0.000000,52.790000,0.000000,0.000000,0.000000,0.000000,0.000000,-0.180000,8.000000,144.390000
1769105991.449393,0,0.000000,52.840000,0.000000,-0.070000,0.000000,0.000000,0.000000,-0.180000,8.000000,144.410000
1769105991.483167,0,0.000000,52.840000,0.000000,0.030000,0.000000,0.000000,0.000000,-0.180000,8.000000,144.420000
1769105991.516435,0,0.000000,52.790000,0.000000,0.020000,0.000000,0.000000,0.000000,-0.180000,8.000000,144.440000
1769105991.517441,0,0.000000,52.900000,0.000000,0.030000,0.000000,0.000000,0.000000,-0.180000,8.000000,144.460000
1769105991.518193,0,0.000000,52.860000,0.000000,0.120000,0.000000,0.000000,0.000000,-0.180000,8.000000,144.470000
1769105991.552380,0,0.000000,52.790000,0.000000,0.000000,0.000000,0.000000,0.000000,-0.180000,8.000000,144.490000
1769105991.553419,0,0.000000,52.750000,0.000000,0.050000,0.000000,0.000000,0.000000,-0.180000,8.000000,144.500000
1769105991.588567,0,0.000000,52.900000,0.000000,0.000000,0.000000,0.000000,0.000000,-0.180000,8.000000,144.520000
1769105991.589569,0,0.000000,52.790000,0.000000,0.070000,0.000000,0.000000,0.000000,-0.180000,8.000000,144.520000
1769105991.618976,0,0.000000,52.880000,0.000000,0.000000,0.000000,0.000000,0.000000,-0.180000,8.000000,144.550000
1769105991.620981,0,0.000000,52.860000,0.000000,0.000000,0.000000,0.000000,0.000000,-0.180000,8.000000,144.550000
1769105991.650145,0,0.000000,52.840000,0.000000,-0.020000,0.000000,0.000000,0.000000,-0.180000,8.000000,144.580000
1769105991.651139,0,0.000000,52.840000,0.000000,0.000000,0.000000,0.000000,0.000000,-0.180000,8.000000,144.600000
1769105991.652110,0,0.000000,52.840000,0.000000,0.010000,0.000000,0.000000,0.000000,-0.180000,8.000000,144.610000
1769105991.684228,0,0.000000,52.840000,0.000000,0.000000,0.000000,0.000000,0.000000,-0.180000,8.000000,144.630000
1769105991.716584,0,0.000000,52.880000,0.000000,-0.020000,0.000000,0.000000,0.000000,-0.170000,8.000000,144.630000
1769105991.717620,0,0.000000,52.840000,0.000000,0.010000,0.000000,0.000000,0.000000,-0.170000,8.000000,144.660000
1769105991.753011,0,0.000000,52.860000,0.000000,0.010000,0.000000,0.000000,0.000000,-0.180000,8.000000,144.660000
1769105991.754012,0,0.000000,52.840000,0.000000,0.010000,0.000000,0.000000,0.000000,-0.180000,8.000000,144.690000
1769105991.755002,0,0.000000,52.810000,0.000000,0.000000,0.000000,0.000000,0.000000,-0.180000,8.000000,144.690000
1769105991.789948,0,0.000000,52.840000,0.000000,-0.050000,0.000000,0.000000,0.000000,-0.180000,8.000000,144.720000
1769105991.790953,0,0.000000,52.810000,0.000000,0.020000,0.000000,0.000000,0.000000,-0.180000,8.000000,144.720000
1769105991.791706,0,0.000000,52.860000,0.000000,0.020000,0.000000,0.000000,0.000000,-0.180000,8.000000,144.750000
1769105991.827396,0,0.000000,52.860000,0.000000,0.020000,0.000000,0.000000,0.000000,-0.180000,8.000000,144.750000
1769105991.828226,0,0.000000,52.860000,0.000000,0.090000,0.000000,0.000000,0.000000,-0.180000,8.000000,144.770000
1769105991.864936,0,0.000000,52.750000,0.000000,0.000000,0.000000,0.000000,0.000000,-0.180000,8.000000,144.780000
1769105991.865973,0,0.000000,52.840000,0.000000,0.000000,0.000000,0.000000,0.000000,-0.180000,8.000000,144.800000
1769105991.866778,0,0.000000,52.880000,0.000000,0.000000,0.000000,0.000000,0.000000,-0.180000,8.000000,144.820000
1769105991.897945,0,0.000000,52.880000,0.000000,0.180000,0.000000,0.000000,0.000000,-0.180000,8.000000,144.830000
1769105991.899156,0,0.000000,52.860000,0.000000,0.050000,0.000000,0.000000,0.000000,-0.180000,8.000000,144.850000
1769105991.936925,0,0.000000,52.810000,0.000000,0.000000,0.000000,0.000000,0.000000,-0.180000,8.000000,144.860000
1769105991.937931,0,0.000000,52.900000,0.000000,0.030000,0.000000,0.000000,0.000000,-0.180000,8.000000,144.880000
1769105991.966562,0,0.000000,52.860000,0.000000,0.000000,0.000000,0.000000,0.000000,-0.180000,8.000000,144.890000
1769105991.997455,0,0.000000,52.810000,0.000000,0.000000,0.000000,0.000000,0.000000,-0.180000,8.000000,144.910000
1769105991.998208,0,0.000000,52.860000,0.000000,0.000000,0.000000,0.000000,0.000000,-0.180000,8.000000,144.920000
1769105991.999254,0,0.000000,52.810000,0.000000,0.050000,0.000000,0.000000,0.000000,-0.180000,8.000000,144.940000
1769105992.026944,0,0.000000,52.810000,0.000000,0.000000,0.000000,0.000000,0.000000,-0.170000,8.000000,144.960000
1769105992.027941,0,0.000000,52.810000,0.000000,-0.020000,0.000000,0.000000,0.000000,-0.180000,8.000000,144.970000
1769105992.060944,0,0.000000,52.810000,0.000000,0.000000,0.000000,0.000000,0.000000,-0.180000,8.000000,144.990000
1769105992.062720,0,0.000000,52.790000,0.000000,0.070000,0.000000,0.000000,0.000000,-0.180000,8.000000,145.000000
1769105992.063761,0,0.000000,52.810000,0.000000,-0.020000,0.000000,0.000000,0.000000,-0.180000,8.000000,145.020000
1769105992.096964,0,0.000000,52.860000,0.000000,0.010000,0.000000,0.000000,0.000000,-0.180000,8.000000,145.030000
1769105992.096964,0,0.000000,52.790000,0.000000,0.020000,0.000000,0.000000,0.000000,-0.180000,8.000000,145.050000
1769105992.128549,0,0.000000,52.860000,0.000000,0.090000,0.000000,0.000000,0.000000,-0.180000,8.000000,145.070000
1769105992.129362,0,0.000000,52.840000,0.000000,0.000000,0.000000,0.000000,0.000000,-0.180000,8.000000,145.080000
1769105992.159203,0,0.000000,52.860000,0.000000,0.000000,0.000000,0.000000,0.000000,-0.180000,8.000000,145.100000
1769105992.159960,0,0.000000,52.810000,0.000000,0.050000,0.000000,0.000000,0.000000,-0.180000,8.000000,145.110000
1769105992.193551,0,0.000000,52.880000,0.000000,0.050000,0.000000,0.000000,0.000000,-0.180000,8.000000,145.130000
1769105992.194553,0,0.000000,52.900000,0.000000,0.010000,0.000000,0.000000,0.000000,-0.170000,8.000000,145.130000
1769105992.223826,0,0.000000,52.840000,0.000000,0.020000,0.000000,0.000000,0.000000,-0.180000,8.000000,145.160000
1769105992.224819,0,0.000000,52.790000,0.000000,0.010000,0.000000,0.000000,0.000000,-0.180000,8.000000,145.160000
1769105992.252163,0,0.000000,52.860000,0.000000,0.020000,0.000000,0.000000,0.000000,-0.180000,8.000000,145.190000
1769105992.253199,0,0.000000,52.720000,0.000000,0.020000,0.000000,0.000000,0.000000,-0.180000,8.000000,145.190000
1769105992.282186,0,0.000000,52.860000,0.000000,0.050000,0.000000,0.000000,0.000000,-0.180000,8.000000,145.220000
1769105992.283218,0,0.000000,52.840000,0.000000,0.010000,0.000000,0.000000,0.000000,-0.180000,8.000000,145.220000
1769105992.313154,0,0.000000,52.840000,0.000000,0.000000,0.000000,0.000000,0.000000,-0.180000,8.000000,145.250000
1769105992.313154,0,0.000000,52.860000,0.000000,0.030000,0.000000,0.000000,0.000000,-0.180000,8.000000,145.250000
1769105992.314153,0,0.000000,52.840000,0.000000,0.010000,0.000000,0.000000,0.000000,-0.180000,8.000000,145.270000
1769105992.343683,0,0.000000,52.840000,0.000000,-0.070000,0.000000,0.000000,0.000000,-0.180000,8.000000,145.280000
1769105992.344683,0,0.000000,52.840000,0.000000,0.000000,0.000000,0.000000,0.000000,-0.180000,8.000000,145.300000
1769105992.381887,0,0.000000,52.750000,0.000000,0.000000,0.000000,0.000000,0.000000,-0.180000,8.000000,145.320000
1769105992.382891,0,0.000000,52.840000,0.000000,0.000000,0.000000,0.000000,0.000000,-0.180000,8.000000,145.330000
1769105992.423036,0,0.000000,52.910000,0.000000,0.000000,0.000000,0.000000,0.000000,-0.180000,8.000000,145.350000
1769105992.424038,0,0.000000,52.860000,0.000000,0.070000,0.000000,0.000000,0.000000,-0.180000,8.000000,145.360000
1769105992.459998,0,0.000000,52.840000,0.000000,0.010000,0.000000,0.000000,0.000000,-0.170000,8.000000,145.380000
1769105992.460716,0,0.000000,52.840000,0.000000,0.070000,0.000000,0.000000,0.000000,-0.180000,8.000000,145.390000
1769105992.495264,0,0.000000,52.880000,0.000000,-0.050000,0.000000,0.000000,0.000000,-0.180000,8.000000,145.410000
1769105992.496268,0,0.000000,52.910000,0.000000,0.030000,0.000000,0.000000,0.000000,-0.170000,8.000000,145.420000
1769105992.497269,0,0.000000,52.810000,0.000000,0.110000,0.000000,0.000000,0.000000,-0.180000,8.000000,145.440000
1769105992.533310,0,0.000000,52.840000,0.000000,0.000000,0.000000,0.000000,0.000000,-0.180000,8.000000,145.460000
1769105992.534309,0,0.000000,52.860000,0.000000,-0.050000,0.000000,0.000000,0.000000,-0.180000,8.000000,145.470000
1769105992.535734,0,0.000000,52.810000,0.000000,0.000000,0.000000,0.000000,0.000000,-0.180000,8.000000,145.490000
1769105992.567775,0,0.000000,52.810000,0.000000,-0.030000,0.000000,0.000000,0.000000,-0.170000,8.000000,145.500000
1769105992.568534,0,0.000000,52.770000,0.000000,-0.050000,0.000000,0.000000,0.000000,-0.180000,8.000000,145.520000
1769105992.608162,0,0.000000,52.790000,0.000000,0.000000,0.000000,0.000000,0.000000,-0.180000,8.000000,145.530000
1769105992.609178,0,0.000000,52.880000,0.000000,0.000000,0.000000,0.000000,0.000000,-0.180000,8.000000,145.550000
1769105992.610216,0,0.000000,52.770000,0.000000,-0.010000,0.000000,0.000000,0.000000,-0.180000,8.000000,145.570000
1769105992.642203,0,0.000000,52.840000,0.000000,0.070000,0.000000,0.000000,0.000000,-0.180000,8.000000,145.580000
1769105992.643209,0,0.000000,52.860000,0.000000,0.000000,0.000000,0.000000,0.000000,-0.180000,8.000000,145.600000
1769105992.673258,0,0.000000,52.810000,0.000000,0.010000,0.000000,0.000000,0.000000,-0.180000,8.000000,145.610000
1769105992.702536,0,0.000000,52.790000,0.000000,0.030000,0.000000,0.000000,0.000000,-0.180000,8.000000,145.630000
1769105992.703039,0,0.000000,52.840000,0.000000,0.070000,0.000000,0.000000,0.000000,-0.180000,8.000000,145.640000
1769105992.704044,0,0.000000,52.810000,0.000000,0.070000,0.000000,0.000000,0.000000,-0.180000,8.000000,145.660000
1769105992.734936,0,0.000000,52.840000,0.000000,0.020000,0.000000,0.000000,0.000000,-0.170000,8.000000,145.670000
1769105992.735974,0,0.000000,52.840000,0.000000,0.020000,0.000000,0.000000,0.000000,-0.180000,8.000000,145.690000
1769105992.772994,0,0.000000,52.860000,0.000000,-0.010000,0.000000,0.000000,0.000000,-0.180000,8.000000,145.710000
1769105992.805825,0,0.000000,52.790000,0.000000,-0.050000,0.000000,0.000000,0.000000,-0.170000,8.000000,145.720000
1769105992.806621,0,0.000000,52.810000,0.000000,0.010000,0.000000,0.000000,0.000000,-0.180000,8.000000,145.740000
1769105992.807625,0,0.000000,52.840000,0.000000,0.010000,0.000000,0.000000,0.000000,-0.180000,8.000000,145.750000
1769105992.808422,0,0.000000,52.860000,0.000000,0.000000,0.000000,0.000000,0.000000,-0.180000,8.000000,145.770000
1769105992.838658,0,0.000000,52.860000,0.000000,-0.010000,0.000000,0.000000,0.000000,-0.180000,8.000000,145.770000
1769105992.839662,0,0.000000,52.840000,0.000000,0.010000,0.000000,0.000000,0.000000,-0.180000,8.000000,145.800000
1769105992.875484,0,0.000000,52.840000,0.000000,0.010000,0.000000,0.000000,0.000000,-0.180000,8.000000,145.800000
1769105992.877267,0,0.000000,52.790000,0.000000,0.000000,0.000000,0.000000,0.000000,-0.170000,8.000000,145.830000
1769105992.878274,0,0.000000,52.790000,0.000000,0.050000,0.000000,0.000000,0.000000,-0.180000,8.000000,145.830000
1769105992.911913,0,0.000000,52.840000,0.000000,0.020000,0.000000,0.000000,0.000000,-0.180000,8.000000,145.860000
1769105992.913221,0,0.000000,52.860000,0.000000,-0.010000,0.000000,0.000000,0.000000,-0.180000,8.000000,145.880000
1769105992.946653,0,0.000000,52.840000,0.000000,0.010000,0.000000,0.000000,0.000000,-0.180000,8.000000,145.880000
1769105992.948512,0,0.000000,52.840000,0.000000,0.000000,0.000000,0.000000,0.000000,-0.180000,8.000000,145.910000
1769105992.982249,0,0.000000,52.810000,0.000000,0.020000,0.000000,0.000000,0.000000,-0.180000,8.000000,145.910000
1769105992.983259,0,0.000000,52.860000,0.000000,-0.100000,0.000000,0.000000,0.000000,-0.180000,8.000000,145.940000
1769105993.015952,0,0.000000,52.790000,0.000000,0.000000,0.000000,0.000000,0.000000,-0.180000,8.000000,145.940000
1769105993.016952,0,0.000000,52.860000,0.000000,0.010000,0.000000,0.000000,0.000000,-0.180000,8.000000,145.970000
1769105993.019371,0,0.000000,52.840000,0.000000,0.000000,0.000000,0.000000,0.000000,-0.170000,8.000000,145.970000
1769105993.057877,0,0.000000,52.840000,0.000000,-0.020000,0.000000,0.000000,0.000000,-0.180000,8.000000,146.000000
1769105993.059673,0,0.000000,52.810000,0.000000,-0.030000,0.000000,0.000000,0.000000,-0.180000,8.000000,146.000000
1769105993.090742,0,0.000000,52.860000,0.000000,0.020000,0.000000,0.000000,0.000000,-0.180000,8.000000,146.020000
1769105993.091743,0,0.000000,52.810000,0.000000,0.000000,0.000000,0.000000,0.000000,-0.180000,8.000000,146.030000
1769105993.125016,0,0.000000,52.860000,0.000000,0.030000,0.000000,0.000000,0.000000,-0.180000,8.000000,146.050000
1769105993.126009,0,0.000000,52.790000,0.000000,0.030000,0.000000,0.000000,0.000000,-0.180000,8.000000,146.070000
1769105993.156118,0,0.000000,52.810000,0.000000,0.050000,0.000000,0.000000,0.000000,-0.180000,8.000000,146.080000
1769105993.156870,0,0.000000,52.810000,0.000000,0.000000,0.000000,0.000000,0.000000,-0.180000,8.000000,146.100000
1769105993.157875,0,0.000000,52.860000,0.000000,-0.020000,0.000000,0.000000,0.000000,-0.180000,8.000000,146.110000
1769105993.192170,0,0.000000,52.810000,0.000000,-0.010000,0.000000,0.000000,0.000000,-0.180000,8.000000,146.130000
1769105993.193180,0,0.000000,52.750000,0.000000,0.050000,0.000000,0.000000,0.000000,-0.170000,8.000000,146.140000
1769105993.233115,0,0.000000,52.810000,0.000000,0.050000,0.000000,0.000000,0.000000,-0.180000,8.000000,146.160000
1769105993.234114,0,0.000000,52.900000,0.000000,0.000000,0.000000,0.000000,0.000000,-0.180000,8.000000,146.170000
1769105993.264933,0,0.000000,52.860000,0.000000,0.000000,0.000000,0.000000,0.000000,-0.180000,8.000000,146.190000
1769105993.265643,0,0.000000,52.810000,0.000000,0.000000,0.000000,0.000000,0.000000,-0.180000,8.000000,146.210000
1769105993.266178,0,0.000000,52.880000,0.000000,0.030000,0.000000,0.000000,0.000000,-0.180000,8.000000,146.220000
1769105993.299354,0,0.000000,52.860000,0.000000,0.000000,0.000000,0.000000,0.000000,-0.180000,8.000000,146.240000
1769105993.331399,0,0.000000,52.790000,0.000000,0.000000,0.000000,0.000000,0.000000,-0.180000,8.000000,146.250000
1769105993.333096,0,0.000000,52.840000,0.000000,0.000000,0.000000,0.000000,0.000000,-0.180000,8.000000,146.270000
1769105993.333096,0,0.000000,52.810000,0.000000,0.000000,0.000000,0.000000,0.000000,-0.180000,8.000000,146.270000
1769105993.365706,0,0.000000,52.860000,0.000000,0.030000,0.000000,0.000000,0.000000,-0.180000,8.000000,146.300000
1769105993.366709,0,0.000000,52.840000,0.000000,0.050000,0.000000,0.000000,0.000000,-0.180000,8.000000,146.300000
1769105993.396189,0,0.000000,52.790000,0.000000,0.020000,0.000000,0.000000,0.000000,-0.180000,8.000000,146.330000
1769105993.397191,0,0.000000,52.810000,0.000000,-0.020000,0.000000,0.000000,0.000000,-0.180000,8.000000,146.350000
1769105993.432342,0,0.000000,52.790000,0.000000,0.020000,0.000000,0.000000,0.000000,-0.180000,8.000000,146.360000
1769105993.433336,0,0.000000,52.840000,0.000000,0.070000,0.000000,0.000000,0.000000,-0.180000,8.000000,146.380000
1769105993.434205,0,0.000000,52.840000,0.000000,0.000000,0.000000,0.000000,0.000000,-0.180000,8.000000,146.380000
1769105993.466362,0,0.000000,52.790000,0.000000,-0.050000,0.000000,0.000000,0.000000,-0.180000,8.000000,146.410000
1769105993.467401,0,0.000000,52.840000,0.000000,0.010000,0.000000,0.000000,0.000000,-0.180000,8.000000,146.410000
1769105993.500170,0,0.000000,52.790000,0.000000,0.000000,0.000000,0.000000,0.000000,-0.180000,8.000000,146.440000
1769105993.527947,0,0.000000,52.840000,0.000000,0.000000,0.000000,0.000000,0.000000,-0.180000,8.000000,146.440000
1769105993.528984,0,0.000000,52.810000,0.000000,-0.010000,0.000000,0.000000,0.000000,-0.180000,8.000000,146.470000
1769105993.529986,0,0.000000,52.790000,0.000000,0.000000,0.000000,0.000000,0.000000,-0.180000,8.000000,146.470000
1769105993.530985,0,0.000000,52.840000,0.000000,-0.030000,0.000000,0.000000,0.000000,-0.180000,8.000000,146.500000
1769105993.564418,0,0.000000,52.790000,0.000000,0.000000,0.000000,0.000000,0.000000,-0.180000,8.000000,146.500000
1769105993.599782,0,0.000000,52.790000,0.000000,0.000000,0.000000,0.000000,0.000000,-0.180000,8.000000,146.520000
1769105993.600517,0,0.000000,52.810000,0.000000,-0.050000,0.000000,0.000000,0.000000,-0.180000,8.000000,146.530000
1769105993.637895,0,0.000000,52.880000,0.000000,0.000000,0.000000,0.000000,0.000000,-0.180000,8.000000,146.550000
1769105993.638897,0,0.000000,52.810000,0.000000,0.090000,0.000000,0.000000,0.000000,-0.180000,8.000000,146.570000
1769105993.639892,0,0.000000,52.900000,0.000000,0.050000,0.000000,0.000000,0.000000,-0.180000,8.000000,146.580000
1769105993.670036,0,0.000000,52.880000,0.000000,-0.010000,0.000000,0.000000,0.000000,-0.180000,8.000000,146.600000
1769105993.671069,0,0.000000,52.810000,0.000000,-0.010000,0.000000,0.000000,0.000000,-0.180000,8.000000,146.610000
1769105993.671069,0,0.000000,52.840000,0.000000,0.010000,0.000000,0.000000,0.000000,-0.180000,8.000000,146.630000
1769105993.701157,0,0.000000,52.810000,0.000000,0.000000,0.000000,0.000000,0.000000,-0.180000,8.000000,146.640000
1769105993.729337,0,0.000000,52.880000,0.000000,0.000000,0.000000,0.000000,0.000000,-0.180000,8.000000,146.660000
1769105993.730748,0,0.000000,52.790000,0.000000,0.000000,0.000000,0.000000,0.000000,-0.180000,8.000000,146.670000
1769105993.731352,0,0.000000,52.840000,0.000000,0.000000,0.000000,0.000000,0.000000,-0.180000,8.000000,146.690000
1769105993.763989,0,0.000000,52.840000,0.000000,0.110000,0.000000,0.000000,0.000000,-0.180000,8.000000,146.710000
1769105993.797225,0,0.000000,52.810000,0.000000,0.070000,0.000000,0.000000,0.000000,-0.180000,8.000000,146.720000
1769105993.798033,0,0.000000,52.810000,0.000000,0.000000,0.000000,0.000000,0.000000,-0.180000,8.000000,146.740000
1769105993.799701,0,0.000000,52.860000,0.000000,0.000000,0.000000,0.000000,0.000000,-0.180000,8.000000,146.750000
1769105993.832854,0,0.000000,52.770000,0.000000,0.000000,0.000000,0.000000,0.000000,-0.180000,8.000000,146.770000
1769105993.833853,0,0.000000,52.860000,0.000000,0.000000,0.000000,0.000000,0.000000,-0.180000,8.000000,146.770000
1769105993.864955,0,0.000000,52.840000,0.000000,0.010000,0.000000,0.000000,0.000000,-0.180000,8.000000,146.800000
1769105993.865958,0,0.000000,52.810000,0.000000,0.010000,0.000000,0.000000,0.000000,-0.180000,8.000000,146.800000
1769105993.898204,0,0.000000,52.810000,0.000000,-0.020000,0.000000,0.000000,0.000000,-0.180000,8.000000,146.830000
1769105993.899201,0,0.000000,52.840000,0.000000,0.010000,0.000000,0.000000,0.000000,-0.180000,8.000000,146.830000
1769105993.899201,0,0.000000,52.770000,0.000000,-0.010000,0.000000,0.000000,0.000000,-0.180000,8.000000,146.860000
1769105993.931921,0,0.000000,52.840000,0.000000,0.050000,0.000000,0.000000,0.000000,-0.180000,8.000000,146.860000
1769105993.932462,0,0.000000,52.770000,0.000000,0.020000,0.000000,0.000000,0.000000,-0.180000,8.000000,146.880000
1769105993.966931,0,0.000000,52.790000,0.000000,-0.020000,0.000000,0.000000,0.000000,-0.180000,8.000000,146.890000
1769105993.967968,0,0.000000,52.810000,0.000000,0.000000,0.000000,0.000000,0.000000,-0.180000,8.000000,146.910000
1769105994.006913,0,0.000000,52.750000,0.000000,0.010000,0.000000,0.000000,0.000000,-0.180000,8.000000,146.920000
1769105994.008718,0,0.000000,52.860000,0.000000,0.020000,0.000000,0.000000,0.000000,-0.180000,8.000000,146.940000
1769105994.038132,0,0.000000,52.840000,0.000000,0.020000,0.000000,0.000000,0.000000,-0.180000,8.000000,146.960000
1769105994.039138,0,0.000000,52.790000,0.000000,0.020000,0.000000,0.000000,0.000000,-0.180000,8.000000,146.970000
1769105994.040278,0,0.000000,52.770000,0.000000,0.010000,0.000000,0.000000,0.000000,-0.180000,8.000000,146.990000
1769105994.074883,0,0.000000,52.840000,0.000000,0.000000,0.000000,0.000000,0.000000,-0.180000,8.000000,147.000000
1769105994.075888,0,0.000000,52.810000,0.000000,0.020000,0.000000,0.000000,0.000000,-0.180000,8.000000,147.020000
1769105994.076888,0,0.000000,52.810000,0.000000,0.020000,0.000000,0.000000,0.000000,-0.180000,8.000000,147.030000
1769105994.110617,0,0.000000,52.910000,0.000000,0.050000,0.000000,0.000000,0.000000,-0.180000,8.000000,147.050000
1769105994.111851,0,0.000000,52.840000,0.000000,0.030000,0.000000,0.000000,0.000000,-0.180000,8.000000,147.070000
1769105994.149233,0,0.000000,52.840000,0.000000,-0.010000,0.000000,0.000000,0.000000,-0.180000,8.000000,147.080000
1769105994.149892,0,0.000000,52.750000,0.000000,0.000000,0.000000,0.000000,0.000000,-0.180000,8.000000,147.100000
1769105994.185649,0,0.000000,52.810000,0.000000,-0.070000,0.000000,0.000000,0.000000,-0.180000,8.000000,147.110000
1769105994.186654,0,0.000000,52.860000,0.000000,0.000000,0.000000,0.000000,0.000000,-0.180000,8.000000,147.130000
1769105994.187651,0,0.000000,52.810000,0.000000,0.050000,0.000000,0.000000,0.000000,-0.180000,8.000000,147.140000
1769105994.222324,0,0.000000,52.810000,0.000000,-0.050000,0.000000,0.000000,0.000000,-0.180000,8.000000,147.160000
1769105994.223072,0,0.000000,52.840000,0.000000,0.020000,0.000000,0.000000,0.000000,-0.180000,8.000000,147.170000
1769105994.260710,0,0.000000,52.860000,0.000000,0.000000,0.000000,0.000000,0.000000,-0.180000,8.000000,147.190000
1769105994.262625,0,0.000000,52.840000,0.000000,-0.020000,0.000000,0.000000,0.000000,-0.180000,8.000000,147.210000
1769105994.293236,0,0.000000,52.810000,0.000000,0.000000,0.000000,0.000000,0.000000,-0.180000,8.000000,147.220000
1769105994.294889,0,0.000000,52.880000,0.000000,0.030000,0.000000,0.000000,0.000000,-0.180000,8.000000,147.240000
1769105994.324168,0,0.000000,52.810000,0.000000,0.050000,0.000000,0.000000,0.000000,-0.180000,8.000000,147.250000
1769105994.324954,0,0.000000,52.810000,0.000000,-0.100000,0.000000,0.000000,0.000000,-0.180000,8.000000,147.270000
1769105994.325991,0,0.000000,52.860000,0.000000,0.000000,0.000000,0.000000,0.000000,-0.180000,8.000000,147.270000
1769105994.360844,0,0.000000,52.770000,0.000000,0.030000,0.000000,0.000000,0.000000,-0.180000,8.000000,147.300000
1769105994.360844,0,0.000000,52.790000,0.000000,0.000000,0.000000,0.000000,0.000000,-0.180000,8.000000,147.300000
1769105994.394967,0,0.000000,52.810000,0.000000,-0.050000,0.000000,0.000000,0.000000,-0.180000,8.000000,147.330000
1769105994.395969,0,0.000000,52.790000,0.000000,0.010000,0.000000,0.000000,0.000000,-0.180000,8.000000,147.330000
1769105994.396972,0,0.000000,52.790000,0.000000,0.050000,0.000000,0.000000,0.000000,-0.180000,8.000000,147.360000
1769105994.432312,0,0.000000,52.840000,0.000000,0.000000,0.000000,0.000000,0.000000,-0.180000,8.000000,147.360000
1769105994.459806,0,0.000000,52.790000,0.000000,0.050000,0.000000,0.000000,0.000000,-0.180000,8.000000,147.380000
1769105994.461674,0,0.000000,52.860000,0.000000,-0.030000,0.000000,0.000000,0.000000,-0.180000,8.000000,147.390000
1769105994.462712,0,0.000000,52.770000,0.000000,0.020000,0.000000,0.000000,0.000000,-0.180000,8.000000,147.410000
1769105994.500472,0,0.000000,52.810000,0.000000,0.030000,0.000000,0.000000,0.000000,-0.180000,8.000000,147.420000
1769105994.501475,0,0.000000,52.860000,0.000000,0.000000,0.000000,0.000000,0.000000,-0.180000,8.000000,147.440000
1769105994.536120,0,0.000000,52.810000,0.000000,0.030000,0.000000,0.000000,0.000000,-0.180000,8.000000,147.460000
1769105994.536846,0,0.000000,52.840000,0.000000,0.030000,0.000000,0.000000,0.000000,-0.180000,8.000000,147.470000
1769105994.538099,0,0.000000,52.810000,0.000000,0.110000,0.000000,0.000000,0.000000,-0.180000,8.000000,147.490000
1769105994.572215,0,0.000000,52.860000,0.000000,0.010000,0.000000,0.000000,0.000000,-0.180000,8.000000,147.500000
1769105994.574008,0,0.000000,52.880000,0.000000,0.000000,0.000000,0.000000,0.000000,-0.180000,8.000000,147.520000
1769105994.603333,0,0.000000,52.770000,0.000000,0.000000,0.000000,0.000000,0.000000,-0.180000,8.000000,147.530000
1769105994.604108,0,0.000000,52.840000,0.000000,0.000000,0.000000,0.000000,0.000000,-0.180000,8.000000,147.550000
1769105994.605978,0,0.000000,52.790000,0.000000,0.000000,0.000000,0.000000,0.000000,-0.180000,8.000000,147.570000
1769105994.642233,0,0.000000,52.790000,0.000000,0.050000,0.000000,0.000000,0.000000,-0.180000,8.000000,147.580000
1769105994.643164,0,0.000000,52.810000,0.000000,0.010000,0.000000,0.000000,0.000000,-0.180000,8.000000,147.600000
1769105994.671340,0,0.000000,52.860000,0.000000,-0.010000,0.000000,0.000000,0.000000,-0.180000,8.000000,147.610000
1769105994.702042,0,0.000000,52.810000,0.000000,0.020000,0.000000,0.000000,0.000000,-0.180000,8.000000,147.630000
1769105994.703861,0,0.000000,52.790000,0.000000,0.010000,0.000000,0.000000,0.000000,-0.180000,8.000000,147.640000
1769105994.704867,0,0.000000,52.840000,0.000000,0.100000,0.000000,0.000000,0.000000,-0.180000,8.000000,147.660000
1769105994.736368,0,0.000000,52.700000,0.000000,0.010000,0.000000,0.000000,0.000000,-0.180000,8.000000,147.670000
1769105994.771239,0,0.000000,52.770000,0.000000,0.010000,0.000000,0.000000,0.000000,-0.180000,8.000000,147.690000
1769105994.772563,0,0.000000,52.810000,0.000000,0.000000,0.000000,0.000000,0.000000,-0.180000,8.000000,147.710000
1769105994.773067,0,0.000000,52.810000,0.000000,0.000000,0.000000,0.000000,0.000000,-0.180000,8.000000,147.720000
1769105994.774072,0,0.000000,52.840000,0.000000,-0.020000,0.000000,0.000000,0.000000,-0.180000,8.000000,147.740000
1769105994.809108,0,0.000000,52.790000,0.000000,0.100000,0.000000,0.000000,0.000000,-0.180000,8.000000,147.750000
1769105994.835108,0,0.000000,52.860000,0.000000,0.000000,0.000000,0.000000,0.000000,-0.180000,8.000000,147.770000
1769105994.836107,0,0.000000,52.790000,0.000000,0.050000,0.000000,0.000000,0.000000,-0.180000,8.000000,147.770000
1769105994.836107,0,0.000000,52.810000,0.000000,0.000000,0.000000,0.000000,0.000000,-0.180000,8.000000,147.800000
1769105994.870517,0,0.000000,52.790000,0.000000,-0.010000,0.000000,0.000000,0.000000,-0.180000,8.000000,147.800000
1769105994.871113,0,0.000000,52.790000,0.000000,0.000000,0.000000,0.000000,0.000000,-0.180000,8.000000,147.830000
1769105994.906301,0,0.000000,52.720000,0.000000,-0.030000,0.000000,0.000000,0.000000,-0.180000,8.000000,147.830000
1769105994.907337,0,0.000000,52.810000,0.000000,-0.050000,0.000000,0.000000,0.000000,-0.180000,8.000000,147.860000
1769105994.934456,0,0.000000,52.840000,0.000000,-0.010000,0.000000,0.000000,0.000000,-0.180000,8.000000,147.860000
1769105994.935491,0,0.000000,52.860000,0.000000,-0.020000,0.000000,0.000000,0.000000,-0.180000,8.000000,147.880000
1769105994.936279,0,0.000000,52.840000,0.000000,0.000000,0.000000,0.000000,0.000000,-0.180000,8.000000,147.890000
1769105994.973169,0,0.000000,52.900000,0.000000,0.000000,0.000000,0.000000,0.000000,-0.180000,8.000000,147.910000
1769105994.999890,0,0.000000,52.860000,0.000000,0.000000,0.000000,0.000000,0.000000,-0.180000,8.000000,147.920000
1769105994.999890,0,0.000000,52.810000,0.000000,0.000000,0.000000,0.000000,0.000000,-0.180000,8.000000,147.940000
1769105995.001557,0,0.000000,52.880000,0.000000,0.020000,0.000000,0.000000,0.000000,-0.180000,8.000000,147.970000
1769105995.033288,0,0.000000,52.790000,0.000000,0.010000,0.000000,0.000000,0.000000,-0.180000,8.000000,147.970000
1769105995.034319,0,0.000000,52.860000,0.000000,0.000000,0.000000,0.000000,0.000000,-0.180000,8.000000,148.000000
1769105995.065873,0,0.000000,52.840000,0.000000,0.000000,0.000000,0.000000,0.000000,-0.180000,8.000000,148.000000
1769105995.066661,0,0.000000,52.810000,0.000000,-0.050000,0.000000,0.000000,0.000000,-0.180000,8.000000,148.020000
1769105995.097056,0,0.000000,52.860000,0.000000,0.000000,0.000000,0.000000,0.000000,-0.180000,8.000000,148.030000
1769105995.128761,0,0.000000,52.910000,0.000000,0.070000,0.000000,0.000000,0.000000,-0.180000,8.000000,148.050000
1769105995.129801,0,0.000000,52.790000,0.000000,-0.020000,0.000000,0.000000,0.000000,-0.180000,8.000000,148.070000
1769105995.130466,0,0.000000,52.840000,0.000000,-0.010000,0.000000,0.000000,0.000000,-0.180000,8.000000,148.080000
1769105995.167927,0,0.000000,52.840000,0.000000,-0.010000,0.000000,0.000000,0.000000,-0.180000,8.000000,148.100000
1769105995.168928,0,0.000000,52.840000,0.000000,0.050000,0.000000,0.000000,0.000000,-0.180000,8.000000,148.110000
1769105995.200817,0,0.000000,52.840000,0.000000,0.030000,0.000000,0.000000,0.000000,-0.180000,8.000000,148.130000
1769105995.201994,0,0.000000,52.790000,0.000000,0.010000,0.000000,0.000000,0.000000,-0.180000,8.000000,148.140000
1769105995.203000,0,0.000000,52.840000,0.000000,0.000000,0.000000,0.000000,0.000000,-0.180000,8.000000,148.160000
1769105995.237047,0,0.000000,52.810000,0.000000,0.010000,0.000000,0.000000,0.000000,-0.180000,8.000000,148.170000
1769105995.238555,0,0.000000,52.840000,0.000000,0.010000,0.000000,0.000000,0.000000,-0.180000,8.000000,148.190000
1769105995.271041,0,0.000000,52.840000,0.000000,0.010000,0.000000,0.000000,0.000000,-0.180000,8.000000,148.210000
1769105995.272040,0,0.000000,52.790000,0.000000,0.020000,0.000000,0.000000,0.000000,-0.180000,8.000000,148.220000
1769105995.300955,0,0.000000,52.840000,0.000000,-0.020000,0.000000,0.000000,0.000000,-0.180000,8.000000,148.240000
1769105995.301954,0,0.000000,52.840000,0.000000,0.010000,0.000000,0.000000,0.000000,-0.180000,8.000000,148.250000
1769105995.302957,0,0.000000,52.840000,0.000000,-0.030000,0.000000,0.000000,0.000000,-0.180000,8.000000,148.270000
1769105995.340626,0,0.000000,52.840000,0.000000,0.050000,0.000000,0.000000,0.000000,-0.180000,8.000000,148.270000
1769105995.341630,0,0.000000,52.790000,0.000000,0.030000,0.000000,0.000000,0.000000,-0.180000,8.000000,148.300000
1769105995.374067,0,0.000000,52.860000,0.000000,0.010000,0.000000,0.000000,0.000000,-0.180000,8.000000,148.300000
1769105995.375101,0,0.000000,52.720000,0.000000,0.050000,0.000000,0.000000,0.000000,-0.180000,8.000000,148.330000
1769105995.407136,0,0.000000,52.810000,0.000000,-0.020000,0.000000,0.000000,0.000000,-0.180000,8.000000,148.330000
1769105995.409529,0,0.000000,52.810000,0.000000,-0.020000,0.000000,0.000000,0.000000,-0.180000,8.000000,148.360000
1769105995.410064,0,0.000000,52.880000,0.000000,0.000000,0.000000,0.000000,0.000000,-0.180000,8.000000,148.360000
1769105995.441915,0,0.000000,52.790000,0.000000,-0.030000,0.000000,0.000000,0.000000,-0.180000,8.000000,148.380000
1769105995.442613,0,0.000000,52.860000,0.000000,-0.050000,0.000000,0.000000,0.000000,-0.180000,8.000000,148.390000
1769105995.483916,0,0.000000,52.840000,0.000000,0.050000,0.000000,0.000000,0.000000,-0.170000,8.000000,148.410000
1769105995.527065,0,0.000000,52.770000,0.000000,-0.020000,0.000000,0.000000,0.000000,-0.180000,8.000000,148.420000
1769105995.528069,0,0.000000,52.840000,0.000000,0.000000,0.000000,0.000000,0.000000,-0.180000,8.000000,148.440000
1769105995.529558,0,0.000000,52.880000,0.000000,0.070000,0.000000,0.000000,0.000000,-0.180000,8.000000,148.460000
1769105995.560070,0,0.000000,52.840000,0.000000,0.010000,0.000000,0.000000,0.000000,-0.180000,8.000000,148.470000
1769105995.560850,0,0.000000,52.810000,0.000000,-0.020000,0.000000,0.000000,0.000000,-0.180000,8.000000,148.490000
1769105995.561888,0,0.000000,52.810000,0.000000,-0.020000,0.000000,0.000000,0.000000,-0.180000,8.000000,148.500000
1769105995.562641,0,0.000000,52.810000,0.000000,0.020000,0.000000,0.000000,0.000000,-0.180000,8.000000,148.520000
1769105995.594163,0,0.000000,52.790000,0.000000,0.100000,0.000000,0.000000,0.000000,-0.180000,8.000000,148.520000
1769105995.595910,0,0.000000,52.840000,0.000000,0.000000,0.000000,0.000000,0.000000,-0.180000,8.000000,148.550000
1769105995.627206,0,0.000000,52.840000,0.000000,0.020000,0.000000,0.000000,0.000000,-0.180000,8.000000,148.570000
1769105995.628210,0,0.000000,52.840000,0.000000,0.050000,0.000000,0.000000,0.000000,-0.180000,8.000000,148.580000
1769105995.668851,0,0.000000,52.860000,0.000000,0.000000,0.000000,0.000000,0.000000,-0.180000,8.000000,148.600000
1769105995.669625,0,0.000000,52.810000,0.000000,0.030000,0.000000,0.000000,0.000000,-0.180000,8.000000,148.610000
1769105995.702868,0,0.000000,52.810000,0.000000,0.020000,0.000000,0.000000,0.000000,-0.180000,8.000000,148.630000
1769105995.703660,0,0.000000,52.770000,0.000000,0.070000,0.000000,0.000000,0.000000,-0.170000,8.000000,148.630000
1769105995.705483,0,0.000000,52.840000,0.000000,0.000000,0.000000,0.000000,0.000000,-0.180000,8.000000,148.660000
1769105995.737642,0,0.000000,52.840000,0.000000,0.020000,0.000000,0.000000,0.000000,-0.180000,8.000000,148.660000
1769105995.739145,0,0.000000,52.790000,0.000000,0.000000,0.000000,0.000000,0.000000,-0.180000,8.000000,148.690000
1769105995.741155,0,0.000000,52.910000,0.000000,0.110000,0.000000,0.000000,0.000000,-0.180000,8.000000,148.690000
1769105995.776379,0,0.000000,52.810000,0.000000,0.010000,0.000000,0.000000,0.000000,-0.180000,8.000000,148.720000
1769105995.810082,0,0.000000,52.880000,0.000000,0.000000,0.000000,0.000000,0.000000,-0.180000,8.000000,148.720000
1769105995.811867,0,0.000000,52.840000,0.000000,0.020000,0.000000,0.000000,0.000000,-0.180000,8.000000,148.750000
1769105995.812901,0,0.000000,52.810000,0.000000,-0.010000,0.000000,0.000000,0.000000,-0.180000,8.000000,148.750000
1769105995.848061,0,0.000000,52.810000,0.000000,-0.030000,0.000000,0.000000,0.000000,-0.180000,8.000000,148.770000
1769105995.849060,0,0.000000,52.840000,0.000000,0.050000,0.000000,0.000000,0.000000,-0.180000,8.000000,148.780000
1769105995.850060,0,0.000000,52.790000,0.000000,0.050000,0.000000,0.000000,0.000000,-0.180000,8.000000,148.800000
1769105995.883004,0,0.000000,52.860000,0.000000,0.000000,0.000000,0.000000,0.000000,-0.180000,8.000000,148.820000
1769105995.883004,0,0.000000,52.790000,0.000000,-0.010000,0.000000,0.000000,0.000000,-0.180000,8.000000,148.830000
1769105995.914857,0,0.000000,52.810000,0.000000,0.020000,0.000000,0.000000,0.000000,-0.180000,8.000000,148.860000
1769105995.915893,0,0.000000,52.840000,0.000000,0.070000,0.000000,0.000000,0.000000,-0.180000,8.000000,148.860000
1769105995.946462,0,0.000000,52.790000,0.000000,0.010000,0.000000,0.000000,0.000000,-0.180000,8.000000,148.880000
1769105995.947249,0,0.000000,52.840000,0.000000,0.000000,0.000000,0.000000,0.000000,-0.170000,8.000000,148.890000
1769105995.978981,0,0.000000,52.880000,0.000000,0.020000,0.000000,0.000000,0.000000,-0.180000,8.000000,148.910000
1769105995.980018,0,0.000000,52.860000,0.000000,0.000000,0.000000,0.000000,0.000000,-0.180000,8.000000,148.920000
1769105996.012477,0,0.000000,52.860000,0.000000,0.070000,0.000000,0.000000,0.000000,-0.180000,8.000000,148.940000
1769105996.013478,0,0.000000,52.860000,0.000000,-0.020000,0.000000,0.000000,0.000000,-0.180000,8.000000,148.960000
1769105996.014479,0,0.000000,52.770000,0.000000,-0.050000,0.000000,0.000000,0.000000,-0.180000,8.000000,148.970000
1769105996.051461,0,0.000000,52.860000,0.000000,0.000000,0.000000,0.000000,0.000000,-0.180000,8.000000,148.990000
1769105996.052229,0,0.000000,52.790000,0.000000,0.000000,0.000000,0.000000,0.000000,-0.180000,8.000000,149.000000
1769105996.083464,0,0.000000,52.810000,0.000000,0.000000,0.000000,0.000000,0.000000,-0.180000,8.000000,149.020000
1769105996.084500,0,0.000000,52.840000,0.000000,-0.050000,0.000000,0.000000,0.000000,-0.180000,8.000000,149.030000
1769105996.115476,0,0.000000,52.840000,0.000000,0.000000,0.000000,0.000000,0.000000,-0.180000,8.000000,149.050000
1769105996.116229,0,0.000000,52.790000,0.000000,-0.050000,0.000000,0.000000,0.000000,-0.180000,8.000000,149.070000
1769105996.147543,0,0.000000,52.810000,0.000000,0.020000,0.000000,0.000000,0.000000,-0.180000,8.000000,149.080000
1769105996.148579,0,0.000000,52.840000,0.000000,0.010000,0.000000,0.000000,0.000000,-0.180000,8.000000,149.100000
1769105996.181083,0,0.000000,52.810000,0.000000,0.010000,0.000000,0.000000,0.000000,-0.180000,8.000000,149.110000
1769105996.182082,0,0.000000,52.880000,0.000000,0.050000,0.000000,0.000000,0.000000,-0.180000,8.000000,149.130000
1769105996.183083,0,0.000000,52.900000,0.000000,0.000000,0.000000,0.000000,0.000000,-0.180000,8.000000,149.130000
1769105996.219014,0,0.000000,52.810000,0.000000,0.000000,0.000000,0.000000,0.000000,-0.180000,8.000000,149.160000
1769105996.221017,0,0.000000,52.840000,0.000000,0.010000,0.000000,0.000000,0.000000,-0.180000,8.000000,149.160000
1769105996.256659,0,0.000000,52.840000,0.000000,0.010000,0.000000,0.000000,0.000000,-0.180000,8.000000,149.190000
1769105996.257695,0,0.000000,52.810000,0.000000,-0.050000,0.000000,0.000000,0.000000,-0.180000,8.000000,149.190000
1769105996.291123,0,0.000000,52.810000,0.000000,0.000000,0.000000,0.000000,0.000000,-0.180000,8.000000,149.220000
1769105996.291844,0,0.000000,52.840000,0.000000,-0.010000,0.000000,0.000000,0.000000,-0.180000,8.000000,149.220000
1769105996.293656,0,0.000000,52.810000,0.000000,-0.010000,0.000000,0.000000,0.000000,-0.180000,8.000000,149.250000
1769105996.328475,0,0.000000,52.770000,0.000000,0.010000,0.000000,0.000000,0.000000,-0.180000,8.000000,149.250000
1769105996.329471,0,0.000000,52.790000,0.000000,0.010000,0.000000,0.000000,0.000000,-0.180000,8.000000,149.270000
1769105996.360004,0,0.000000,52.810000,0.000000,0.030000,0.000000,0.000000,0.000000,-0.180000,8.000000,149.280000
1769105996.360004,0,0.000000,52.860000,0.000000,0.010000,0.000000,0.000000,0.000000,-0.180000,8.000000,149.300000
1769105996.392740,0,0.000000,52.840000,0.000000,0.070000,0.000000,0.000000,0.000000,-0.180000,8.000000,149.320000
1769105996.393737,0,0.000000,52.860000,0.000000,0.000000,0.000000,0.000000,0.000000,-0.180000,8.000000,149.330000
1769105996.424109,0,0.000000,52.810000,0.000000,0.000000,0.000000,0.000000,0.000000,-0.180000,8.000000,149.350000
1769105996.424802,0,0.000000,52.840000,0.000000,0.010000,0.000000,0.000000,0.000000,-0.180000,8.000000,149.360000
1769105996.424802,0,0.000000,52.840000,0.000000,0.010000,0.000000,0.000000,0.000000,-0.180000,8.000000,149.380000
1769105996.465235,0,0.000000,52.840000,0.000000,0.000000,0.000000,0.000000,0.000000,-0.180000,8.000000,149.390000
1769105996.466238,0,0.000000,52.810000,0.000000,0.000000,0.000000,0.000000,0.000000,-0.180000,8.000000,149.410000
1769105996.499131,0,0.000000,52.810000,0.000000,0.070000,0.000000,0.000000,0.000000,-0.170000,8.000000,149.420000
1769105996.500169,0,0.000000,52.860000,0.000000,0.000000,0.000000,0.000000,0.000000,-0.180000,8.000000,149.440000
1769105996.500809,0,0.000000,52.840000,0.000000,-0.070000,0.000000,0.000000,0.000000,-0.180000,8.000000,149.460000
1769105996.538030,0,0.000000,52.810000,0.000000,0.000000,0.000000,0.000000,0.000000,-0.180000,8.000000,149.470000
1769105996.538030,0,0.000000,52.810000,0.000000,-0.030000,0.000000,0.000000,0.000000,-0.180000,8.000000,149.490000
1769105996.576408,0,0.000000,52.810000,0.000000,-0.010000,0.000000,0.000000,0.000000,-0.180000,8.000000,149.500000
1769105996.577204,0,0.000000,52.860000,0.000000,-0.030000,0.000000,0.000000,0.000000,-0.180000,8.000000,149.520000
1769105996.578241,0,0.000000,52.790000,0.000000,-0.030000,0.000000,0.000000,0.000000,-0.180000,8.000000,149.520000
1769105996.612261,0,0.000000,52.860000,0.000000,0.010000,0.000000,0.000000,0.000000,-0.180000,8.000000,149.550000
1769105996.613263,0,0.000000,52.840000,0.000000,0.100000,0.000000,0.000000,0.000000,-0.180000,8.000000,149.550000
1769105996.614277,0,0.000000,52.860000,0.000000,0.050000,0.000000,0.000000,0.000000,-0.180000,8.000000,149.580000
1769105996.653420,0,0.000000,52.810000,0.000000,-0.050000,0.000000,0.000000,0.000000,-0.180000,8.000000,149.580000
1769105996.654455,0,0.000000,52.810000,0.000000,0.020000,0.000000,0.000000,0.000000,-0.180000,8.000000,149.610000
1769105996.688246,0,0.000000,52.860000,0.000000,-0.070000,0.000000,0.000000,0.000000,-0.180000,8.000000,149.610000
1769105996.688246,0,0.000000,52.810000,0.000000,0.070000,0.000000,0.000000,0.000000,-0.180000,8.000000,149.630000
1769105996.722429,0,0.000000,52.700000,0.000000,0.010000,0.000000,0.000000,0.000000,-0.170000,8.000000,149.640000
1769105996.723429,0,0.000000,52.860000,0.000000,0.000000,0.000000,0.000000,0.000000,-0.180000,8.000000,149.660000
1769105996.725150,0,0.000000,52.810000,0.000000,0.070000,0.000000,0.000000,0.000000,-0.180000,8.000000,149.670000
1769105996.762639,0,0.000000,52.770000,0.000000,0.010000,0.000000,0.000000,0.000000,-0.180000,8.000000,149.690000
1769105996.763396,0,0.000000,52.810000,0.000000,0.030000,0.000000,0.000000,0.000000,-0.180000,8.000000,149.710000
1769105996.798003,0,0.000000,52.970000,0.000000,-0.030000,0.000000,0.000000,0.000000,-0.180000,8.000000,149.720000
1769105996.799040,0,0.000000,52.750000,0.000000,0.050000,0.000000,0.000000,0.000000,-0.170000,8.000000,149.750000
1769105996.841174,0,0.000000,52.770000,0.000000,0.000000,0.000000,0.000000,0.000000,-0.180000,8.000000,149.750000
1769105996.841174,0,0.000000,52.810000,0.000000,0.050000,0.000000,0.000000,0.000000,-0.180000,8.000000,149.770000
1769105996.874250,0,0.000000,52.810000,0.000000,-0.050000,0.000000,0.000000,0.000000,-0.180000,8.000000,149.780000
1769105996.875253,0,0.000000,52.840000,0.000000,0.000000,0.000000,0.000000,0.000000,-0.180000,8.000000,149.800000
1769105996.876251,0,0.000000,52.860000,0.000000,0.000000,0.000000,0.000000,0.000000,-0.180000,8.000000,149.820000
1769105996.911280,0,0.000000,52.770000,0.000000,0.070000,0.000000,0.000000,0.000000,-0.180000,8.000000,149.830000
1769105996.912270,0,0.000000,52.770000,0.000000,0.050000,0.000000,0.000000,0.000000,-0.180000,8.000000,149.850000
1769105996.913096,0,0.000000,52.770000,0.000000,0.010000,0.000000,0.000000,0.000000,-0.180000,8.000000,149.860000
1769105996.943551,0,0.000000,52.810000,0.000000,0.000000,0.000000,0.000000,0.000000,-0.180000,8.000000,149.880000
1769105996.944890,0,0.000000,52.790000,0.000000,-0.010000,0.000000,0.000000,0.000000,-0.180000,8.000000,149.890000
1769105996.984039,0,0.000000,52.810000,0.000000,0.020000,0.000000,0.000000,0.000000,-0.180000,8.000000,149.910000
1769105996.985791,0,0.000000,52.840000,0.000000,0.020000,0.000000,0.000000,0.000000,-0.180000,8.000000,149.920000
1769105997.022252,0,0.000000,52.810000,0.000000,0.000000,0.000000,0.000000,0.000000,-0.180000,8.000000,149.940000
1769105997.023037,0,0.000000,52.810000,0.000000,0.000000,0.000000,0.000000,0.000000,-0.180000,8.000000,149.960000
1769105997.056864,0,0.000000,52.860000,0.000000,0.090000,0.000000,0.000000,0.000000,-0.180000,8.000000,149.970000
1769105997.056864,0,0.000000,52.860000,0.000000,0.000000,0.000000,0.000000,0.000000,-0.180000,8.000000,149.990000
1769105997.057866,0,0.000000,52.810000,0.000000,0.050000,0.000000,0.000000,0.000000,-0.180000,8.000000,150.000000
1769105997.093795,0,0.000000,52.840000,0.000000,-0.010000,0.000000,0.000000,0.000000,-0.180000,8.000000,150.020000
1769105997.093795,0,0.000000,52.810000,0.000000,0.030000,0.000000,0.000000,0.000000,-0.180000,8.000000,150.030000
1769105997.094831,0,0.000000,52.790000,0.000000,0.000000,0.000000,0.000000,0.000000,-0.180000,8.000000,150.050000
1769105997.129041,0,0.000000,52.810000,0.000000,0.000000,0.000000,0.000000,0.000000,-0.180000,8.000000,150.070000
1769105997.129041,0,0.000000,52.810000,0.000000,0.050000,0.000000,0.000000,0.000000,-0.180000,8.000000,150.080000
1769105997.167482,0,0.000000,52.810000,0.000000,0.000000,0.000000,0.000000,0.000000,-0.180000,8.000000,150.100000
1769105997.167987,0,0.000000,52.840000,0.000000,0.000000,0.000000,0.000000,0.000000,-0.180000,8.000000,150.110000
1769105997.168992,0,0.000000,52.810000,0.000000,0.070000,0.000000,0.000000,0.000000,-0.180000,8.000000,150.130000
1769105997.201206,0,0.000000,52.910000,0.000000,-0.010000,0.000000,0.000000,0.000000,-0.180000,8.000000,150.130000
1769105997.202241,0,0.000000,52.860000,0.000000,0.030000,0.000000,0.000000,0.000000,-0.180000,8.000000,150.160000
1769105997.240230,0,0.000000,52.840000,0.000000,-0.050000,0.000000,0.000000,0.000000,-0.180000,8.000000,150.160000
1769105997.241804,0,0.000000,52.860000,0.000000,-0.020000,0.000000,0.000000,0.000000,-0.180000,8.000000,150.190000
1769105997.276854,0,0.000000,52.900000,0.000000,0.030000,0.000000,0.000000,0.000000,-0.180000,8.000000,150.190000
1769105997.277584,0,0.000000,52.810000,0.000000,0.100000,0.000000,0.000000,0.000000,-0.180000,8.000000,150.220000
1769105997.309173,0,0.000000,52.880000,0.000000,-0.030000,0.000000,0.000000,0.000000,-0.180000,8.000000,150.220000
1769105997.309173,0,0.000000,52.790000,0.000000,0.000000,0.000000,0.000000,0.000000,-0.180000,8.000000,150.250000
1769105997.310209,0,0.000000,52.840000,0.000000,0.070000,0.000000,0.000000,0.000000,-0.180000,8.000000,150.250000
1769105997.346824,0,0.000000,52.750000,0.000000,0.000000,0.000000,0.000000,0.000000,-0.180000,8.000000,150.270000
1769105997.347232,0,0.000000,52.810000,0.000000,0.050000,0.000000,0.000000,0.000000,-0.180000,8.000000,150.280000
1769105997.347792,0,0.000000,52.810000,0.000000,0.000000,0.000000,0.000000,0.000000,-0.180000,8.000000,150.300000
1769105997.383557,0,0.000000,52.810000,0.000000,-0.050000,0.000000,0.000000,0.000000,-0.180000,8.000000,150.320000
1769105997.384593,0,0.000000,52.840000,0.000000,0.000000,0.000000,0.000000,0.000000,-0.180000,8.000000,150.330000
1769105997.419410,0,0.000000,52.860000,0.000000,0.000000,0.000000,0.000000,0.000000,-0.180000,8.000000,150.350000
1769105997.420410,0,0.000000,52.810000,0.000000,0.020000,0.000000,0.000000,0.000000,-0.180000,8.000000,150.360000
1769105997.454424,0,0.000000,52.860000,0.000000,0.030000,0.000000,0.000000,0.000000,-0.180000,8.000000,150.380000
1769105997.456425,0,0.000000,52.840000,0.000000,-0.010000,0.000000,0.000000,0.000000,-0.180000,8.000000,150.390000
1769105997.486249,0,0.000000,52.810000,0.000000,0.070000,0.000000,0.000000,0.000000,-0.180000,8.000000,150.410000
1769105997.486988,0,0.000000,52.860000,0.000000,0.000000,0.000000,0.000000,0.000000,-0.180000,8.000000,150.420000
1769105997.488847,0,0.000000,52.840000,0.000000,0.050000,0.000000,0.000000,0.000000,-0.180000,8.000000,150.440000
1769105997.525410,0,0.000000,52.810000,0.000000,0.050000,0.000000,0.000000,0.000000,-0.180000,8.000000,150.460000
1769105997.526189,0,0.000000,52.810000,0.000000,0.090000,0.000000,0.000000,0.000000,-0.180000,8.000000,150.470000
1769105997.561843,0,0.000000,52.790000,0.000000,0.000000,0.000000,0.000000,0.000000,-0.180000,8.000000,150.490000
1769105997.563641,0,0.000000,52.790000,0.000000,0.000000,0.000000,0.000000,0.000000,-0.180000,8.000000,150.500000
1769105997.591327,0,0.000000,52.860000,0.000000,-0.070000,0.000000,0.000000,0.000000,-0.180000,8.000000,150.520000
1769105997.592327,0,0.000000,52.810000,0.000000,0.030000,0.000000,0.000000,0.000000,-0.180000,8.000000,150.530000
1769105997.592327,0,0.000000,52.860000,0.000000,0.020000,0.000000,0.000000,0.000000,-0.180000,8.000000,150.550000
1769105997.628603,0,0.000000,52.840000,0.000000,0.000000,0.000000,0.000000,0.000000,-0.180000,8.000000,150.570000
1769105997.630584,0,0.000000,52.790000,0.000000,0.000000,0.000000,0.000000,0.000000,-0.180000,8.000000,150.580000
1769105997.665202,0,0.000000,52.810000,0.000000,0.010000,0.000000,0.000000,0.000000,-0.170000,8.000000,150.600000
1769105997.666203,0,0.000000,52.840000,0.000000,0.000000,0.000000,0.000000,0.000000,-0.180000,8.000000,150.610000
1769105997.701771,0,0.000000,52.880000,0.000000,-0.010000,0.000000,0.000000,0.000000,-0.180000,8.000000,150.630000
1769105997.702807,0,0.000000,52.860000,0.000000,0.000000,0.000000,0.000000,0.000000,-0.180000,8.000000,150.630000
1769105997.703544,0,0.000000,52.810000,0.000000,0.000000,0.000000,0.000000,0.000000,-0.180000,8.000000,150.660000
1769105997.738827,0,0.000000,52.860000,0.000000,0.050000,0.000000,0.000000,0.000000,-0.180000,8.000000,150.660000
1769105997.740122,0,0.000000,52.900000,0.000000,0.050000,0.000000,0.000000,0.000000,-0.180000,8.000000,150.690000
1769105997.779051,0,0.000000,52.840000,0.000000,0.000000,0.000000,0.000000,0.000000,-0.180000,8.000000,150.710000
1769105997.780088,0,0.000000,52.790000,0.000000,0.020000,0.000000,0.000000,0.000000,-0.180000,8.000000,150.720000
1769105997.818525,0,0.000000,52.840000,0.000000,0.050000,0.000000,0.000000,0.000000,-0.180000,8.000000,150.740000
1769105997.818525,0,0.000000,52.840000,0.000000,0.020000,0.000000,0.000000,0.000000,-0.180000,8.000000,150.750000
1769105997.848408,0,0.000000,52.750000,0.000000,0.000000,0.000000,0.000000,0.000000,-0.180000,8.000000,150.770000
1769105997.849943,0,0.000000,52.840000,0.000000,0.000000,0.000000,0.000000,0.000000,-0.180000,8.000000,150.770000
1769105997.850484,0,0.000000,52.840000,0.000000,0.050000,0.000000,0.000000,0.000000,-0.180000,8.000000,150.800000
1769105997.884535,0,0.000000,52.840000,0.000000,0.000000,0.000000,0.000000,0.000000,-0.180000,8.000000,150.800000
1769105997.885571,0,0.000000,52.770000,0.000000,0.010000,0.000000,0.000000,0.000000,-0.180000,8.000000,150.830000
1769105997.886638,0,0.000000,52.840000,0.000000,0.030000,0.000000,0.000000,0.000000,-0.180000,8.000000,150.830000
1769105997.922754,0,0.000000,52.860000,0.000000,0.000000,0.000000,0.000000,0.000000,-0.180000,8.000000,150.860000
1769105997.922754,0,0.000000,52.750000,0.000000,0.050000,0.000000,0.000000,0.000000,-0.180000,8.000000,150.860000
1769105997.924289,0,0.000000,52.840000,0.000000,0.010000,0.000000,0.000000,0.000000,-0.180000,8.000000,150.880000
1769105997.961385,0,0.000000,52.790000,0.000000,0.010000,0.000000,0.000000,0.000000,-0.180000,8.000000,150.890000
1769105997.962385,0,0.000000,52.840000,0.000000,0.000000,0.000000,0.000000,0.000000,-0.180000,8.000000,150.910000
1769105997.997129,0,0.000000,52.810000,0.000000,0.000000,0.000000,0.000000,0.000000,-0.180000,8.000000,150.920000
1769105997.998133,0,0.000000,52.860000,0.000000,-0.100000,0.000000,0.000000,0.000000,-0.180000,8.000000,150.940000
1769105998.029289,0,0.000000,52.770000,0.000000,0.020000,0.000000,0.000000,0.000000,-0.180000,8.000000,150.960000
1769105998.030288,0,0.000000,52.840000,0.000000,-0.100000,0.000000,0.000000,0.000000,-0.180000,8.000000,150.970000
1769105998.066018,0,0.000000,52.900000,0.000000,0.000000,0.000000,0.000000,0.000000,-0.180000,8.000000,150.990000
1769105998.067055,0,0.000000,52.810000,0.000000,-0.020000,0.000000,0.000000,0.000000,-0.180000,8.000000,151.000000
1769105998.099546,0,0.000000,52.770000,0.000000,-0.070000,0.000000,0.000000,0.000000,-0.180000,8.000000,151.020000
1769105998.099546,0,0.000000,52.840000,0.000000,0.090000,0.000000,0.000000,0.000000,-0.180000,8.000000,151.030000
1769105998.100582,0,0.000000,52.840000,0.000000,0.000000,0.000000,0.000000,0.000000,-0.180000,8.000000,151.050000
1769105998.137192,0,0.000000,52.860000,0.000000,0.010000,0.000000,0.000000,0.000000,-0.180000,8.000000,151.070000
1769105998.137954,0,0.000000,52.860000,0.000000,0.000000,0.000000,0.000000,0.000000,-0.180000,8.000000,151.080000
1769105998.176123,0,0.000000,52.840000,0.000000,0.070000,0.000000,0.000000,0.000000,-0.180000,8.000000,151.100000
1769105998.177180,0,0.000000,52.840000,0.000000,-0.070000,0.000000,0.000000,0.000000,-0.180000,8.000000,151.110000
1769105998.208544,0,0.000000,52.840000,0.000000,-0.070000,0.000000,0.000000,0.000000,-0.180000,8.000000,151.130000
1769105998.209580,0,0.000000,52.860000,0.000000,0.000000,0.000000,0.000000,0.000000,-0.180000,8.000000,151.130000
1769105998.210580,0,0.000000,52.840000,0.000000,0.090000,0.000000,0.000000,0.000000,-0.180000,8.000000,151.160000
1769105998.242407,0,0.000000,52.880000,0.000000,0.020000,0.000000,0.000000,0.000000,-0.180000,8.000000,151.170000
1769105998.242944,0,0.000000,52.840000,0.000000,0.000000,0.000000,0.000000,0.000000,-0.180000,8.000000,151.190000
1769105998.282985,0,0.000000,52.860000,0.000000,0.020000,0.000000,0.000000,0.000000,-0.180000,8.000000,151.210000
1769105998.283763,0,0.000000,52.810000,0.000000,-0.010000,0.000000,0.000000,0.000000,-0.180000,8.000000,151.220000
1769105998.312318,0,0.000000,52.880000,0.000000,0.070000,0.000000,0.000000,0.000000,-0.180000,8.000000,151.240000
1769105998.313103,0,0.000000,52.790000,0.000000,0.020000,0.000000,0.000000,0.000000,-0.180000,8.000000,151.250000
1769105998.314415,0,0.000000,52.750000,0.000000,0.000000,0.000000,0.000000,0.000000,-0.180000,8.000000,151.270000
1769105998.314919,0,0.000000,52.790000,0.000000,0.000000,0.000000,0.000000,0.000000,-0.180000,8.000000,151.270000
1769105998.349978,0,0.000000,52.860000,0.000000,0.020000,0.000000,0.000000,0.000000,-0.180000,8.000000,151.300000
1769105998.386386,0,0.000000,52.840000,0.000000,-0.050000,0.000000,0.000000,0.000000,-0.180000,8.000000,151.300000
1769105998.387138,0,0.000000,52.810000,0.000000,0.050000,0.000000,0.000000,0.000000,-0.180000,8.000000,151.330000
1769105998.388175,0,0.000000,52.900000,0.000000,0.010000,0.000000,0.000000,0.000000,-0.180000,8.000000,151.330000
1769105998.426419,0,0.000000,52.810000,0.000000,-0.010000,0.000000,0.000000,0.000000,-0.170000,8.000000,151.360000
1769105998.427418,0,0.000000,52.790000,0.000000,0.000000,0.000000,0.000000,0.000000,-0.180000,8.000000,151.360000
1769105998.462390,0,0.000000,52.790000,0.000000,-0.050000,0.000000,0.000000,0.000000,-0.180000,8.000000,151.380000
1769105998.463200,0,0.000000,52.810000,0.000000,0.020000,0.000000,0.000000,0.000000,-0.180000,8.000000,151.390000
1769105998.463200,0,0.000000,52.790000,0.000000,0.010000,0.000000,0.000000,0.000000,-0.180000,8.000000,151.410000
1769105998.494967,0,0.000000,52.840000,0.000000,0.050000,0.000000,0.000000,0.000000,-0.180000,8.000000,151.420000
1769105998.496002,0,0.000000,52.840000,0.000000,0.070000,0.000000,0.000000,0.000000,-0.180000,8.000000,151.440000
1769105998.528536,0,0.000000,52.840000,0.000000,-0.030000,0.000000,0.000000,0.000000,-0.180000,8.000000,151.460000
1769105998.529535,0,0.000000,52.810000,0.000000,0.000000,0.000000,0.000000,0.000000,-0.180000,8.000000,151.470000
1769105998.530529,0,0.000000,52.860000,0.000000,0.000000,0.000000,0.000000,0.000000,-0.180000,8.000000,151.490000
1769105998.568528,0,0.000000,52.860000,0.000000,-0.010000,0.000000,0.000000,0.000000,-0.180000,8.000000,151.500000
1769105998.608354,0,0.000000,52.860000,0.000000,0.000000,0.000000,0.000000,0.000000,-0.180000,8.000000,151.520000
1769105998.608975,0,0.000000,52.860000,0.000000,0.010000,0.000000,0.000000,0.000000,-0.180000,8.000000,151.530000
1769105998.610750,0,0.000000,52.840000,0.000000,-0.010000,0.000000,0.000000,0.000000,-0.180000,8.000000,151.550000
1769105998.645971,0,0.000000,52.790000,0.000000,0.010000,0.000000,0.000000,0.000000,-0.180000,8.000000,151.570000
1769105998.647846,0,0.000000,52.810000,0.000000,0.020000,0.000000,0.000000,0.000000,-0.180000,8.000000,151.580000
1769105998.648883,0,0.000000,52.790000,0.000000,0.000000,0.000000,0.000000,0.000000,-0.180000,8.000000,151.600000
1769105998.682647,0,0.000000,52.790000,0.000000,0.000000,0.000000,0.000000,0.000000,-0.180000,8.000000,151.610000
1769105998.683649,0,0.000000,52.860000,0.000000,0.010000,0.000000,0.000000,0.000000,-0.180000,8.000000,151.630000
1769105998.684647,0,0.000000,52.810000,0.000000,0.000000,0.000000,0.000000,0.000000,-0.180000,8.000000,151.640000
1769105998.722035,0,0.000000,52.790000,0.000000,0.010000,0.000000,0.000000,0.000000,-0.180000,8.000000,151.660000
1769105998.722636,0,0.000000,52.840000,0.000000,0.010000,0.000000,0.000000,0.000000,-0.180000,8.000000,151.670000
1769105998.763174,0,0.000000,52.810000,0.000000,0.020000,0.000000,0.000000,0.000000,-0.170000,8.000000,151.690000
1769105998.764174,0,0.000000,52.790000,0.000000,0.000000,0.000000,0.000000,0.000000,-0.180000,8.000000,151.710000
1769105998.793954,0,0.000000,52.790000,0.000000,0.020000,0.000000,0.000000,0.000000,-0.180000,8.000000,151.720000
1769105998.794959,0,0.000000,52.790000,0.000000,0.010000,0.000000,0.000000,0.000000,-0.180000,8.000000,151.740000
1769105998.795678,0,0.000000,52.790000,0.000000,0.000000,0.000000,0.000000,0.000000,-0.180000,8.000000,151.750000
1769105998.832935,0,0.000000,52.840000,0.000000,0.000000,0.000000,0.000000,0.000000,-0.180000,8.000000,151.770000
1769105998.833941,0,0.000000,52.860000,0.000000,-0.010000,0.000000,0.000000,0.000000,-0.180000,8.000000,151.770000
1769105998.871070,0,0.000000,52.810000,0.000000,0.030000,0.000000,0.000000,0.000000,-0.180000,8.000000,151.800000
1769105998.871070,0,0.000000,52.810000,0.000000,0.050000,0.000000,0.000000,0.000000,-0.180000,8.000000,151.820000
1769105998.900722,0,0.000000,52.810000,0.000000,0.000000,0.000000,0.000000,0.000000,-0.180000,8.000000,151.830000
1769105998.901723,0,0.000000,52.790000,0.000000,0.000000,0.000000,0.000000,0.000000,-0.180000,8.000000,151.850000
1769105998.903913,0,0.000000,52.860000,0.000000,0.000000,0.000000,0.000000,0.000000,-0.180000,8.000000,151.860000
1769105998.940107,0,0.000000,52.840000,0.000000,0.070000,0.000000,0.000000,0.000000,-0.180000,8.000000,151.880000
1769105998.941631,0,0.000000,52.860000,0.000000,0.020000,0.000000,0.000000,0.000000,-0.180000,8.000000,151.880000
1769105998.972320,0,0.000000,52.840000,0.000000,-0.030000,0.000000,0.000000,0.000000,-0.180000,8.000000,151.910000
1769105998.973321,0,0.000000,52.840000,0.000000,0.030000,0.000000,0.000000,0.000000,-0.180000,8.000000,151.910000
1769105999.009665,0,0.000000,52.810000,0.000000,0.050000,0.000000,0.000000,0.000000,-0.180000,8.000000,151.940000
1769105999.009665,0,0.000000,52.810000,0.000000,0.030000,0.000000,0.000000,0.000000,-0.180000,8.000000,151.940000
1769105999.041670,0,0.000000,52.840000,0.000000,0.000000,0.000000,0.000000,0.000000,-0.180000,8.000000,151.970000
1769105999.042477,0,0.000000,52.790000,0.000000,0.000000,0.000000,0.000000,0.000000,-0.180000,8.000000,151.970000
1769105999.072410,0,0.000000,52.860000,0.000000,-0.030000,0.000000,0.000000,0.000000,-0.180000,8.000000,152.000000
1769105999.072916,0,0.000000,52.790000,0.000000,0.020000,0.000000,0.000000,0.000000,-0.180000,8.000000,152.000000
1769105999.073921,0,0.000000,52.840000,0.000000,-0.020000,0.000000,0.000000,0.000000,-0.180000,8.000000,152.020000
1769105999.107507,0,0.000000,52.810000,0.000000,0.010000,0.000000,0.000000,0.000000,-0.180000,8.000000,152.030000
1769105999.108290,0,0.000000,52.840000,0.000000,-0.010000,0.000000,0.000000,0.000000,-0.180000,8.000000,152.050000
1769105999.142656,0,0.000000,52.860000,0.000000,0.000000,0.000000,0.000000,0.000000,-0.180000,8.000000,152.080000
1769105999.143657,0,0.000000,52.810000,0.000000,0.010000,0.000000,0.000000,0.000000,-0.180000,8.000000,152.080000
1769105999.176616,0,0.000000,52.840000,0.000000,-0.010000,0.000000,0.000000,0.000000,-0.170000,8.000000,152.110000
1769105999.177616,0,0.000000,52.790000,0.000000,-0.020000,0.000000,0.000000,0.000000,-0.180000,8.000000,152.110000
1769105999.178457,0,0.000000,52.840000,0.000000,0.070000,0.000000,0.000000,0.000000,-0.180000,8.000000,152.130000
1769105999.212105,0,0.000000,52.770000,0.000000,0.000000,0.000000,0.000000,0.000000,-0.180000,8.000000,152.140000
1769105999.213109,0,0.000000,52.840000,0.000000,0.020000,0.000000,0.000000,0.000000,-0.180000,8.000000,152.160000
1769105999.248714,0,0.000000,52.860000,0.000000,-0.050000,0.000000,0.000000,0.000000,-0.180000,8.000000,152.170000
1769105999.249713,0,0.000000,52.790000,0.000000,0.070000,0.000000,0.000000,0.000000,-0.180000,8.000000,152.190000
1769105999.281465,0,0.000000,52.810000,0.000000,0.010000,0.000000,0.000000,0.000000,-0.180000,8.000000,152.210000
1769105999.282469,0,0.000000,52.810000,0.000000,0.000000,0.000000,0.000000,0.000000,-0.170000,8.000000,152.220000
1769105999.283236,0,0.000000,52.860000,0.000000,0.010000,0.000000,0.000000,0.000000,-0.180000,8.000000,152.240000
1769105999.317487,0,0.000000,52.810000,0.000000,0.010000,0.000000,0.000000,0.000000,-0.170000,8.000000,152.250000
1769105999.318491,0,0.000000,52.810000,0.000000,0.000000,0.000000,0.000000,0.000000,-0.180000,8.000000,152.270000
1769105999.351586,0,0.000000,52.860000,0.000000,-0.020000,0.000000,0.000000,0.000000,-0.180000,8.000000,152.270000
1769105999.352586,0,0.000000,52.810000,0.000000,0.050000,0.000000,0.000000,0.000000,-0.180000,8.000000,152.300000
1769105999.389295,0,0.000000,52.840000,0.000000,0.000000,0.000000,0.000000,0.000000,-0.180000,8.000000,152.300000
1769105999.390301,0,0.000000,52.840000,0.000000,0.000000,0.000000,0.000000,0.000000,-0.180000,8.000000,152.330000
1769105999.391061,0,0.000000,52.860000,0.000000,0.090000,0.000000,0.000000,0.000000,-0.180000,8.000000,152.350000
1769105999.427368,0,0.000000,52.790000,0.000000,0.030000,0.000000,0.000000,0.000000,-0.180000,8.000000,152.360000
1769105999.428370,0,0.000000,52.810000,0.000000,0.000000,0.000000,0.000000,0.000000,-0.180000,8.000000,152.380000
1769105999.466069,0,0.000000,52.840000,0.000000,-0.030000,0.000000,0.000000,0.000000,-0.180000,8.000000,152.380000
1769105999.467074,0,0.000000,52.840000,0.000000,0.000000,0.000000,0.000000,0.000000,-0.180000,8.000000,152.410000
1769105999.467903,0,0.000000,52.840000,0.000000,-0.030000,0.000000,0.000000,0.000000,-0.170000,8.000000,152.410000
1769105999.502051,0,0.000000,52.790000,0.000000,0.030000,0.000000,0.000000,0.000000,-0.180000,8.000000,152.440000
1769105999.502849,0,0.000000,52.840000,0.000000,0.000000,0.000000,0.000000,0.000000,-0.180000,8.000000,152.440000
1769105999.535078,0,0.000000,52.810000,0.000000,0.000000,0.000000,0.000000,0.000000,-0.180000,8.000000,152.470000
1769105999.535841,0,0.000000,52.810000,0.000000,0.000000,0.000000,0.000000,0.000000,-0.180000,8.000000,152.470000
1769105999.567277,0,0.000000,52.810000,0.000000,0.010000,0.000000,0.000000,0.000000,-0.180000,8.000000,152.500000
1769105999.568278,0,0.000000,52.790000,0.000000,0.000000,0.000000,0.000000,0.000000,-0.180000,8.000000,152.500000
1769105999.569277,0,0.000000,52.840000,0.000000,0.000000,0.000000,0.000000,0.000000,-0.180000,8.000000,152.520000
1769105999.602680,0,0.000000,52.900000,0.000000,0.050000,0.000000,0.000000,0.000000,-0.180000,8.000000,152.530000
1769105999.603186,0,0.000000,52.880000,0.000000,0.000000,0.000000,0.000000,0.000000,-0.180000,8.000000,152.550000
1769105999.636604,0,0.000000,52.810000,0.000000,0.010000,0.000000,0.000000,0.000000,-0.180000,8.000000,152.570000
1769105999.637668,0,0.000000,52.860000,0.000000,0.020000,0.000000,0.000000,0.000000,-0.180000,8.000000,152.580000
1769105999.674474,0,0.000000,52.840000,0.000000,0.000000,0.000000,0.000000,0.000000,-0.180000,8.000000,152.600000
1769105999.675992,0,0.000000,52.790000,0.000000,0.000000,0.000000,0.000000,0.000000,-0.180000,8.000000,152.610000
1769105999.677000,0,0.000000,52.840000,0.000000,0.000000,0.000000,0.000000,0.000000,-0.180000,8.000000,152.630000
1769105999.710456,0,0.000000,52.810000,0.000000,0.020000,0.000000,0.000000,0.000000,-0.180000,8.000000,152.630000
1769105999.711457,0,0.000000,52.790000,0.000000,0.050000,0.000000,0.000000,0.000000,-0.180000,8.000000,152.660000
1769105999.746777,0,0.000000,52.840000,0.000000,0.030000,0.000000,0.000000,0.000000,-0.180000,8.000000,152.670000
1769105999.747783,0,0.000000,52.840000,0.000000,0.120000,0.000000,0.000000,0.000000,-0.180000,8.000000,152.690000
1769105999.778856,0,0.000000,52.770000,0.000000,0.010000,0.000000,0.000000,0.000000,-0.180000,8.000000,152.710000
1769105999.780672,0,0.000000,52.860000,0.000000,0.050000,0.000000,0.000000,0.000000,-0.180000,8.000000,152.720000
1769105999.780672,0,0.000000,52.810000,0.000000,0.010000,0.000000,0.000000,0.000000,-0.180000,8.000000,152.740000
1769105999.819229,0,0.000000,52.900000,0.000000,0.020000,0.000000,0.000000,0.000000,-0.180000,8.000000,152.750000
1769105999.820229,0,0.000000,52.840000,0.000000,-0.050000,0.000000,0.000000,0.000000,-0.180000,8.000000,152.770000
1769105999.862251,0,0.000000,52.810000,0.000000,0.070000,0.000000,0.000000,0.000000,-0.180000,8.000000,152.770000
1769105999.862251,0,0.000000,52.880000,0.000000,0.020000,0.000000,0.000000,0.000000,-0.180000,8.000000,152.800000
1769105999.863257,0,0.000000,52.810000,0.000000,0.000000,0.000000,0.000000,0.000000,-0.180000,8.000000,152.800000
1769105999.898878,0,0.000000,52.810000,0.000000,-0.010000,0.000000,0.000000,0.000000,-0.180000,8.000000,152.830000
1769105999.899634,0,0.000000,52.770000,0.000000,0.010000,0.000000,0.000000,0.000000,-0.180000,8.000000,152.830000
1769105999.932439,0,0.000000,52.880000,0.000000,-0.010000,0.000000,0.000000,0.000000,-0.180000,8.000000,152.860000
1769105999.933220,0,0.000000,52.840000,0.000000,-0.020000,0.000000,0.000000,0.000000,-0.180000,8.000000,152.860000
1769105999.934227,0,0.000000,52.860000,0.000000,0.000000,0.000000,0.000000,0.000000,-0.180000,8.000000,152.880000
1769105999.970499,0,0.000000,52.840000,0.000000,0.000000,0.000000,0.000000,0.000000,-0.180000,8.000000,152.910000
1769105999.971509,0,0.000000,52.840000,0.000000,-0.030000,0.000000,0.000000,0.000000,-0.180000,8.000000,152.910000
1769106000.007720,0,0.000000,52.900000,0.000000,-0.010000,0.000000,0.000000,0.000000,-0.180000,8.000000,152.940000
1769106000.008719,0,0.000000,52.720000,0.000000,0.050000,0.000000,0.000000,0.000000,-0.180000,8.000000,152.940000
1769106000.048876,0,0.000000,52.700000,0.000000,-0.010000,0.000000,0.000000,0.000000,-0.170000,8.000000,152.970000
1769106000.049879,0,0.000000,52.790000,0.000000,0.010000,0.000000,0.000000,0.000000,-0.180000,8.000000,152.970000
1769106000.050875,0,0.000000,52.720000,0.000000,0.000000,0.000000,0.000000,0.000000,-0.180000,8.000000,153.000000
1769106000.085840,0,0.000000,52.790000,0.000000,-0.020000,0.000000,0.000000,0.000000,-0.180000,8.000000,153.000000
1769106000.087148,0,0.000000,52.770000,0.000000,-0.050000,0.000000,0.000000,0.000000,-0.180000,8.000000,153.020000
1769106000.087652,0,0.000000,52.840000,0.000000,0.020000,0.000000,0.000000,0.000000,-0.180000,8.000000,153.030000
1769106000.122910,0,0.000000,52.840000,0.000000,0.000000,0.000000,0.000000,0.000000,-0.180000,8.000000,153.050000
1769106000.123915,0,0.000000,52.720000,0.000000,0.000000,0.000000,0.000000,0.000000,-0.180000,8.000000,153.070000
1769106000.160666,0,0.000000,52.680000,0.000000,0.000000,0.000000,0.000000,0.000000,-0.180000,8.000000,153.080000
1769106000.161674,0,0.000000,52.810000,0.000000,-0.020000,0.000000,0.000000,0.000000,-0.180000,8.000000,153.100000
1769106000.162429,0,0.000000,52.770000,0.000000,0.070000,0.000000,0.000000,0.000000,-0.180000,8.000000,153.110000
1769106000.196422,0,0.000000,52.750000,0.000000,-0.050000,0.000000,0.000000,0.000000,-0.180000,8.000000,153.130000
1769106000.197429,0,0.000000,52.660000,0.000000,0.020000,0.000000,0.000000,0.000000,-0.180000,8.000000,153.140000
1769106000.231771,0,0.000000,52.770000,0.000000,-0.030000,0.000000,0.000000,0.000000,-0.180000,8.000000,153.160000
1769106000.231771,0,0.000000,52.770000,0.000000,0.000000,0.000000,0.000000,0.000000,-0.180000,8.000000,153.170000
1769106000.264370,0,0.000000,52.810000,0.000000,0.050000,0.000000,0.000000,0.000000,-0.180000,8.000000,153.190000
1769106000.264370,0,0.000000,52.750000,0.000000,0.090000,0.000000,0.000000,0.000000,-0.180000,8.000000,153.210000
1769106000.265407,0,0.000000,52.700000,0.000000,-0.050000,0.000000,0.000000,0.000000,-0.180000,8.000000,153.220000
1769106000.301102,0,0.000000,52.700000,0.000000,0.000000,0.000000,0.000000,0.000000,-0.180000,8.000000,153.240000
1769106000.302139,0,0.000000,52.750000,0.000000,0.000000,0.000000,0.000000,0.000000,-0.180000,8.000000,153.250000
1769106000.335559,0,0.000000,52.720000,0.000000,0.020000,0.000000,0.000000,0.000000,-0.180000,8.000000,153.270000
1769106000.336278,0,0.000000,52.750000,0.000000,0.050000,0.000000,0.000000,0.000000,-0.180000,8.000000,153.280000
1769106000.337315,0,0.000000,52.720000,0.000000,0.010000,0.000000,0.000000,0.000000,-0.180000,8.000000,153.300000
1769106000.374725,0,0.000000,52.700000,0.000000,0.050000,0.000000,0.000000,0.000000,-0.180000,8.000000,153.320000
1769106000.411129,0,0.000000,52.790000,0.000000,0.070000,0.000000,0.000000,0.000000,-0.170000,8.000000,153.330000
1769106000.411666,0,0.000000,52.810000,0.000000,0.000000,0.000000,0.000000,0.000000,-0.180000,8.000000,153.350000
1769106000.440889,0,0.000000,52.880000,0.000000,0.000000,0.000000,0.000000,0.000000,-0.180000,8.000000,153.360000
1769106000.442468,0,0.000000,52.810000,0.000000,-0.050000,0.000000,0.000000,0.000000,-0.180000,8.000000,153.380000
1769106000.443468,0,0.000000,52.750000,0.000000,0.070000,0.000000,0.000000,0.000000,-0.180000,8.000000,153.380000
1769106000.476334,0,0.000000,52.720000,0.000000,-0.010000,0.000000,0.000000,0.000000,-0.180000,8.000000,153.410000
1769106000.476935,0,0.000000,52.860000,0.000000,0.000000,0.000000,0.000000,0.000000,-0.180000,8.000000,153.410000
1769106000.477972,0,0.000000,52.840000,0.000000,0.020000,0.000000,0.000000,0.000000,-0.180000,8.000000,153.440000
1769106000.513508,0,0.000000,52.840000,0.000000,0.020000,0.000000,0.000000,0.000000,-0.180000,8.000000,153.440000
1769106000.545711,0,0.000000,52.860000,0.000000,-0.050000,0.000000,0.000000,0.000000,-0.170000,8.000000,153.470000
1769106000.546747,0,0.000000,52.810000,0.000000,0.050000,0.000000,0.000000,0.000000,-0.180000,8.000000,153.470000
1769106000.547747,0,0.000000,52.840000,0.000000,0.000000,0.000000,0.000000,0.000000,-0.180000,8.000000,153.500000
1769106000.579347,0,0.000000,52.840000,0.000000,0.030000,0.000000,0.000000,0.000000,-0.180000,8.000000,153.500000
1769106000.579347,0,0.000000,52.790000,0.000000,-0.050000,0.000000,0.000000,0.000000,-0.180000,8.000000,153.520000
1769106000.580347,0,0.000000,52.790000,0.000000,0.030000,0.000000,0.000000,0.000000,-0.180000,8.000000,153.530000
1769106000.612862,0,0.000000,52.750000,0.000000,0.000000,0.000000,0.000000,0.000000,-0.180000,8.000000,153.550000
1769106000.614668,0,0.000000,52.790000,0.000000,0.020000,0.000000,0.000000,0.000000,-0.180000,8.000000,153.570000
1769106000.646731,0,0.000000,52.790000,0.000000,-0.030000,0.000000,0.000000,0.000000,-0.180000,8.000000,153.580000
1769106000.680953,0,0.000000,52.810000,0.000000,0.070000,0.000000,0.000000,0.000000,-0.180000,8.000000,153.610000
1769106000.682691,0,0.000000,52.790000,0.000000,0.010000,0.000000,0.000000,0.000000,-0.180000,8.000000,153.610000
1769106000.683727,0,0.000000,52.840000,0.000000,0.050000,0.000000,0.000000,0.000000,-0.180000,8.000000,153.630000
1769106000.718140,0,0.000000,52.790000,0.000000,0.000000,0.000000,0.000000,0.000000,-0.180000,8.000000,153.640000
1769106000.719139,0,0.000000,52.840000,0.000000,0.000000,0.000000,0.000000,0.000000,-0.180000,8.000000,153.660000
1769106000.752836,0,0.000000,52.700000,0.000000,0.070000,0.000000,0.000000,0.000000,-0.180000,8.000000,153.670000
1769106000.753879,0,0.000000,52.810000,0.000000,0.000000,0.000000,0.000000,0.000000,-0.180000,8.000000,153.690000
1769106000.754488,0,0.000000,52.750000,0.000000,0.000000,0.000000,0.000000,0.000000,-0.180000,8.000000,153.710000
1769106000.788299,0,0.000000,52.840000,0.000000,0.010000,0.000000,0.000000,0.000000,-0.180000,8.000000,153.720000
1769106000.789088,0,0.000000,52.860000,0.000000,0.000000,0.000000,0.000000,0.000000,-0.180000,8.000000,153.740000
1769106000.824819,0,0.000000,52.770000,0.000000,0.050000,0.000000,0.000000,0.000000,-0.180000,8.000000,153.750000
1769106000.825820,0,0.000000,52.860000,0.000000,-0.050000,0.000000,0.000000,0.000000,-0.180000,8.000000,153.770000
1769106000.864657,0,0.000000,52.840000,0.000000,-0.030000,0.000000,0.000000,0.000000,-0.180000,8.000000,153.780000
1769106000.865657,0,0.000000,52.900000,0.000000,0.010000,0.000000,0.000000,0.000000,-0.180000,8.000000,153.800000
1769106000.866660,0,0.000000,52.790000,0.000000,0.010000,0.000000,0.000000,0.000000,-0.180000,8.000000,153.820000
1769106000.904335,0,0.000000,52.810000,0.000000,-0.010000,0.000000,0.000000,0.000000,-0.180000,8.000000,153.830000
1769106000.905334,0,0.000000,52.860000,0.000000,-0.020000,0.000000,0.000000,0.000000,-0.180000,8.000000,153.850000
1769106000.906997,0,0.000000,52.860000,0.000000,0.000000,0.000000,0.000000,0.000000,-0.180000,8.000000,153.860000
1769106000.945917,0,0.000000,52.790000,0.000000,0.030000,0.000000,0.000000,0.000000,-0.180000,8.000000,153.880000
1769106000.945917,0,0.000000,52.840000,0.000000,0.030000,0.000000,0.000000,0.000000,-0.180000,8.000000,153.880000
1769106000.980677,0,0.000000,52.840000,0.000000,0.000000,0.000000,0.000000,0.000000,-0.180000,8.000000,153.910000
1769106000.981474,0,0.000000,52.750000,0.000000,0.050000,0.000000,0.000000,0.000000,-0.180000,8.000000,153.910000
1769106000.982511,0,0.000000,52.860000,0.000000,0.000000,0.000000,0.000000,0.000000,-0.180000,8.000000,153.940000
1769106001.018660,0,0.000000,52.790000,0.000000,0.070000,0.000000,0.000000,0.000000,-0.180000,8.000000,153.940000
1769106001.018660,0,0.000000,52.840000,0.000000,0.070000,0.000000,0.000000,0.000000,-0.180000,8.000000,153.970000
1769106001.056718,0,0.000000,52.790000,0.000000,0.050000,0.000000,0.000000,0.000000,-0.180000,8.000000,153.970000
1769106001.057761,0,0.000000,52.860000,0.000000,0.020000,0.000000,0.000000,0.000000,-0.180000,8.000000,154.000000
1769106001.091346,0,0.000000,52.790000,0.000000,0.000000,0.000000,0.000000,0.000000,-0.180000,8.000000,154.000000
1769106001.091911,0,0.000000,52.840000,0.000000,0.000000,0.000000,0.000000,0.000000,-0.180000,8.000000,154.020000
1769106001.092948,0,0.000000,52.840000,0.000000,0.000000,0.000000,0.000000,0.000000,-0.180000,8.000000,154.030000
1769106001.093664,0,0.000000,52.720000,0.000000,0.000000,0.000000,0.000000,0.000000,-0.180000,8.000000,154.050000
1769106001.158284,0,0.000000,52.860000,0.000000,0.050000,0.000000,0.000000,0.000000,-0.170000,8.000000,154.070000
1769106001.159046,0,0.000000,52.880000,0.000000,0.010000,0.000000,0.000000,0.000000,-0.180000,8.000000,154.080000
1769106001.160082,0,0.000000,52.720000,0.000000,0.000000,0.000000,0.000000,0.000000,-0.180000,8.000000,154.100000
1769106001.160875,0,0.000000,52.810000,0.000000,0.000000,0.000000,0.000000,0.000000,-0.180000,8.000000,154.110000
1769106001.160875,0,0.000000,52.860000,0.000000,0.000000,0.000000,0.000000,0.000000,-0.170000,8.000000,154.130000
1769106001.161913,0,0.000000,52.720000,0.000000,0.070000,0.000000,0.000000,0.000000,-0.180000,8.000000,154.140000
1769106001.226132,0,0.000000,52.810000,0.000000,-0.020000,0.000000,0.000000,0.000000,-0.180000,8.000000,154.160000
1769106001.227134,0,0.000000,52.750000,0.000000,0.000000,0.000000,0.000000,0.000000,-0.180000,8.000000,154.170000
1769106001.228957,0,0.000000,52.810000,0.000000,0.000000,0.000000,0.000000,0.000000,-0.180000,8.000000,154.190000
1769106001.229679,0,0.000000,52.660000,0.000000,-0.010000,0.000000,0.000000,0.000000,-0.180000,8.000000,154.210000
1769106001.292656,0,0.000000,52.810000,0.000000,0.070000,0.000000,0.000000,0.000000,-0.180000,8.000000,154.220000
1769106001.293692,0,0.000000,52.810000,0.000000,0.000000,0.000000,0.000000,0.000000,-0.180000,8.000000,154.240000
1769106001.294455,0,0.000000,52.840000,0.000000,0.050000,0.000000,0.000000,0.000000,-0.180000,8.000000,154.250000
1769106001.295491,0,0.000000,52.840000,0.000000,0.000000,0.000000,0.000000,0.000000,-0.180000,8.000000,154.270000
1769106001.329504,0,0.000000,52.750000,0.000000,0.000000,0.000000,0.000000,0.000000,-0.180000,8.000000,154.270000
1769106001.365741,0,0.000000,52.840000,0.000000,-0.020000,0.000000,0.000000,0.000000,-0.180000,8.000000,154.300000
1769106001.366741,0,0.000000,52.750000,0.000000,0.020000,0.000000,0.000000,0.000000,-0.180000,8.000000,154.300000
1769106001.398678,0,0.000000,52.900000,0.000000,0.030000,0.000000,0.000000,0.000000,-0.180000,8.000000,154.330000
1769106001.399511,0,0.000000,52.770000,0.000000,-0.030000,0.000000,0.000000,0.000000,-0.180000,8.000000,154.330000
1769106001.400547,0,0.000000,52.770000,0.000000,0.050000,0.000000,0.000000,0.000000,-0.180000,8.000000,154.360000
1769106001.436577,0,0.000000,52.880000,0.000000,-0.020000,0.000000,0.000000,0.000000,-0.180000,8.000000,154.360000
1769106001.437701,0,0.000000,52.880000,0.000000,-0.020000,0.000000,0.000000,0.000000,-0.180000,8.000000,154.380000
1769106001.472647,0,0.000000,52.810000,0.000000,-0.030000,0.000000,0.000000,0.000000,-0.180000,8.000000,154.390000
1769106001.474646,0,0.000000,52.810000,0.000000,0.000000,0.000000,0.000000,0.000000,-0.180000,8.000000,154.410000
1769106001.475646,0,0.000000,52.860000,0.000000,-0.020000,0.000000,0.000000,0.000000,-0.180000,8.000000,154.420000
1769106001.509829,0,0.000000,52.810000,0.000000,0.000000,0.000000,0.000000,0.000000,-0.180000,8.000000,154.440000
1769106001.510864,0,0.000000,52.950000,0.000000,0.070000,0.000000,0.000000,0.000000,-0.180000,8.000000,154.460000
1769106001.545081,0,0.000000,52.900000,0.000000,0.050000,0.000000,0.000000,0.000000,-0.180000,8.000000,154.470000
1769106001.546082,0,0.000000,53.000000,0.000000,0.020000,0.000000,0.000000,0.000000,-0.180000,8.000000,154.490000
1769106001.584491,0,0.000000,53.130000,0.000000,-0.020000,0.000000,0.000000,0.000000,-0.180000,8.000000,154.500000
1769106001.585244,0,0.000000,53.040000,0.000000,0.020000,0.000000,0.000000,0.000000,-0.180000,8.000000,154.520000
1769106001.620037,0,0.000000,53.130000,0.000000,0.010000,0.000000,0.000000,0.000000,-0.180000,8.000000,154.530000
1769106001.621860,0,0.000000,53.290000,0.000000,0.010000,0.000000,0.000000,0.000000,-0.180000,8.000000,154.550000
1769106001.622898,0,0.000000,53.380000,0.000000,-0.020000,0.000000,0.000000,0.000000,-0.170000,8.000000,154.570000
1769106001.665057,0,0.000000,53.430000,0.000000,0.010000,0.000000,0.000000,0.000000,-0.170000,8.000000,154.580000
1769106001.666100,0,0.000000,53.500000,0.000000,-0.010000,0.000000,0.000000,0.000000,-0.140000,8.000000,154.600000
1769106001.700080,0,0.000000,53.590000,0.000000,0.010000,0.000000,0.000000,0.000000,-0.110000,8.000000,154.610000
1769106001.701080,0,0.000000,53.720000,0.000000,0.000000,0.000000,0.000000,0.000000,-0.090000,8.000000,154.630000
1769106001.702079,0,0.000000,53.770000,0.000000,-0.020000,0.000000,0.000000,0.000000,-0.070000,8.000000,154.640000
1769106001.736460,0,0.000000,53.750000,0.000000,0.020000,0.000000,0.000000,0.000000,-0.050000,8.000000,154.660000
1769106001.737502,0,0.000000,53.860000,0.000000,0.050000,0.000000,0.000000,0.000000,-0.050000,8.000000,154.670000
1769106001.738321,0,0.000000,53.830000,0.000000,0.020000,0.000000,0.000000,0.000000,0.000000,8.000000,154.690000
1769106001.775113,0,0.000000,53.970000,0.000000,0.010000,0.000000,0.000000,0.000000,0.020000,8.000000,154.710000
1769106001.811877,0,0.000000,53.970000,0.000000,0.000000,0.000000,0.000000,0.000000,0.100000,8.000000,154.720000
1769106001.812880,0,0.000000,54.060000,0.000000,0.020000,0.000000,0.000000,0.000000,0.150000,8.000000,154.740000
1769106001.813585,0,0.000000,54.150000,0.000000,0.000000,0.000000,0.000000,0.000000,0.230000,8.000000,154.750000
1769106001.848982,0,0.000000,54.160000,0.000000,0.000000,0.000000,0.000000,0.000000,0.300000,8.000000,154.770000
1769106001.849986,0,0.000000,54.340000,0.000000,-0.010000,0.000000,0.000000,0.000000,0.370000,8.000000,154.770000
1769106001.881083,0,0.000000,54.340000,0.000000,0.020000,0.000000,0.000000,0.000000,0.430000,8.000000,154.800000
1769106001.882083,0,0.000000,54.470000,0.000000,-0.050000,0.000000,0.000000,0.000000,0.500000,8.000000,154.820000
1769106001.882083,0,0.000000,54.430000,0.000000,0.050000,0.000000,0.000000,0.000000,0.550000,8.000000,154.830000
1769106001.883083,0,0.000000,54.540000,0.000000,0.070000,0.000000,0.000000,0.000000,0.600000,8.000000,154.850000
1769106001.924507,0,0.000000,54.650000,0.000000,0.050000,0.000000,0.000000,0.000000,0.640000,8.000000,154.860000
1769106001.927361,0,0.000000,54.860000,0.000000,0.030000,0.000000,0.000000,0.000000,0.680000,8.000000,154.880000
1769106001.967658,0,0.000000,55.000000,0.000000,0.090000,0.000000,0.000000,0.000000,0.740000,8.000000,154.880000
1769106001.968390,0,0.000000,55.400000,0.000000,-0.010000,0.000000,0.000000,0.000000,0.770000,8.000000,154.910000
1769106002.010113,0,0.000000,55.770000,0.000000,0.020000,0.000000,0.000000,0.000000,0.810000,8.000000,154.910000
1769106002.011113,0,0.000000,56.160000,0.000000,-0.050000,0.000000,0.000000,0.000000,0.850000,8.000000,154.940000
1769106002.012112,0,0.000000,56.430000,0.000000,0.000000,0.000000,0.000000,0.000000,0.880000,8.000000,154.960000
1769106002.054286,0,0.000000,56.500000,0.000000,0.000000,0.000000,0.000000,0.000000,0.910000,8.000000,154.970000
1769106002.055265,0,0.000000,56.610000,0.000000,0.070000,0.000000,0.000000,0.000000,0.920000,8.000000,154.990000
1769106002.056916,0,0.000000,56.680000,0.000000,-0.050000,0.000000,0.000000,0.000000,0.930000,8.000000,155.000000
1769106002.097703,0,0.000000,56.900000,0.000000,-0.090000,0.000000,0.000000,0.000000,0.930000,8.000000,155.020000
1769106002.099703,0,0.000000,57.220000,0.000000,-0.100000,0.000000,0.000000,0.000000,0.930000,8.000000,155.020000
1769106002.100330,0,0.000000,57.660000,0.000000,-0.070000,0.000000,0.000000,0.000000,0.930000,8.000000,155.050000
1769106002.140690,0,0.000000,58.090000,0.000000,0.000000,0.000000,0.000000,0.000000,0.920000,8.000000,155.050000
1769106002.142246,0,0.000000,59.020000,0.000000,-0.020000,0.000000,0.000000,0.000000,0.880000,8.000000,155.080000
1769106002.143283,0,0.000000,60.130000,0.000000,0.090000,0.000000,0.000000,0.000000,0.820000,8.000000,155.080000
1769106002.176647,0,0.000000,61.790000,0.000000,0.020000,0.000000,0.000000,0.000000,0.750000,8.000000,155.110000
1769106002.177683,0,0.000000,63.290000,0.000000,0.120000,0.000000,0.000000,0.000000,0.640000,8.000000,155.110000
1769106002.178218,0,0.000000,64.200000,0.000000,0.100000,0.000000,0.000000,0.000000,0.560000,8.000000,155.130000
1769106002.216951,0,0.000000,64.330000,0.000000,0.110000,0.000000,0.000000,0.000000,0.460000,8.000000,155.140000
1769106002.217952,0,0.000000,63.810000,0.000000,0.120000,0.000000,0.000000,0.000000,0.370000,8.000000,155.160000
1769106002.259022,0,0.000000,63.130000,0.000000,0.090000,0.000000,0.000000,0.000000,0.280000,8.000000,155.170000
1769106002.259838,0,0.000000,62.630000,0.000000,0.090000,0.000000,0.000000,0.000000,0.180000,8.000000,155.190000
1769106002.259838,0,0.000000,62.410000,0.000000,0.050000,0.000000,0.000000,0.000000,0.070000,8.000000,155.210000
1769106002.299544,0,0.000000,62.220000,0.000000,-0.050000,0.000000,0.000000,0.000000,-0.010000,8.000000,155.220000
1769106002.300548,0,0.000000,62.400000,0.000000,0.000000,0.000000,0.000000,0.000000,-0.090000,8.000000,155.240000
1769106002.302655,0,0.000000,62.290000,0.000000,0.030000,0.000000,0.000000,0.000000,-0.140000,8.000000,155.250000
1769106002.342089,0,0.000000,62.060000,0.000000,0.020000,0.000000,0.000000,0.000000,-0.150000,8.000000,155.270000
1769106002.343126,0,0.000000,61.880000,0.000000,0.000000,0.000000,0.000000,0.000000,-0.170000,8.000000,155.280000
1769106002.381238,0,0.000000,61.400000,0.000000,0.030000,0.000000,0.000000,0.000000,-0.170000,8.000000,155.300000
1769106002.383244,0,0.000000,61.060000,0.000000,0.100000,0.000000,0.000000,0.000000,-0.170000,8.000000,155.320000
1769106002.384242,0,0.000000,60.840000,0.000000,0.020000,0.000000,0.000000,0.000000,-0.170000,8.000000,155.330000
1769106002.418805,0,0.000000,60.880000,0.000000,0.000000,0.000000,0.000000,0.000000,-0.180000,8.000000,155.350000
1769106002.419896,0,0.000000,61.180000,0.000000,0.000000,0.000000,0.000000,0.000000,-0.180000,8.000000,155.360000
1769106002.420898,0,0.000000,61.560000,0.000000,0.000000,0.000000,0.000000,0.000000,-0.180000,8.000000,155.380000
1769106002.455812,0,0.000000,61.950000,0.000000,0.050000,0.000000,0.000000,0.000000,-0.180000,8.000000,155.380000
1769106002.457573,0,0.000000,62.200000,0.000000,0.100000,0.000000,0.000000,0.000000,-0.180000,8.000000,155.410000
1769106002.493837,0,0.000000,62.560000,0.000000,-0.020000,0.000000,0.000000,0.000000,-0.180000,8.000000,155.410000
1769106002.495756,0,0.000000,62.700000,0.000000,0.000000,0.000000,0.000000,0.000000,-0.180000,8.000000,155.440000
1769106002.496763,0,0.000000,62.930000,0.000000,0.000000,0.000000,0.000000,0.000000,-0.180000,8.000000,155.460000
1769106002.529432,0,0.000000,62.900000,0.000000,0.030000,0.000000,0.000000,0.000000,-0.180000,8.000000,155.470000
1769106002.530468,0,0.000000,62.830000,0.000000,0.070000,0.000000,0.000000,0.000000,-0.180000,8.000000,155.490000
1769106002.563682,0,0.000000,62.360000,0.000000,0.070000,0.000000,0.000000,0.000000,-0.180000,8.000000,155.500000
1769106002.564402,0,0.000000,62.270000,0.000000,0.100000,0.000000,0.000000,0.000000,-0.180000,8.000000,155.520000
1769106002.565438,0,0.000000,62.060000,0.000000,0.000000,0.000000,0.000000,0.000000,-0.170000,8.000000,155.520000
1769106002.599682,0,0.000000,62.180000,0.000000,0.050000,0.000000,0.000000,0.000000,-0.180000,8.000000,155.550000
1769106002.637338,0,0.000000,62.250000,0.000000,0.070000,0.000000,0.000000,0.000000,-0.180000,8.000000,155.550000
1769106002.638664,0,0.000000,62.520000,0.000000,0.050000,0.000000,0.000000,0.000000,-0.180000,8.000000,155.580000
1769106002.671963,0,0.000000,62.950000,0.000000,0.100000,0.000000,0.000000,0.000000,-0.180000,8.000000,155.600000
1769106002.671963,0,0.000000,63.400000,0.000000,0.120000,0.000000,0.000000,0.000000,-0.180000,8.000000,155.610000
1769106002.672999,0,0.000000,63.770000,0.000000,0.180000,0.000000,0.000000,0.000000,-0.180000,8.000000,155.630000
1769106002.710634,0,0.000000,63.950000,0.000000,0.120000,0.000000,0.000000,0.000000,-0.180000,8.000000,155.630000
1769106002.711674,0,0.000000,64.010000,0.000000,0.150000,0.000000,0.000000,0.000000,-0.180000,8.000000,155.660000
1769106002.714217,0,0.000000,63.900000,0.000000,0.100000,0.000000,0.000000,0.000000,-0.180000,8.000000,155.660000
1769106002.754247,0,0.000000,63.380000,0.000000,0.070000,0.000000,0.000000,0.000000,-0.180000,8.000000,155.690000
1769106002.788264,0,0.000000,63.000000,0.000000,0.030000,0.000000,0.000000,0.000000,-0.180000,8.000000,155.690000
1769106002.788837,0,0.000000,62.430000,0.000000,0.050000,0.000000,0.000000,0.000000,-0.180000,8.000000,155.720000
1769106002.790657,0,0.000000,61.880000,0.000000,0.050000,0.000000,0.000000,0.000000,-0.180000,8.000000,155.720000
1769106002.829042,0,0.000000,61.060000,0.000000,0.000000,0.000000,0.000000,0.000000,-0.180000,8.000000,155.750000
1769106002.830042,0,0.000000,60.270000,0.000000,0.000000,0.000000,0.000000,0.000000,-0.180000,8.000000,155.750000
1769106002.832041,0,0.000000,59.450000,0.000000,0.020000,0.000000,0.000000,0.000000,-0.180000,8.000000,155.770000
1769106002.874243,0,0.000000,58.630000,0.000000,0.030000,0.000000,0.000000,0.000000,-0.180000,8.000000,155.780000
1769106002.875236,0,0.000000,57.680000,0.000000,0.010000,0.000000,0.000000,0.000000,-0.180000,8.000000,155.800000
1769106002.876233,0,0.000000,56.910000,0.000000,-0.010000,0.000000,0.000000,0.000000,-0.180000,8.000000,155.820000
1769106002.908889,0,0.000000,56.250000,0.000000,0.000000,0.000000,0.000000,0.000000,-0.180000,8.000000,155.830000
1769106002.909889,0,0.000000,55.790000,0.000000,-0.070000,0.000000,0.000000,0.000000,-0.180000,8.000000,155.850000
1769106002.911357,0,0.000000,55.650000,0.000000,0.020000,0.000000,0.000000,0.000000,-0.180000,8.000000,155.860000
1769106002.945903,0,0.000000,55.950000,0.000000,0.020000,0.000000,0.000000,0.000000,-0.180000,8.000000,155.880000
1769106002.946938,0,0.000000,56.290000,0.000000,0.020000,0.000000,0.000000,0.000000,-0.180000,8.000000,155.890000
1769106002.982915,0,0.000000,56.360000,0.000000,0.070000,0.000000,0.000000,0.000000,-0.180000,8.000000,155.910000
1769106002.984913,0,0.000000,56.200000,0.000000,0.030000,0.000000,0.000000,0.000000,-0.180000,8.000000,155.920000
1769106003.021419,0,0.000000,56.200000,0.000000,-0.050000,0.000000,0.000000,0.000000,-0.180000,8.000000,155.940000
1769106003.021419,0,0.000000,56.020000,0.000000,-0.050000,0.000000,0.000000,0.000000,-0.180000,8.000000,155.960000
1769106003.023217,0,0.000000,56.060000,0.000000,-0.050000,0.000000,0.000000,0.000000,-0.180000,8.000000,155.970000
1769106003.054053,0,0.000000,56.020000,0.000000,0.020000,0.000000,0.000000,0.000000,-0.180000,8.000000,155.990000
1769106003.055090,0,0.000000,55.860000,0.000000,0.000000,0.000000,0.000000,0.000000,-0.180000,8.000000,156.000000
1769106003.085650,0,0.000000,55.900000,0.000000,0.000000,0.000000,0.000000,0.000000,-0.180000,8.000000,156.020000
1769106003.086619,0,0.000000,55.660000,0.000000,0.100000,0.000000,0.000000,0.000000,-0.180000,8.000000,156.020000
1769106003.087654,0,0.000000,55.700000,0.000000,0.010000,0.000000,0.000000,0.000000,-0.180000,8.000000,156.050000
1769106003.122441,0,0.000000,55.310000,0.000000,0.030000,0.000000,0.000000,0.000000,-0.180000,8.000000,156.070000
1769106003.123792,0,0.000000,55.060000,0.000000,0.030000,0.000000,0.000000,0.000000,-0.180000,8.000000,156.080000
1769106003.158421,0,0.000000,54.860000,0.000000,0.030000,0.000000,0.000000,0.000000,-0.180000,8.000000,156.100000
1769106003.160456,0,0.000000,54.500000,0.000000,0.000000,0.000000,0.000000,0.000000,-0.180000,8.000000,156.110000
1769106003.197615,0,0.000000,54.200000,0.000000,0.070000,0.000000,0.000000,0.000000,-0.180000,8.000000,156.130000
1769106003.198375,0,0.000000,53.930000,0.000000,0.000000,0.000000,0.000000,0.000000,-0.180000,8.000000,156.130000
1769106003.225266,0,0.000000,53.740000,0.000000,0.000000,0.000000,0.000000,0.000000,-0.170000,8.000000,156.160000
1769106003.225803,0,0.000000,53.450000,0.000000,0.070000,0.000000,0.000000,0.000000,-0.180000,8.000000,156.160000
1769106003.226846,0,0.000000,53.330000,0.000000,0.020000,0.000000,0.000000,0.000000,-0.180000,8.000000,156.190000
1769106003.255029,0,0.000000,53.470000,0.000000,0.000000,0.000000,0.000000,0.000000,-0.180000,8.000000,156.190000
1769106003.256030,0,0.000000,53.590000,0.000000,0.070000,0.000000,0.000000,0.000000,-0.180000,8.000000,156.210000
1769106003.289232,0,0.000000,53.950000,0.000000,0.030000,0.000000,0.000000,0.000000,-0.180000,8.000000,156.220000
1769106003.290268,0,0.000000,54.400000,0.000000,-0.010000,0.000000,0.000000,0.000000,-0.180000,8.000000,156.250000
1769106003.324037,0,0.000000,54.930000,0.000000,0.000000,0.000000,0.000000,0.000000,-0.180000,8.000000,156.250000
1769106003.324037,0,0.000000,55.310000,0.000000,0.000000,0.000000,0.000000,0.000000,-0.180000,8.000000,156.270000
1769106003.359145,0,0.000000,55.540000,0.000000,0.000000,0.000000,0.000000,0.000000,-0.180000,8.000000,156.280000
1769106003.360145,0,0.000000,55.590000,0.000000,0.010000,0.000000,0.000000,0.000000,-0.180000,8.000000,156.300000
1769106003.390819,0,0.000000,55.590000,0.000000,0.050000,0.000000,0.000000,0.000000,-0.180000,8.000000,156.320000
1769106003.391820,0,0.000000,55.430000,0.000000,0.020000,0.000000,0.000000,0.000000,-0.180000,8.000000,156.330000
1769106003.426028,0,0.000000,55.130000,0.000000,0.030000,0.000000,0.000000,0.000000,-0.180000,8.000000,156.350000
1769106003.427027,0,0.000000,54.470000,0.000000,0.000000,0.000000,0.000000,0.000000,-0.180000,8.000000,156.360000
1769106003.428027,0,0.000000,53.810000,0.000000,0.000000,0.000000,0.000000,0.000000,-0.180000,8.000000,156.380000
1769106003.461523,0,0.000000,53.250000,0.000000,0.000000,0.000000,0.000000,0.000000,-0.180000,8.000000,156.390000
1769106003.463205,0,0.000000,52.970000,0.000000,0.020000,0.000000,0.000000,0.000000,-0.170000,8.000000,156.410000
1769106003.496657,0,0.000000,52.810000,0.000000,-0.010000,0.000000,0.000000,0.000000,-0.180000,8.000000,156.420000
1769106003.497659,0,0.000000,52.880000,0.000000,-0.030000,0.000000,0.000000,0.000000,-0.180000,8.000000,156.440000
1769106003.535245,0,0.000000,52.860000,0.000000,0.050000,0.000000,0.000000,0.000000,-0.180000,8.000000,156.460000
1769106003.536796,0,0.000000,52.910000,0.000000,0.000000,0.000000,0.000000,0.000000,-0.180000,8.000000,156.470000
1769106003.538613,0,0.000000,52.900000,0.000000,0.030000,0.000000,0.000000,0.000000,-0.180000,8.000000,156.490000
1769106003.572947,0,0.000000,53.040000,0.000000,0.000000,0.000000,0.000000,0.000000,-0.180000,8.000000,156.500000
1769106003.573947,0,0.000000,53.000000,0.000000,0.050000,0.000000,0.000000,0.000000,-0.180000,8.000000,156.520000
1769106003.604239,0,0.000000,52.990000,0.000000,0.050000,0.000000,0.000000,0.000000,-0.180000,8.000000,156.530000
1769106003.604800,0,0.000000,52.990000,0.000000,0.070000,0.000000,0.000000,0.000000,-0.180000,8.000000,156.550000
1769106003.605835,0,0.000000,53.110000,0.000000,0.020000,0.000000,0.000000,0.000000,-0.180000,8.000000,156.570000
1769106003.637033,0,0.000000,53.150000,0.000000,0.070000,0.000000,0.000000,0.000000,-0.180000,8.000000,156.580000
1769106003.637033,0,0.000000,53.060000,0.000000,0.000000,0.000000,0.000000,0.000000,-0.180000,8.000000,156.600000
1769106003.667296,0,0.000000,53.180000,0.000000,-0.010000,0.000000,0.000000,0.000000,-0.180000,8.000000,156.610000
1769106003.668800,0,0.000000,53.200000,0.000000,0.050000,0.000000,0.000000,0.000000,-0.170000,8.000000,156.630000
1769106003.704378,0,0.000000,53.380000,0.000000,0.030000,0.000000,0.000000,0.000000,-0.180000,8.000000,156.630000
1769106003.737816,0,0.000000,53.770000,0.000000,0.050000,0.000000,0.000000,0.000000,-0.180000,8.000000,156.660000
1769106003.737816,0,0.000000,54.200000,0.000000,0.090000,0.000000,0.000000,0.000000,-0.180000,8.000000,156.660000
1769106003.738852,0,0.000000,54.790000,0.000000,0.020000,0.000000,0.000000,0.000000,-0.180000,8.000000,156.690000
1769106003.772699,0,0.000000,55.360000,0.000000,0.000000,0.000000,0.000000,0.000000,-0.180000,8.000000,156.690000
1769106003.772699,0,0.000000,56.090000,0.000000,0.050000,0.000000,0.000000,0.000000,-0.170000,8.000000,156.720000
1769106003.807329,0,0.000000,57.020000,0.000000,-0.010000,0.000000,0.000000,0.000000,-0.180000,8.000000,156.740000
1769106003.809100,0,0.000000,57.740000,0.000000,0.070000,0.000000,0.000000,0.000000,-0.180000,8.000000,156.750000
1769106003.844038,0,0.000000,58.910000,0.000000,0.120000,0.000000,0.000000,0.000000,-0.180000,8.000000,156.770000
1769106003.844821,0,0.000000,60.020000,0.000000,0.030000,0.000000,0.000000,0.000000,-0.180000,8.000000,156.770000
1769106003.845857,0,0.000000,61.500000,0.000000,0.100000,0.000000,0.000000,0.000000,-0.180000,8.000000,156.800000
1769106003.881021,0,0.000000,62.930000,0.000000,0.070000,0.000000,0.000000,0.000000,-0.180000,8.000000,156.800000
1769106003.882020,0,0.000000,64.090000,0.000000,0.180000,0.000000,0.000000,0.000000,-0.180000,8.000000,156.830000
1769106003.911609,0,0.000000,64.940000,0.000000,0.200000,0.000000,0.000000,0.000000,-0.180000,8.000000,156.830000
1769106003.912609,0,0.000000,65.470000,0.000000,0.180000,0.000000,0.000000,0.000000,-0.180000,8.000000,156.860000
1769106003.913608,0,0.000000,65.750000,0.000000,0.210000,0.000000,0.000000,0.000000,-0.180000,8.000000,156.860000
1769106003.952173,0,0.000000,65.690000,0.000000,0.150000,0.000000,0.000000,0.000000,-0.180000,8.000000,156.880000
1769106003.979573,0,0.000000,65.700000,0.000000,0.140000,0.000000,0.000000,0.000000,-0.180000,8.000000,156.890000
1769106003.980608,0,0.000000,65.750000,0.000000,0.070000,0.000000,0.000000,0.000000,-0.180000,8.000000,156.910000
1769106003.981390,0,0.000000,65.690000,0.000000,0.150000,0.000000,0.000000,0.000000,-0.180000,8.000000,156.920000
1769106004.014223,0,0.000000,65.810000,0.000000,0.170000,0.000000,0.000000,0.000000,-0.180000,8.000000,156.940000
1769106004.015223,0,0.000000,65.860000,0.000000,0.150000,0.000000,0.000000,0.000000,-0.180000,8.000000,156.960000
1769106004.046425,0,0.000000,66.050000,0.000000,0.170000,0.000000,0.000000,0.000000,-0.180000,8.000000,156.970000
1769106004.047425,0,0.000000,66.260000,0.000000,0.200000,0.000000,0.000000,0.000000,-0.180000,8.000000,157.000000
1769106004.048421,0,0.000000,66.300000,0.000000,0.150000,0.000000,0.000000,0.000000,-0.180000,8.000000,157.000000
1769106004.087761,0,0.000000,66.450000,0.000000,0.150000,0.000000,0.000000,0.000000,-0.180000,8.000000,157.020000
1769106004.088797,0,0.000000,66.440000,0.000000,0.200000,0.000000,0.000000,0.000000,-0.180000,8.000000,157.030000
1769106004.125764,0,0.000000,66.290000,0.000000,0.030000,0.000000,0.000000,0.000000,-0.180000,8.000000,157.050000
1769106004.127585,0,0.000000,66.120000,0.000000,0.100000,0.000000,0.000000,0.000000,-0.180000,8.000000,157.070000
1769106004.156589,0,0.000000,65.970000,0.000000,0.100000,0.000000,0.000000,0.000000,-0.180000,8.000000,157.080000
1769106004.157394,0,0.000000,65.750000,0.000000,0.110000,0.000000,0.000000,0.000000,-0.180000,8.000000,157.100000
1769106004.158432,0,0.000000,65.380000,0.000000,0.140000,0.000000,0.000000,0.000000,-0.180000,8.000000,157.110000
1769106004.193350,0,0.000000,65.230000,0.000000,0.200000,0.000000,0.000000,0.000000,-0.180000,8.000000,157.130000
1769106004.194386,0,0.000000,65.120000,0.000000,0.090000,0.000000,0.000000,0.000000,-0.180000,8.000000,157.140000
1769106004.231568,0,0.000000,65.120000,0.000000,0.090000,0.000000,0.000000,0.000000,-0.180000,8.000000,157.160000
1769106004.233399,0,0.000000,65.080000,0.000000,0.170000,0.000000,0.000000,0.000000,-0.180000,8.000000,157.170000
1769106004.261384,0,0.000000,65.150000,0.000000,0.120000,0.000000,0.000000,0.000000,-0.180000,8.000000,157.190000
1769106004.262175,0,0.000000,65.040000,0.000000,0.050000,0.000000,0.000000,0.000000,-0.180000,8.000000,157.210000
1769106004.263213,0,0.000000,65.110000,0.000000,0.140000,0.000000,0.000000,0.000000,-0.180000,8.000000,157.220000
1769106004.297410,0,0.000000,65.060000,0.000000,0.100000,0.000000,0.000000,0.000000,-0.180000,8.000000,157.240000
1769106004.298412,0,0.000000,65.040000,0.000000,0.070000,0.000000,0.000000,0.000000,-0.180000,8.000000,157.250000
1769106004.334662,0,0.000000,64.940000,0.000000,-0.010000,0.000000,0.000000,0.000000,-0.180000,8.000000,157.270000
1769106004.335252,0,0.000000,64.720000,0.000000,0.050000,0.000000,0.000000,0.000000,-0.180000,8.000000,157.270000
1769106004.366247,0,0.000000,64.680000,0.000000,0.070000,0.000000,0.000000,0.000000,-0.180000,8.000000,157.280000
1769106004.367555,0,0.000000,64.510000,0.000000,0.140000,0.000000,0.000000,0.000000,-0.180000,8.000000,157.300000
1769106004.368152,0,0.000000,64.360000,0.000000,0.050000,0.000000,0.000000,0.000000,-0.180000,8.000000,157.320000
1769106004.402632,0,0.000000,64.400000,0.000000,0.050000,0.000000,0.000000,0.000000,-0.180000,8.000000,157.330000
1769106004.403195,0,0.000000,64.330000,0.000000,0.030000,0.000000,0.000000,0.000000,-0.180000,8.000000,157.350000
1769106004.431824,0,0.000000,64.160000,0.000000,0.180000,0.000000,0.000000,0.000000,-0.180000,8.000000,157.360000
1769106004.431824,0,0.000000,64.130000,0.000000,0.070000,0.000000,0.000000,0.000000,-0.180000,8.000000,157.380000
1769106004.432860,0,0.000000,64.160000,0.000000,0.120000,0.000000,0.000000,0.000000,-0.180000,8.000000,157.390000
1769106004.466398,0,0.000000,63.950000,0.000000,0.050000,0.000000,0.000000,0.000000,-0.180000,8.000000,157.410000
1769106004.503003,0,0.000000,63.660000,0.000000,0.020000,0.000000,0.000000,0.000000,-0.180000,8.000000,157.420000
1769106004.503512,0,0.000000,63.430000,0.000000,0.000000,0.000000,0.000000,0.000000,-0.170000,8.000000,157.440000
1769106004.534022,0,0.000000,63.130000,0.000000,0.050000,0.000000,0.000000,0.000000,-0.180000,8.000000,157.460000
1769106004.536022,0,0.000000,63.040000,0.000000,0.050000,0.000000,0.000000,0.000000,-0.170000,8.000000,157.470000
1769106004.536520,0,0.000000,62.910000,0.000000,0.000000,0.000000,0.000000,0.000000,-0.180000,8.000000,157.490000
1769106004.567764,0,0.000000,62.840000,0.000000,0.050000,0.000000,0.000000,0.000000,-0.180000,8.000000,157.500000
1769106004.568325,0,0.000000,62.840000,0.000000,0.100000,0.000000,0.000000,0.000000,-0.180000,8.000000,157.520000
1769106004.606718,0,0.000000,62.860000,0.000000,0.030000,0.000000,0.000000,0.000000,-0.180000,8.000000,157.530000
1769106004.607722,0,0.000000,62.900000,0.000000,0.030000,0.000000,0.000000,0.000000,-0.180000,8.000000,157.550000
1769106004.638630,0,0.000000,62.810000,0.000000,0.000000,0.000000,0.000000,0.000000,-0.180000,8.000000,157.570000
1769106004.639637,0,0.000000,62.810000,0.000000,0.010000,0.000000,0.000000,0.000000,-0.180000,8.000000,157.580000
1769106004.640632,0,0.000000,62.830000,0.000000,0.010000,0.000000,0.000000,0.000000,-0.180000,8.000000,157.600000
1769106004.671332,0,0.000000,62.790000,0.000000,0.000000,0.000000,0.000000,0.000000,-0.180000,8.000000,157.610000
1769106004.672340,0,0.000000,62.790000,0.000000,0.010000,0.000000,0.000000,0.000000,-0.170000,8.000000,157.630000
1769106004.704320,0,0.000000,62.810000,0.000000,0.000000,0.000000,0.000000,0.000000,-0.180000,8.000000,157.640000
1769106004.705125,0,0.000000,62.700000,0.000000,0.070000,0.000000,0.000000,0.000000,-0.180000,8.000000,157.660000
1769106004.728205,0,0.000000,62.810000,0.000000,0.000000,0.000000,0.000000,0.000000,-0.180000,8.000000,157.660000
1769106004.729205,0,0.000000,62.830000,0.000000,0.030000,0.000000,0.000000,0.000000,-0.180000,8.000000,157.690000
1769106004.730217,0,0.000000,62.790000,0.000000,0.090000,0.000000,0.000000,0.000000,-0.180000,8.000000,157.710000
1769106004.747886,0,0.000000,62.680000,0.000000,0.050000,0.000000,0.000000,0.000000,-0.180000,8.000000,157.720000
1769106004.748389,0,0.000000,62.490000,0.000000,0.070000,0.000000,0.000000,0.000000,-0.180000,8.000000,157.740000
1769106004.760591,0,0.000000,62.220000,0.000000,0.020000,0.000000,0.000000,0.000000,-0.180000,8.000000,157.750000
1769106004.782974,0,0.000000,61.840000,0.000000,0.000000,0.000000,0.000000,0.000000,-0.180000,8.000000,157.770000
1769106004.790758,0,0.000000,61.400000,0.000000,0.010000,0.000000,0.000000,0.000000,-0.180000,8.000000,157.770000
1769106004.813886,0,0.000000,60.970000,0.000000,0.000000,0.000000,0.000000,0.000000,-0.180000,8.000000,157.800000
1769106004.815708,0,0.000000,60.610000,0.000000,-0.030000,0.000000,0.000000,0.000000,-0.180000,8.000000,157.800000
1769106004.843140,0,0.000000,60.500000,0.000000,0.000000,0.000000,0.000000,0.000000,-0.180000,8.000000,157.830000
1769106004.850611,0,0.000000,60.400000,0.000000,-0.010000,0.000000,0.000000,0.000000,-0.180000,8.000000,157.850000
1769106004.865603,0,0.000000,60.310000,0.000000,0.020000,0.000000,0.000000,0.000000,-0.180000,8.000000,157.860000
1769106004.890913,0,0.000000,60.380000,0.000000,0.050000,0.000000,0.000000,0.000000,-0.180000,8.000000,157.880000
1769106004.895569,0,0.000000,60.380000,0.000000,0.000000,0.000000,0.000000,0.000000,-0.180000,8.000000,157.880000
1769106004.926020,0,0.000000,60.360000,0.000000,-0.070000,0.000000,0.000000,0.000000,-0.180000,8.000000,157.910000
1769106004.928019,0,0.000000,60.340000,0.000000,0.000000,0.000000,0.000000,0.000000,-0.170000,8.000000,157.910000
1769106004.955970,0,0.000000,60.310000,0.000000,0.070000,0.000000,0.000000,0.000000,-0.170000,8.000000,157.940000
1769106004.957967,0,0.000000,60.270000,0.000000,0.050000,0.000000,0.000000,0.000000,-0.180000,8.000000,157.940000
1769106004.985970,0,0.000000,60.360000,0.000000,0.010000,0.000000,0.000000,0.000000,-0.180000,8.000000,157.970000
1769106004.987969,0,0.000000,60.380000,0.000000,-0.100000,0.000000,0.000000,0.000000,-0.180000,8.000000,157.970000
1769106005.008451,0,0.000000,60.340000,0.000000,0.020000,0.000000,0.000000,0.000000,-0.180000,8.000000,158.000000
1769106005.023749,0,0.000000,60.380000,0.000000,-0.020000,0.000000,0.000000,0.000000,-0.180000,8.000000,158.000000
1769106005.037871,0,0.000000,60.380000,0.000000,0.070000,0.000000,0.000000,0.000000,-0.180000,8.000000,158.020000
1769106005.045948,0,0.000000,60.450000,0.000000,-0.010000,0.000000,0.000000,0.000000,-0.180000,8.000000,158.030000
1769106005.060835,0,0.000000,60.360000,0.000000,0.070000,0.000000,0.000000,0.000000,-0.180000,8.000000,158.050000
1769106005.083491,0,0.000000,60.340000,0.000000,0.050000,0.000000,0.000000,0.000000,-0.180000,8.000000,158.070000
1769106005.098345,0,0.000000,60.360000,0.000000,0.000000,0.000000,0.000000,0.000000,-0.180000,8.000000,158.080000
1769106005.106594,0,0.000000,60.360000,0.000000,0.100000,0.000000,0.000000,0.000000,-0.180000,8.000000,158.100000
1769106005.128374,0,0.000000,60.470000,0.000000,0.000000,0.000000,0.000000,0.000000,-0.180000,8.000000,158.110000
1769106005.143481,0,0.000000,60.490000,0.000000,0.000000,0.000000,0.000000,0.000000,-0.180000,8.000000,158.130000
1769106005.158893,0,0.000000,60.410000,0.000000,0.000000,0.000000,0.000000,0.000000,-0.180000,8.000000,158.140000
1769106005.165817,0,0.000000,60.470000,0.000000,0.020000,0.000000,0.000000,0.000000,-0.180000,8.000000,158.160000
1769106005.195804,0,0.000000,60.380000,0.000000,0.010000,0.000000,0.000000,0.000000,-0.180000,8.000000,158.170000
1769106005.203227,0,0.000000,60.380000,0.000000,0.030000,0.000000,0.000000,0.000000,-0.180000,8.000000,158.190000
1769106005.221058,0,0.000000,60.490000,0.000000,0.000000,0.000000,0.000000,0.000000,-0.180000,8.000000,158.210000
1769106005.241153,0,0.000000,60.470000,0.000000,0.000000,0.000000,0.000000,0.000000,-0.180000,8.000000,158.220000
1769106005.248116,0,0.000000,60.410000,0.000000,0.020000,0.000000,0.000000,0.000000,-0.180000,8.000000,158.240000
1769106005.270448,0,0.000000,60.360000,0.000000,0.000000,0.000000,0.000000,0.000000,-0.180000,8.000000,158.250000
1769106005.277759,0,0.000000,60.400000,0.000000,0.070000,0.000000,0.000000,0.000000,-0.180000,8.000000,158.270000
1769106005.293384,0,0.000000,60.340000,0.000000,0.050000,0.000000,0.000000,0.000000,-0.180000,8.000000,158.280000
1769106005.309033,0,0.000000,60.340000,0.000000,0.050000,0.000000,0.000000,0.000000,-0.180000,8.000000,158.300000
1769106005.331592,0,0.000000,60.270000,0.000000,0.010000,0.000000,0.000000,0.000000,-0.170000,8.000000,158.320000
1769106005.338732,0,0.000000,60.270000,0.000000,0.000000,0.000000,0.000000,0.000000,-0.180000,8.000000,158.330000
1769106005.353768,0,0.000000,60.290000,0.000000,0.000000,0.000000,0.000000,0.000000,-0.180000,8.000000,158.350000
1769106005.368826,0,0.000000,60.310000,0.000000,0.120000,0.000000,0.000000,0.000000,-0.180000,8.000000,158.360000
1769106005.390836,0,0.000000,60.290000,0.000000,0.050000,0.000000,0.000000,0.000000,-0.180000,8.000000,158.380000
1769106005.410213,0,0.000000,60.340000,0.000000,0.030000,0.000000,0.000000,0.000000,-0.180000,8.000000,158.380000
1769106005.425476,0,0.000000,60.180000,0.000000,0.000000,0.000000,0.000000,0.000000,-0.180000,8.000000,158.410000
1769106005.429825,0,0.000000,60.160000,0.000000,0.000000,0.000000,0.000000,0.000000,-0.180000,8.000000,158.420000
1769106005.443856,0,0.000000,60.200000,0.000000,0.020000,0.000000,0.000000,0.000000,-0.180000,8.000000,158.440000
1769106005.474230,0,0.000000,60.200000,0.000000,0.000000,0.000000,0.000000,0.000000,-0.180000,8.000000,158.460000
1769106005.488793,0,0.000000,60.200000,0.000000,0.030000,0.000000,0.000000,0.000000,-0.180000,8.000000,158.470000
1769106005.489801,0,0.000000,60.130000,0.000000,0.050000,0.000000,0.000000,0.000000,-0.180000,8.000000,158.490000
1769106005.510479,0,0.000000,60.180000,0.000000,0.050000,0.000000,0.000000,0.000000,-0.180000,8.000000,158.500000
1769106005.533628,0,0.000000,60.180000,0.000000,-0.010000,0.000000,0.000000,0.000000,-0.180000,8.000000,158.520000
1769106005.540843,0,0.000000,60.180000,0.000000,0.000000,0.000000,0.000000,0.000000,-0.180000,8.000000,158.520000
1769106005.567176,0,0.000000,60.130000,0.000000,0.070000,0.000000,0.000000,0.000000,-0.180000,8.000000,158.550000
1769106005.580397,0,0.000000,60.290000,0.000000,0.010000,0.000000,0.000000,0.000000,-0.170000,8.000000,158.550000
1769106005.593479,0,0.000000,60.250000,0.000000,0.050000,0.000000,0.000000,0.000000,-0.180000,8.000000,158.580000
1769106005.602100,0,0.000000,60.340000,0.000000,0.070000,0.000000,0.000000,0.000000,-0.180000,8.000000,158.580000
1769106005.623142,0,0.000000,60.220000,0.000000,0.010000,0.000000,0.000000,0.000000,-0.180000,8.000000,158.610000
1769106005.630662,0,0.000000,60.180000,0.000000,0.000000,0.000000,0.000000,0.000000,-0.180000,8.000000,158.630000
1769106005.652385,0,0.000000,60.180000,0.000000,0.000000,0.000000,0.000000,0.000000,-0.180000,8.000000,158.630000
1769106005.660657,0,0.000000,60.220000,0.000000,0.000000,0.000000,0.000000,0.000000,-0.180000,8.000000,158.660000
1769106005.676365,0,0.000000,60.130000,0.000000,-0.030000,0.000000,0.000000,0.000000,-0.180000,8.000000,158.660000
1769106005.698125,0,0.000000,60.090000,0.000000,0.050000,0.000000,0.000000,0.000000,-0.180000,8.000000,158.690000
1769106005.717620,0,0.000000,59.970000,0.000000,0.030000,0.000000,0.000000,0.000000,-0.180000,8.000000,158.690000
1769106005.724922,0,0.000000,59.810000,0.000000,0.090000,0.000000,0.000000,0.000000,-0.180000,8.000000,158.720000
1769106005.744603,0,0.000000,59.680000,0.000000,0.100000,0.000000,0.000000,0.000000,-0.180000,8.000000,158.720000
1769106005.751212,0,0.000000,59.520000,0.000000,0.010000,0.000000,0.000000,0.000000,-0.180000,8.000000,158.750000
1769106005.766053,0,0.000000,59.250000,0.000000,0.050000,0.000000,0.000000,0.000000,-0.180000,8.000000,158.750000
1769106005.795846,0,0.000000,59.020000,0.000000,0.000000,0.000000,0.000000,0.000000,-0.180000,8.000000,158.770000
1769106005.797584,0,0.000000,59.150000,0.000000,0.000000,0.000000,0.000000,0.000000,-0.180000,8.000000,158.780000
1769106005.810764,0,0.000000,59.090000,0.000000,0.000000,0.000000,0.000000,0.000000,-0.180000,8.000000,158.800000
1769106005.834370,0,0.000000,59.130000,0.000000,0.000000,0.000000,0.000000,0.000000,-0.180000,8.000000,158.830000
1769106005.848319,0,0.000000,59.110000,0.000000,0.020000,0.000000,0.000000,0.000000,-0.180000,8.000000,158.830000
1769106005.870907,0,0.000000,59.020000,0.000000,0.050000,0.000000,0.000000,0.000000,-0.180000,8.000000,158.860000
1769106005.894488,0,0.000000,59.040000,0.000000,0.100000,0.000000,0.000000,0.000000,-0.180000,8.000000,158.860000
1769106005.895525,0,0.000000,58.970000,0.000000,0.070000,0.000000,0.000000,0.000000,-0.180000,8.000000,158.880000
1769106005.900972,0,0.000000,58.930000,0.000000,0.050000,0.000000,0.000000,0.000000,-0.180000,8.000000,158.890000
1769106005.923652,0,0.000000,58.680000,0.000000,0.000000,0.000000,0.000000,0.000000,-0.180000,8.000000,158.910000
1769106005.931164,0,0.000000,58.580000,0.000000,0.030000,0.000000,0.000000,0.000000,-0.170000,8.000000,158.920000
1769106005.953172,0,0.000000,58.500000,0.000000,-0.010000,0.000000,0.000000,0.000000,-0.180000,8.000000,158.940000
1769106005.967893,0,0.000000,58.470000,0.000000,0.020000,0.000000,0.000000,0.000000,-0.180000,8.000000,158.960000
1769106005.991446,0,0.000000,58.520000,0.000000,0.000000,0.000000,0.000000,0.000000,-0.180000,8.000000,158.970000
1769106006.005996,0,0.000000,58.500000,0.000000,0.000000,0.000000,0.000000,0.000000,-0.180000,8.000000,158.990000
1769106006.012809,0,0.000000,58.650000,0.000000,0.010000,0.000000,0.000000,0.000000,-0.180000,8.000000,159.000000
1769106006.028301,0,0.000000,58.700000,0.000000,0.000000,0.000000,0.000000,0.000000,-0.180000,8.000000,159.020000
1769106006.051238,0,0.000000,58.650000,0.000000,0.000000,0.000000,0.000000,0.000000,-0.180000,8.000000,159.030000
1769106006.067168,0,0.000000,58.630000,0.000000,0.000000,0.000000,0.000000,0.000000,-0.180000,8.000000,159.050000
1769106006.068190,0,0.000000,58.650000,0.000000,0.000000,0.000000,0.000000,0.000000,-0.180000,8.000000,159.070000
1769106006.100985,0,0.000000,58.720000,0.000000,-0.050000,0.000000,0.000000,0.000000,-0.180000,8.000000,159.080000
1769106006.102433,0,0.000000,58.680000,0.000000,0.070000,0.000000,0.000000,0.000000,-0.180000,8.000000,159.080000
1769106006.118146,0,0.000000,58.580000,0.000000,0.000000,0.000000,0.000000,0.000000,-0.180000,8.000000,159.110000
1769106006.133107,0,0.000000,58.700000,0.000000,0.000000,0.000000,0.000000,0.000000,-0.180000,8.000000,159.130000
1769106006.156166,0,0.000000,58.680000,0.000000,0.010000,0.000000,0.000000,0.000000,-0.180000,8.000000,159.130000
1769106006.177770,0,0.000000,58.720000,0.000000,-0.020000,0.000000,0.000000,0.000000,-0.180000,8.000000,159.140000
1769106006.178857,0,0.000000,58.500000,0.000000,0.050000,0.000000,0.000000,0.000000,-0.180000,8.000000,159.160000
1769106006.193502,0,0.000000,58.540000,0.000000,0.000000,0.000000,0.000000,0.000000,-0.180000,8.000000,159.190000
1769106006.216208,0,0.000000,58.610000,0.000000,0.050000,0.000000,0.000000,0.000000,-0.180000,8.000000,159.190000
1769106006.231046,0,0.000000,58.610000,0.000000,0.020000,0.000000,0.000000,0.000000,-0.180000,8.000000,159.220000
1769106006.232112,0,0.000000,58.770000,0.000000,-0.050000,0.000000,0.000000,0.000000,-0.180000,8.000000,159.220000
1769106006.252995,0,0.000000,58.680000,0.000000,-0.070000,0.000000,0.000000,0.000000,-0.170000,8.000000,159.250000
1769106006.268398,0,0.000000,58.630000,0.000000,0.000000,0.000000,0.000000,0.000000,-0.180000,8.000000,159.250000
1769106006.291017,0,0.000000,58.290000,0.000000,0.020000,0.000000,0.000000,0.000000,-0.180000,8.000000,159.270000
1769106006.298491,0,0.000000,58.040000,0.000000,0.030000,0.000000,0.000000,0.000000,-0.180000,8.000000,159.280000
1769106006.313743,0,0.000000,57.520000,0.000000,-0.070000,0.000000,0.000000,0.000000,-0.180000,8.000000,159.300000
1769106006.336407,0,0.000000,57.020000,0.000000,0.000000,0.000000,0.000000,0.000000,-0.180000,8.000000,159.320000
1769106006.343593,0,0.000000,56.610000,0.000000,0.030000,0.000000,0.000000,0.000000,-0.180000,8.000000,159.330000
1769106006.359106,0,0.000000,56.270000,0.000000,0.000000,0.000000,0.000000,0.000000,-0.180000,8.000000,159.350000
1769106006.381370,0,0.000000,55.970000,0.000000,0.000000,0.000000,0.000000,0.000000,-0.180000,8.000000,159.360000
1769106006.388973,0,0.000000,55.830000,0.000000,0.000000,0.000000,0.000000,0.000000,-0.180000,8.000000,159.380000
1769106006.411078,0,0.000000,55.560000,0.000000,0.000000,0.000000,0.000000,0.000000,-0.180000,8.000000,159.390000
1769106006.426191,0,0.000000,55.540000,0.000000,0.000000,0.000000,0.000000,0.000000,-0.180000,8.000000,159.410000
1769106006.442088,0,0.000000,55.590000,0.000000,-0.030000,0.000000,0.000000,0.000000,-0.180000,8.000000,159.420000
1769106006.443065,0,0.000000,55.560000,0.000000,0.030000,0.000000,0.000000,0.000000,-0.180000,8.000000,159.440000
1769106006.463392,0,0.000000,55.540000,0.000000,0.000000,0.000000,0.000000,0.000000,-0.180000,8.000000,159.460000
1769106006.478159,0,0.000000,55.470000,0.000000,0.030000,0.000000,0.000000,0.000000,-0.180000,8.000000,159.470000
1769106006.508605,0,0.000000,55.610000,0.000000,-0.010000,0.000000,0.000000,0.000000,-0.180000,8.000000,159.490000
1769106006.509832,0,0.000000,55.500000,0.000000,0.030000,0.000000,0.000000,0.000000,-0.180000,8.000000,159.500000
1769106006.523641,0,0.000000,55.470000,0.000000,0.000000,0.000000,0.000000,0.000000,-0.180000,8.000000,159.520000
1769106006.538855,0,0.000000,55.360000,0.000000,0.010000,0.000000,0.000000,0.000000,-0.180000,8.000000,159.520000
1769106006.553470,0,0.000000,55.470000,0.000000,0.000000,0.000000,0.000000,0.000000,-0.180000,8.000000,159.550000
1769106006.569158,0,0.000000,55.470000,0.000000,-0.050000,0.000000,0.000000,0.000000,-0.180000,8.000000,159.550000
1769106006.591507,0,0.000000,55.470000,0.000000,0.050000,0.000000,0.000000,0.000000,-0.180000,8.000000,159.580000
1769106006.598336,0,0.000000,55.500000,0.000000,0.000000,0.000000,0.000000,0.000000,-0.170000,8.000000,159.580000
1769106006.613528,0,0.000000,55.400000,0.000000,0.000000,0.000000,0.000000,0.000000,-0.180000,8.000000,159.610000
1769106006.628558,0,0.000000,55.470000,0.000000,0.010000,0.000000,0.000000,0.000000,-0.180000,8.000000,159.610000
1769106006.652340,0,0.000000,55.340000,0.000000,0.000000,0.000000,0.000000,0.000000,-0.180000,8.000000,159.630000
1769106006.658507,0,0.000000,55.340000,0.000000,0.070000,0.000000,0.000000,0.000000,-0.180000,8.000000,159.640000
1769106006.681103,0,0.000000,55.360000,0.000000,0.020000,0.000000,0.000000,0.000000,-0.180000,8.000000,159.660000
1769106006.688630,0,0.000000,55.330000,0.000000,-0.050000,0.000000,0.000000,0.000000,-0.180000,8.000000,159.670000
1769106006.703898,0,0.000000,55.360000,0.000000,-0.050000,0.000000,0.000000,0.000000,-0.180000,8.000000,159.690000
1769106006.719135,0,0.000000,55.340000,0.000000,-0.010000,0.000000,0.000000,0.000000,-0.180000,8.000000,159.710000
1769106006.741550,0,0.000000,55.310000,0.000000,0.000000,0.000000,0.000000,0.000000,-0.180000,8.000000,159.720000
1769106006.747533,0,0.000000,55.340000,0.000000,-0.070000,0.000000,0.000000,0.000000,-0.180000,8.000000,159.740000
1769106006.793983,0,0.000000,55.360000,0.000000,0.010000,0.000000,0.000000,0.000000,-0.180000,8.000000,159.750000
1769106006.795961,0,0.000000,55.330000,0.000000,0.000000,0.000000,0.000000,0.000000,-0.180000,8.000000,159.770000
1769106006.801359,0,0.000000,55.340000,0.000000,0.010000,0.000000,0.000000,0.000000,-0.180000,8.000000,159.780000
1769106006.823744,0,0.000000,55.430000,0.000000,0.070000,0.000000,0.000000,0.000000,-0.180000,8.000000,159.800000
1769106006.831378,0,0.000000,55.400000,0.000000,0.030000,0.000000,0.000000,0.000000,-0.180000,8.000000,159.820000
1769106006.852340,0,0.000000,55.340000,0.000000,0.000000,0.000000,0.000000,0.000000,-0.180000,8.000000,159.830000
1769106006.868343,0,0.000000,55.360000,0.000000,0.050000,0.000000,0.000000,0.000000,-0.170000,8.000000,159.850000
1769106006.875705,0,0.000000,55.340000,0.000000,0.030000,0.000000,0.000000,0.000000,-0.180000,8.000000,159.860000
1769106006.898447,0,0.000000,55.240000,0.000000,0.000000,0.000000,0.000000,0.000000,-0.170000,8.000000,159.880000
1769106006.912583,0,0.000000,55.270000,0.000000,0.070000,0.000000,0.000000,0.000000,-0.180000,8.000000,159.890000
1769106006.929027,0,0.000000,55.290000,0.000000,0.050000,0.000000,0.000000,0.000000,-0.180000,8.000000,159.910000
1769106006.935663,0,0.000000,55.290000,0.000000,0.000000,0.000000,0.000000,0.000000,-0.180000,8.000000,159.920000
1769106006.950134,0,0.000000,55.310000,0.000000,0.010000,0.000000,0.000000,0.000000,-0.180000,8.000000,159.940000
1769106006.965617,0,0.000000,55.330000,0.000000,0.000000,0.000000,0.000000,0.000000,-0.180000,8.000000,159.960000
1769106006.980926,0,0.000000,55.290000,0.000000,0.000000,0.000000,0.000000,0.000000,-0.180000,8.000000,159.970000
1769106007.010647,0,0.000000,55.220000,0.000000,0.000000,0.000000,0.000000,0.000000,-0.170000,8.000000,159.990000
1769106007.025575,0,0.000000,55.240000,0.000000,0.010000,0.000000,0.000000,0.000000,-0.180000,8.000000,160.000000
1769106007.026407,0,0.000000,55.290000,0.000000,-0.010000,0.000000,0.000000,0.000000,-0.180000,8.000000,160.020000
1769106007.040762,0,0.000000,55.330000,0.000000,0.000000,0.000000,0.000000,0.000000,-0.180000,8.000000,160.020000
1769106007.063061,0,0.000000,55.290000,0.000000,-0.050000,0.000000,0.000000,0.000000,-0.180000,8.000000,160.050000
1769106007.070446,0,0.000000,55.270000,0.000000,0.000000,0.000000,0.000000,0.000000,-0.180000,8.000000,160.070000
1769106007.086538,0,0.000000,55.290000,0.000000,0.000000,0.000000,0.000000,0.000000,-0.180000,8.000000,160.080000
1769106007.100765,0,0.000000,55.200000,0.000000,0.000000,0.000000,0.000000,0.000000,-0.180000,8.000000,160.100000
1769106007.123103,0,0.000000,55.220000,0.000000,0.010000,0.000000,0.000000,0.000000,-0.180000,8.000000,160.110000
1769106007.137630,0,0.000000,55.330000,0.000000,0.030000,0.000000,0.000000,0.000000,-0.180000,8.000000,160.130000
1769106007.146417,0,0.000000,55.240000,0.000000,-0.030000,0.000000,0.000000,0.000000,-0.180000,8.000000,160.130000
1769106007.168737,0,0.000000,55.270000,0.000000,0.030000,0.000000,0.000000,0.000000,-0.180000,8.000000,160.160000
1769106007.183777,0,0.000000,55.340000,0.000000,0.000000,0.000000,0.000000,0.000000,-0.170000,8.000000,160.160000
1769106007.190944,0,0.000000,55.360000,0.000000,0.010000,0.000000,0.000000,0.000000,-0.180000,8.000000,160.190000
1769106007.213672,0,0.000000,55.290000,0.000000,0.020000,0.000000,0.000000,0.000000,-0.170000,8.000000,160.190000
1769106007.238510,0,0.000000,55.290000,0.000000,-0.050000,0.000000,0.000000,0.000000,-0.180000,8.000000,160.220000
1769106007.251020,0,0.000000,55.270000,0.000000,-0.020000,0.000000,0.000000,0.000000,-0.180000,8.000000,160.220000
1769106007.258382,0,0.000000,55.330000,0.000000,-0.030000,0.000000,0.000000,0.000000,-0.180000,8.000000,160.250000
1769106007.265665,0,0.000000,55.360000,0.000000,-0.010000,0.000000,0.000000,0.000000,-0.180000,8.000000,160.250000
1769106007.295153,0,0.000000,55.330000,0.000000,0.000000,0.000000,0.000000,0.000000,-0.180000,8.000000,160.270000
1769106007.313293,0,0.000000,55.360000,0.000000,0.000000,0.000000,0.000000,0.000000,-0.180000,8.000000,160.280000
1769106007.315245,0,0.000000,55.410000,0.000000,-0.030000,0.000000,0.000000,0.000000,-0.180000,8.000000,160.300000
1769106007.340922,0,0.000000,55.200000,0.000000,0.000000,0.000000,0.000000,0.000000,-0.180000,8.000000,160.320000
1769106007.347928,0,0.000000,55.240000,0.000000,-0.010000,0.000000,0.000000,0.000000,-0.180000,8.000000,160.330000
1769106007.378217,0,0.000000,55.290000,0.000000,0.000000,0.000000,0.000000,0.000000,-0.180000,8.000000,160.350000
1769106007.379728,0,0.000000,55.290000,0.000000,0.000000,0.000000,0.000000,0.000000,-0.180000,8.000000,160.360000
1769106007.393648,0,0.000000,55.330000,0.000000,-0.030000,0.000000,0.000000,0.000000,-0.180000,8.000000,160.380000
1769106007.416047,0,0.000000,55.310000,0.000000,0.000000,0.000000,0.000000,0.000000,-0.180000,8.000000,160.390000
1769106007.431173,0,0.000000,55.290000,0.000000,0.010000,0.000000,0.000000,0.000000,-0.180000,8.000000,160.410000
1769106007.433008,0,0.000000,55.290000,0.000000,-0.050000,0.000000,0.000000,0.000000,-0.180000,8.000000,160.420000
1769106007.461210,0,0.000000,55.270000,0.000000,0.050000,0.000000,0.000000,0.000000,-0.180000,8.000000,160.440000
1769106007.461715,0,0.000000,55.360000,0.000000,0.000000,0.000000,0.000000,0.000000,-0.180000,8.000000,160.460000
1769106007.490875,0,0.000000,55.310000,0.000000,-0.100000,0.000000,0.000000,0.000000,-0.180000,8.000000,160.470000
1769106007.492672,0,0.000000,55.410000,0.000000,0.010000,0.000000,0.000000,0.000000,-0.180000,8.000000,160.490000
1769106007.521173,0,0.000000,55.430000,0.000000,0.010000,0.000000,0.000000,0.000000,-0.180000,8.000000,160.500000
1769106007.522681,0,0.000000,55.400000,0.000000,-0.010000,0.000000,0.000000,0.000000,-0.180000,8.000000,160.520000
1769106007.550868,0,0.000000,55.330000,0.000000,0.000000,0.000000,0.000000,0.000000,-0.180000,8.000000,160.530000
1769106007.559048,0,0.000000,55.310000,0.000000,-0.050000,0.000000,0.000000,0.000000,-0.180000,8.000000,160.550000
1769106007.599767,0,0.000000,55.340000,0.000000,-0.010000,0.000000,0.000000,0.000000,-0.170000,8.000000,160.570000
1769106007.604037,0,0.000000,55.240000,0.000000,0.010000,0.000000,0.000000,0.000000,-0.180000,8.000000,160.580000
1769106007.605038,0,0.000000,55.270000,0.000000,0.030000,0.000000,0.000000,0.000000,-0.180000,8.000000,160.600000
1769106007.629445,0,0.000000,55.220000,0.000000,0.000000,0.000000,0.000000,0.000000,-0.180000,8.000000,160.610000
1769106007.644004,0,0.000000,55.270000,0.000000,0.020000,0.000000,0.000000,0.000000,-0.180000,8.000000,160.610000
1769106007.652007,0,0.000000,55.310000,0.000000,0.010000,0.000000,0.000000,0.000000,-0.180000,8.000000,160.630000
1769106007.670416,0,0.000000,55.330000,0.000000,0.000000,0.000000,0.000000,0.000000,-0.180000,8.000000,160.660000
1769106007.685659,0,0.000000,55.310000,0.000000,0.000000,0.000000,0.000000,0.000000,-0.180000,8.000000,160.660000
1769106007.693550,0,0.000000,55.330000,0.000000,0.020000,0.000000,0.000000,0.000000,-0.180000,8.000000,160.670000
1769106007.708494,0,0.000000,55.360000,0.000000,0.000000,0.000000,0.000000,0.000000,-0.180000,8.000000,160.690000
1769106007.730944,0,0.000000,55.290000,0.000000,0.000000,0.000000,0.000000,0.000000,-0.180000,8.000000,160.710000
1769106007.738469,0,0.000000,55.360000,0.000000,0.010000,0.000000,0.000000,0.000000,-0.180000,8.000000,160.720000
1769106007.760649,0,0.000000,55.340000,0.000000,-0.070000,0.000000,0.000000,0.000000,-0.180000,8.000000,160.740000
1769106007.775197,0,0.000000,55.400000,0.000000,0.020000,0.000000,0.000000,0.000000,-0.180000,8.000000,160.750000
1769106007.782515,0,0.000000,55.330000,0.000000,0.000000,0.000000,0.000000,0.000000,-0.180000,8.000000,160.770000
1769106007.806726,0,0.000000,55.310000,0.000000,-0.020000,0.000000,0.000000,0.000000,-0.180000,8.000000,160.780000
1769106007.808468,0,0.000000,55.410000,0.000000,0.050000,0.000000,0.000000,0.000000,-0.180000,8.000000,160.800000
1769106007.835364,0,0.000000,55.330000,0.000000,0.000000,0.000000,0.000000,0.000000,-0.180000,8.000000,160.820000
1769106007.851084,0,0.000000,55.340000,0.000000,0.000000,0.000000,0.000000,0.000000,-0.180000,8.000000,160.830000
1769106007.866102,0,0.000000,55.360000,0.000000,0.100000,0.000000,0.000000,0.000000,-0.180000,8.000000,160.850000
1769106007.881093,0,0.000000,55.410000,0.000000,0.000000,0.000000,0.000000,0.000000,-0.180000,8.000000,160.860000
1769106007.892035,0,0.000000,55.400000,0.000000,0.000000,0.000000,0.000000,0.000000,-0.180000,8.000000,160.880000
1769106007.907064,0,0.000000,55.290000,0.000000,0.070000,0.000000,0.000000,0.000000,-0.180000,8.000000,160.890000
1769106007.920442,0,0.000000,55.290000,0.000000,0.070000,0.000000,0.000000,0.000000,-0.180000,8.000000,160.910000
1769106007.941914,0,0.000000,55.240000,0.000000,0.000000,0.000000,0.000000,0.000000,-0.180000,8.000000,160.920000
1769106007.947720,0,0.000000,55.270000,0.000000,0.010000,0.000000,0.000000,0.000000,-0.180000,8.000000,160.940000
1769106007.966743,0,0.000000,55.360000,0.000000,0.000000,0.000000,0.000000,0.000000,-0.180000,8.000000,160.960000
1769106007.980309,0,0.000000,55.360000,0.000000,0.000000,0.000000,0.000000,0.000000,-0.180000,8.000000,160.970000
1769106008.001025,0,0.000000,55.330000,0.000000,0.000000,0.000000,0.000000,0.000000,-0.180000,8.000000,160.990000
1769106008.008421,0,0.000000,55.360000,0.000000,0.020000,0.000000,0.000000,0.000000,-0.170000,8.000000,161.000000
1769106008.022970,0,0.000000,55.330000,0.000000,0.050000,0.000000,0.000000,0.000000,-0.170000,8.000000,161.020000
1769106008.081687,0,0.000000,55.410000,0.000000,0.000000,0.000000,0.000000,0.000000,-0.180000,8.000000,161.020000
1769106008.082723,0,0.000000,55.360000,0.000000,0.000000,0.000000,0.000000,0.000000,-0.180000,8.000000,161.050000
1769106008.083724,0,0.000000,55.450000,0.000000,0.050000,0.000000,0.000000,0.000000,-0.180000,8.000000,161.050000
1769106008.090695,0,0.000000,55.400000,0.000000,0.030000,0.000000,0.000000,0.000000,-0.180000,8.000000,161.080000
1769106008.106051,0,0.000000,55.500000,0.000000,-0.050000,0.000000,0.000000,0.000000,-0.180000,8.000000,161.080000
1769106008.112537,0,0.000000,55.400000,0.000000,0.000000,0.000000,0.000000,0.000000,-0.180000,8.000000,161.110000
1769106008.128988,0,0.000000,55.340000,0.000000,-0.030000,0.000000,0.000000,0.000000,-0.180000,8.000000,161.110000
1769106008.161000,0,0.000000,55.540000,0.000000,0.050000,0.000000,0.000000,0.000000,-0.180000,8.000000,161.130000
1769106008.165126,0,0.000000,55.450000,0.000000,0.000000,0.000000,0.000000,0.000000,-0.180000,8.000000,161.140000
1769106008.180213,0,0.000000,55.470000,0.000000,0.020000,0.000000,0.000000,0.000000,-0.180000,8.000000,161.160000
1769106008.202304,0,0.000000,55.400000,0.000000,-0.010000,0.000000,0.000000,0.000000,-0.180000,8.000000,161.170000
1769106008.217902,0,0.000000,55.330000,0.000000,0.030000,0.000000,0.000000,0.000000,-0.180000,8.000000,161.190000
1769106008.219804,0,0.000000,55.360000,0.000000,-0.010000,0.000000,0.000000,0.000000,-0.180000,8.000000,161.210000
1769106008.232859,0,0.000000,55.540000,0.000000,0.070000,0.000000,0.000000,0.000000,-0.180000,8.000000,161.220000
1769106008.255934,0,0.000000,55.360000,0.000000,0.000000,0.000000,0.000000,0.000000,-0.180000,8.000000,161.250000
1769106008.271474,0,0.000000,55.430000,0.000000,0.020000,0.000000,0.000000,0.000000,-0.180000,8.000000,161.250000
1769106008.286390,0,0.000000,55.430000,0.000000,0.010000,0.000000,0.000000,0.000000,-0.180000,8.000000,161.270000
1769106008.293716,0,0.000000,55.520000,0.000000,0.000000,0.000000,0.000000,0.000000,-0.180000,8.000000,161.280000
1769106008.316234,0,0.000000,55.500000,0.000000,0.000000,0.000000,0.000000,0.000000,-0.180000,8.000000,161.300000
1769106008.330701,0,0.000000,55.430000,0.000000,0.030000,0.000000,0.000000,0.000000,-0.180000,8.000000,161.320000
1769106008.345515,0,0.000000,55.450000,0.000000,0.070000,0.000000,0.000000,0.000000,-0.180000,8.000000,161.330000
1769106008.361098,0,0.000000,55.450000,0.000000,-0.010000,0.000000,0.000000,0.000000,-0.180000,8.000000,161.350000
1769106008.383956,0,0.000000,55.500000,0.000000,0.050000,0.000000,0.000000,0.000000,-0.180000,8.000000,161.360000
1769106008.390677,0,0.000000,55.430000,0.000000,0.020000,0.000000,0.000000,0.000000,-0.180000,8.000000,161.380000
1769106008.406384,0,0.000000,55.500000,0.000000,0.000000,0.000000,0.000000,0.000000,-0.180000,8.000000,161.390000
1769106008.429979,0,0.000000,55.500000,0.000000,0.000000,0.000000,0.000000,0.000000,-0.180000,8.000000,161.410000
1769106008.437274,0,0.000000,55.470000,0.000000,0.000000,0.000000,0.000000,0.000000,-0.180000,8.000000,161.420000
1769106008.451527,0,0.000000,55.520000,0.000000,0.010000,0.000000,0.000000,0.000000,-0.180000,8.000000,161.440000
1769106008.475040,0,0.000000,55.340000,0.000000,-0.010000,0.000000,0.000000,0.000000,-0.180000,8.000000,161.460000
1769106008.489171,0,0.000000,55.360000,0.000000,-0.010000,0.000000,0.000000,0.000000,-0.180000,8.000000,161.470000
1769106008.518089,0,0.000000,55.340000,0.000000,0.050000,0.000000,0.000000,0.000000,-0.180000,8.000000,161.490000
1769106008.519888,0,0.000000,55.430000,0.000000,0.000000,0.000000,0.000000,0.000000,-0.180000,8.000000,161.500000
1769106008.525894,0,0.000000,55.340000,0.000000,0.000000,0.000000,0.000000,0.000000,-0.180000,8.000000,161.520000
1769106008.548672,0,0.000000,55.450000,0.000000,-0.070000,0.000000,0.000000,0.000000,-0.180000,8.000000,161.520000
1769106008.549677,0,0.000000,55.450000,0.000000,0.000000,0.000000,0.000000,0.000000,-0.180000,8.000000,161.550000
1769106008.571184,0,0.000000,55.450000,0.000000,-0.030000,0.000000,0.000000,0.000000,-0.180000,8.000000,161.550000
1769106008.601104,0,0.000000,55.470000,0.000000,0.070000,0.000000,0.000000,0.000000,-0.180000,8.000000,161.580000
1769106008.602804,0,0.000000,55.450000,0.000000,0.010000,0.000000,0.000000,0.000000,-0.180000,8.000000,161.580000
1769106008.615783,0,0.000000,55.520000,0.000000,0.000000,0.000000,0.000000,0.000000,-0.180000,8.000000,161.610000
1769106008.632403,0,0.000000,55.470000,0.000000,0.000000,0.000000,0.000000,0.000000,-0.180000,8.000000,161.610000
1769106008.654019,0,0.000000,55.500000,0.000000,0.050000,0.000000,0.000000,0.000000,-0.180000,8.000000,161.630000
1769106008.661252,0,0.000000,55.540000,0.000000,-0.050000,0.000000,0.000000,0.000000,-0.170000,8.000000,161.640000
1769106008.667681,0,0.000000,55.470000,0.000000,0.050000,0.000000,0.000000,0.000000,-0.180000,8.000000,161.660000
1769106008.684560,0,0.000000,55.500000,0.000000,0.000000,0.000000,0.000000,0.000000,-0.180000,8.000000,161.670000
1769106008.706023,0,0.000000,55.540000,0.000000,0.000000,0.000000,0.000000,0.000000,-0.180000,8.000000,161.690000
1769106008.721138,0,0.000000,55.590000,0.000000,-0.010000,0.000000,0.000000,0.000000,-0.180000,8.000000,161.710000
1769106008.736322,0,0.000000,55.610000,0.000000,0.070000,0.000000,0.000000,0.000000,-0.180000,8.000000,161.720000
1769106008.750171,0,0.000000,55.560000,0.000000,0.070000,0.000000,0.000000,0.000000,-0.180000,8.000000,161.740000
1769106008.773088,0,0.000000,55.630000,0.000000,0.010000,0.000000,0.000000,0.000000,-0.180000,8.000000,161.750000
1769106008.780896,0,0.000000,55.650000,0.000000,-0.050000,0.000000,0.000000,0.000000,-0.180000,8.000000,161.770000
1769106008.805036,0,0.000000,55.650000,0.000000,0.000000,0.000000,0.000000,0.000000,-0.180000,8.000000,161.780000
1769106008.810907,0,0.000000,55.720000,0.000000,0.000000,0.000000,0.000000,0.000000,-0.180000,8.000000,161.800000
1769106008.825942,0,0.000000,55.750000,0.000000,0.000000,0.000000,0.000000,0.000000,-0.180000,8.000000,161.820000
1769106008.849687,0,0.000000,55.720000,0.000000,0.020000,0.000000,0.000000,0.000000,-0.180000,8.000000,161.830000
1769106008.856144,0,0.000000,55.630000,0.000000,0.030000,0.000000,0.000000,0.000000,-0.180000,8.000000,161.850000
1769106008.878975,0,0.000000,55.500000,0.000000,-0.070000,0.000000,0.000000,0.000000,-0.180000,8.000000,161.860000
1769106008.885615,0,0.000000,55.110000,0.000000,0.000000,0.000000,0.000000,0.000000,-0.180000,8.000000,161.880000
1769106008.900331,0,0.000000,54.790000,0.000000,0.000000,0.000000,0.000000,0.000000,-0.180000,8.000000,161.880000
1769106008.924048,0,0.000000,54.290000,0.000000,0.000000,0.000000,0.000000,0.000000,-0.180000,8.000000,161.910000
1769106008.938736,0,0.000000,53.700000,0.000000,0.020000,0.000000,0.000000,0.000000,-0.180000,8.000000,161.910000
1769106008.940744,0,0.000000,52.970000,0.000000,-0.070000,0.000000,0.000000,0.000000,-0.180000,8.000000,161.940000
1769106008.972004,0,0.000000,52.130000,0.000000,0.140000,0.000000,0.000000,0.000000,-0.180000,8.000000,161.960000
1769106008.986752,0,0.000000,51.500000,0.000000,0.050000,0.000000,0.000000,0.000000,-0.180000,8.000000,161.970000
1769106008.992095,0,0.000000,51.040000,0.000000,-0.020000,0.000000,0.000000,0.000000,-0.180000,8.000000,161.990000
1769106009.028413,0,0.000000,50.560000,0.000000,0.010000,0.000000,0.000000,0.000000,-0.180000,8.000000,162.000000
1769106009.036048,0,0.000000,50.380000,0.000000,-0.010000,0.000000,0.000000,0.000000,-0.180000,8.000000,162.020000
1769106009.043374,0,0.000000,50.430000,0.000000,-0.020000,0.000000,0.000000,0.000000,-0.180000,8.000000,162.020000
1769106009.058778,0,0.000000,50.590000,0.000000,0.010000,0.000000,0.000000,0.000000,-0.180000,8.000000,162.050000
1769106009.077381,0,0.000000,50.560000,0.000000,0.000000,0.000000,0.000000,0.000000,-0.180000,8.000000,162.050000
1769106009.088985,0,0.000000,50.430000,0.000000,0.000000,0.000000,0.000000,0.000000,-0.180000,8.000000,162.070000
1769106009.128964,0,0.000000,50.470000,0.000000,-0.030000,0.000000,0.000000,0.000000,-0.180000,8.000000,162.080000
1769106009.130458,0,0.000000,50.750000,0.000000,0.000000,0.000000,0.000000,0.000000,-0.180000,8.000000,162.110000
1769106009.132284,0,0.000000,51.220000,0.000000,0.000000,0.000000,0.000000,0.000000,-0.180000,8.000000,162.110000
1769106009.154947,0,0.000000,52.130000,0.000000,0.180000,0.000000,0.000000,0.000000,-0.180000,8.000000,162.130000
1769106009.163574,0,0.000000,53.340000,0.000000,0.000000,0.000000,0.000000,0.000000,-0.170000,8.000000,162.140000
1769106009.170703,0,0.000000,54.490000,0.000000,-0.070000,0.000000,0.000000,0.000000,-0.180000,8.000000,162.160000
1769106009.194133,0,0.000000,55.270000,0.000000,0.000000,0.000000,0.000000,0.000000,-0.180000,8.000000,162.170000
1769106009.201085,0,0.000000,55.650000,0.000000,0.010000,0.000000,0.000000,0.000000,-0.180000,8.000000,162.190000
1769106009.223038,0,0.000000,55.650000,0.000000,0.000000,0.000000,0.000000,0.000000,-0.180000,8.000000,162.210000
1769106009.230556,0,0.000000,55.410000,0.000000,0.000000,0.000000,0.000000,0.000000,-0.180000,8.000000,162.220000
1769106009.253174,0,0.000000,54.990000,0.000000,0.050000,0.000000,0.000000,0.000000,-0.180000,8.000000,162.240000
1769106009.261214,0,0.000000,54.590000,0.000000,0.050000,0.000000,0.000000,0.000000,-0.180000,8.000000,162.250000
1769106009.275640,0,0.000000,54.380000,0.000000,0.000000,0.000000,0.000000,0.000000,-0.180000,8.000000,162.270000
1769106009.297421,0,0.000000,54.450000,0.000000,0.000000,0.000000,0.000000,0.000000,-0.180000,8.000000,162.270000
1769106009.305862,0,0.000000,54.430000,0.000000,0.020000,0.000000,0.000000,0.000000,-0.180000,8.000000,162.300000
1769106009.329214,0,0.000000,54.310000,0.000000,0.050000,0.000000,0.000000,0.000000,-0.180000,8.000000,162.320000
1769106009.343084,0,0.000000,54.080000,0.000000,-0.010000,0.000000,0.000000,0.000000,-0.180000,8.000000,162.330000
1769106009.350470,0,0.000000,53.950000,0.000000,0.000000,0.000000,0.000000,0.000000,-0.180000,8.000000,162.330000
1769106009.373290,0,0.000000,54.110000,0.000000,0.030000,0.000000,0.000000,0.000000,-0.180000,8.000000,162.360000
1769106009.380887,0,0.000000,54.060000,0.000000,0.020000,0.000000,0.000000,0.000000,-0.180000,8.000000,162.360000
1769106009.395481,0,0.000000,54.060000,0.000000,0.030000,0.000000,0.000000,0.000000,-0.170000,8.000000,162.380000
1769106009.410643,0,0.000000,54.040000,0.000000,0.020000,0.000000,0.000000,0.000000,-0.180000,8.000000,162.410000
1769106009.434046,0,0.000000,54.020000,0.000000,-0.020000,0.000000,0.000000,0.000000,-0.180000,8.000000,162.410000
1769106009.441205,0,0.000000,54.040000,0.000000,0.050000,0.000000,0.000000,0.000000,-0.180000,8.000000,162.440000
1769106009.467341,0,0.000000,54.040000,0.000000,0.010000,0.000000,0.000000,0.000000,-0.180000,8.000000,162.440000
1769106009.482085,0,0.000000,54.110000,0.000000,0.030000,0.000000,0.000000,0.000000,-0.180000,8.000000,162.470000
1769106009.495453,0,0.000000,54.110000,0.000000,0.010000,0.000000,0.000000,0.000000,-0.180000,8.000000,162.470000
1769106009.515579,0,0.000000,54.130000,0.000000,0.050000,0.000000,0.000000,0.000000,-0.180000,8.000000,162.500000
1769106009.523139,0,0.000000,54.040000,0.000000,0.000000,0.000000,0.000000,0.000000,-0.180000,8.000000,162.500000
1769106009.542091,0,0.000000,54.060000,0.000000,0.030000,0.000000,0.000000,0.000000,-0.180000,8.000000,162.520000
1769106009.558954,0,0.000000,54.080000,0.000000,0.000000,0.000000,0.000000,0.000000,-0.180000,8.000000,162.530000
1769106009.566025,0,0.000000,54.150000,0.000000,0.020000,0.000000,0.000000,0.000000,-0.180000,8.000000,162.550000
1769106009.583450,0,0.000000,54.130000,0.000000,-0.050000,0.000000,0.000000,0.000000,-0.180000,8.000000,162.570000
1769106009.605325,0,0.000000,54.110000,0.000000,0.050000,0.000000,0.000000,0.000000,-0.180000,8.000000,162.580000
1769106009.607324,0,0.000000,54.150000,0.000000,0.030000,0.000000,0.000000,0.000000,-0.180000,8.000000,162.600000
1769106009.629069,0,0.000000,54.130000,0.000000,0.050000,0.000000,0.000000,0.000000,-0.170000,8.000000,162.610000
1769106009.635025,0,0.000000,54.060000,0.000000,0.000000,0.000000,0.000000,0.000000,-0.180000,8.000000,162.630000
1769106009.663613,0,0.000000,54.060000,0.000000,-0.010000,0.000000,0.000000,0.000000,-0.180000,8.000000,162.640000
1769106009.674010,0,0.000000,54.080000,0.000000,0.000000,0.000000,0.000000,0.000000,-0.180000,8.000000,162.660000
1769106009.688309,0,0.000000,54.180000,0.000000,0.020000,0.000000,0.000000,0.000000,-0.180000,8.000000,162.670000
1769106009.695443,0,0.000000,54.180000,0.000000,-0.010000,0.000000,0.000000,0.000000,-0.180000,8.000000,162.690000
1769106009.728868,0,0.000000,54.130000,0.000000,0.000000,0.000000,0.000000,0.000000,-0.180000,8.000000,162.710000
1769106009.730648,0,0.000000,54.160000,0.000000,0.090000,0.000000,0.000000,0.000000,-0.180000,8.000000,162.720000
1769106009.741461,0,0.000000,54.130000,0.000000,0.000000,0.000000,0.000000,0.000000,-0.180000,8.000000,162.740000
1769106009.767455,0,0.000000,54.130000,0.000000,0.000000,0.000000,0.000000,0.000000,-0.180000,8.000000,162.750000
1769106009.788895,0,0.000000,54.150000,0.000000,0.070000,0.000000,0.000000,0.000000,-0.180000,8.000000,162.770000
1769106009.802928,0,0.000000,54.080000,0.000000,0.050000,0.000000,0.000000,0.000000,-0.180000,8.000000,162.770000
1769106009.809592,0,0.000000,54.130000,0.000000,0.000000,0.000000,0.000000,0.000000,-0.180000,8.000000,162.800000
1769106009.838977,0,0.000000,54.130000,0.000000,-0.020000,0.000000,0.000000,0.000000,-0.180000,8.000000,162.820000
1769106009.846902,0,0.000000,54.130000,0.000000,0.000000,0.000000,0.000000,0.000000,-0.180000,8.000000,162.830000
1769106009.853518,0,0.000000,54.150000,0.000000,-0.030000,0.000000,0.000000,0.000000,-0.180000,8.000000,162.850000
1769106009.868704,0,0.000000,54.160000,0.000000,0.000000,0.000000,0.000000,0.000000,-0.180000,8.000000,162.860000
1769106009.910146,0,0.000000,54.200000,0.000000,0.010000,0.000000,0.000000,0.000000,-0.180000,8.000000,162.880000
1769106009.912932,0,0.000000,54.130000,0.000000,0.000000,0.000000,0.000000,0.000000,-0.180000,8.000000,162.880000
1769106009.917397,0,0.000000,54.080000,0.000000,0.000000,0.000000,0.000000,0.000000,-0.180000,8.000000,162.910000
1769106009.928827,0,0.000000,54.160000,0.000000,0.000000,0.000000,0.000000,0.000000,-0.180000,8.000000,162.910000
1769106009.959679,0,0.000000,54.250000,0.000000,0.050000,0.000000,0.000000,0.000000,-0.180000,8.000000,162.940000
1769106009.974021,0,0.000000,54.200000,0.000000,0.070000,0.000000,0.000000,0.000000,-0.180000,8.000000,162.940000
1769106009.982183,0,0.000000,54.150000,0.000000,0.010000,0.000000,0.000000,0.000000,-0.180000,8.000000,162.970000
1769106009.988469,0,0.000000,54.180000,0.000000,0.050000,0.000000,0.000000,0.000000,-0.180000,8.000000,162.970000
1769106010.011205,0,0.000000,54.200000,0.000000,0.030000,0.000000,0.000000,0.000000,-0.180000,8.000000,163.000000
1769106010.026177,0,0.000000,54.270000,0.000000,0.000000,0.000000,0.000000,0.000000,-0.180000,8.000000,163.000000
1769106010.040418,0,0.000000,54.290000,0.000000,0.030000,0.000000,0.000000,0.000000,-0.180000,8.000000,163.020000
1769106010.047758,0,0.000000,54.200000,0.000000,0.000000,0.000000,0.000000,0.000000,-0.180000,8.000000,163.050000
1769106010.077867,0,0.000000,54.400000,0.000000,-0.030000,0.000000,0.000000,0.000000,-0.180000,8.000000,163.050000
1769106010.079871,0,0.000000,54.290000,0.000000,0.010000,0.000000,0.000000,0.000000,-0.180000,8.000000,163.070000
1769106010.101794,0,0.000000,54.380000,0.000000,0.050000,0.000000,0.000000,0.000000,-0.180000,8.000000,163.080000
1769106010.108723,0,0.000000,54.310000,0.000000,0.010000,0.000000,0.000000,0.000000,-0.180000,8.000000,163.100000
1769106010.131968,0,0.000000,54.430000,0.000000,0.090000,0.000000,0.000000,0.000000,-0.180000,8.000000,163.110000
1769106010.138051,0,0.000000,54.490000,0.000000,0.030000,0.000000,0.000000,0.000000,-0.180000,8.000000,163.130000
1769106010.161613,0,0.000000,54.490000,0.000000,0.000000,0.000000,0.000000,0.000000,-0.180000,8.000000,163.140000
1769106010.184074,0,0.000000,54.540000,0.000000,0.020000,0.000000,0.000000,0.000000,-0.180000,8.000000,163.160000
1769106010.185666,0,0.000000,54.540000,0.000000,0.070000,0.000000,0.000000,0.000000,-0.180000,8.000000,163.170000
1769106010.205826,0,0.000000,54.680000,0.000000,0.070000,0.000000,0.000000,0.000000,-0.180000,8.000000,163.190000
1769106010.228801,0,0.000000,54.720000,0.000000,0.070000,0.000000,0.000000,0.000000,-0.180000,8.000000,163.210000
1769106010.230506,0,0.000000,54.680000,0.000000,0.090000,0.000000,0.000000,0.000000,-0.180000,8.000000,163.220000
1769106010.250607,0,0.000000,54.840000,0.000000,0.100000,0.000000,0.000000,0.000000,-0.180000,8.000000,163.240000
1769106010.265654,0,0.000000,54.900000,0.000000,0.090000,0.000000,0.000000,0.000000,-0.180000,8.000000,163.250000
1769106010.289040,0,0.000000,55.150000,0.000000,0.010000,0.000000,0.000000,0.000000,-0.180000,8.000000,163.270000
1769106010.303917,0,0.000000,55.520000,0.000000,0.000000,0.000000,0.000000,0.000000,-0.180000,8.000000,163.280000
1769106010.310694,0,0.000000,55.540000,0.000000,0.010000,0.000000,0.000000,0.000000,-0.180000,8.000000,163.300000
1769106010.333626,0,0.000000,55.630000,0.000000,0.010000,0.000000,0.000000,0.000000,-0.170000,8.000000,163.320000
1769106010.334635,0,0.000000,55.830000,0.000000,0.070000,0.000000,0.000000,0.000000,-0.180000,8.000000,163.330000
1769106010.348620,0,0.000000,55.660000,0.000000,0.090000,0.000000,0.000000,0.000000,-0.180000,8.000000,163.350000
1769106010.430772,0,0.000000,55.840000,0.000000,0.000000,0.000000,0.000000,0.000000,-0.180000,8.000000,163.360000
1769106010.431531,0,0.000000,55.840000,0.000000,0.050000,0.000000,0.000000,0.000000,-0.180000,8.000000,163.380000
1769106010.432539,0,0.000000,55.930000,0.000000,0.020000,0.000000,0.000000,0.000000,-0.180000,8.000000,163.380000
1769106010.433304,0,0.000000,55.900000,0.000000,0.020000,0.000000,0.000000,0.000000,-0.180000,8.000000,163.410000
1769106010.482930,0,0.000000,55.790000,0.000000,0.050000,0.000000,0.000000,0.000000,-0.180000,8.000000,163.410000
1769106010.483938,0,0.000000,55.860000,0.000000,0.030000,0.000000,0.000000,0.000000,-0.180000,8.000000,163.440000
1769106010.484742,0,0.000000,55.900000,0.000000,0.010000,0.000000,0.000000,0.000000,-0.180000,8.000000,163.460000
1769106010.514179,0,0.000000,55.900000,0.000000,0.010000,0.000000,0.000000,0.000000,-0.180000,8.000000,163.470000
1769106010.541594,0,0.000000,55.930000,0.000000,0.030000,0.000000,0.000000,0.000000,-0.180000,8.000000,163.470000
1769106010.541594,0,0.000000,55.900000,0.000000,0.050000,0.000000,0.000000,0.000000,-0.170000,8.000000,163.500000
1769106010.566355,0,0.000000,55.880000,0.000000,0.000000,0.000000,0.000000,0.000000,-0.180000,8.000000,163.500000
1769106010.567353,0,0.000000,55.900000,0.000000,0.020000,0.000000,0.000000,0.000000,-0.180000,8.000000,163.520000
1769106010.592892,0,0.000000,55.860000,0.000000,0.020000,0.000000,0.000000,0.000000,-0.180000,8.000000,163.550000
1769106010.593893,0,0.000000,55.930000,0.000000,0.050000,0.000000,0.000000,0.000000,-0.180000,8.000000,163.550000
1769106010.618330,0,0.000000,55.900000,0.000000,0.000000,0.000000,0.000000,0.000000,-0.180000,8.000000,163.580000
1769106010.645300,0,0.000000,55.790000,0.000000,0.020000,0.000000,0.000000,0.000000,-0.180000,8.000000,163.580000
1769106010.646244,0,0.000000,55.610000,0.000000,-0.010000,0.000000,0.000000,0.000000,-0.180000,8.000000,163.600000
1769106010.671916,0,0.000000,55.540000,0.000000,0.010000,0.000000,0.000000,0.000000,-0.180000,8.000000,163.610000
1769106010.672916,0,0.000000,55.590000,0.000000,0.000000,0.000000,0.000000,0.000000,-0.180000,8.000000,163.630000
1769106010.697532,0,0.000000,55.500000,0.000000,0.020000,0.000000,0.000000,0.000000,-0.180000,8.000000,163.640000
1769106010.723174,0,0.000000,55.470000,0.000000,0.000000,0.000000,0.000000,0.000000,-0.180000,8.000000,163.660000
1769106010.723940,0,0.000000,55.450000,0.000000,0.020000,0.000000,0.000000,0.000000,-0.180000,8.000000,163.670000
1769106010.749345,0,0.000000,55.360000,0.000000,-0.010000,0.000000,0.000000,0.000000,-0.180000,8.000000,163.690000
1769106010.750000,0,0.000000,55.270000,0.000000,-0.090000,0.000000,0.000000,0.000000,-0.180000,8.000000,163.710000
1769106010.775748,0,0.000000,55.130000,0.000000,0.050000,0.000000,0.000000,0.000000,-0.180000,8.000000,163.720000
1769106010.776752,0,0.000000,55.040000,0.000000,0.000000,0.000000,0.000000,0.000000,-0.180000,8.000000,163.740000
1769106010.802724,0,0.000000,54.840000,0.000000,0.010000,0.000000,0.000000,0.000000,-0.180000,8.000000,163.750000
1769106010.828001,0,0.000000,54.720000,0.000000,0.090000,0.000000,0.000000,0.000000,-0.180000,8.000000,163.770000
1769106010.829578,0,0.000000,54.750000,0.000000,-0.030000,0.000000,0.000000,0.000000,-0.180000,8.000000,163.780000
1769106010.854901,0,0.000000,54.880000,0.000000,0.000000,0.000000,0.000000,0.000000,-0.170000,8.000000,163.800000
1769106010.855902,0,0.000000,54.720000,0.000000,0.010000,0.000000,0.000000,0.000000,-0.180000,8.000000,163.820000
1769106010.882317,0,0.000000,54.630000,0.000000,0.050000,0.000000,0.000000,0.000000,-0.180000,8.000000,163.830000
1769106010.883321,0,0.000000,54.540000,0.000000,0.000000,0.000000,0.000000,0.000000,-0.180000,8.000000,163.850000
1769106010.911353,0,0.000000,54.590000,0.000000,0.000000,0.000000,0.000000,0.000000,-0.180000,8.000000,163.860000
1769106010.937315,0,0.000000,54.590000,0.000000,0.010000,0.000000,0.000000,0.000000,-0.180000,8.000000,163.880000
1769106010.937820,0,0.000000,54.580000,0.000000,0.000000,0.000000,0.000000,0.000000,-0.180000,8.000000,163.890000
1769106010.938825,0,0.000000,54.610000,0.000000,0.000000,0.000000,0.000000,0.000000,-0.180000,8.000000,163.910000
1769106010.967544,0,0.000000,54.560000,0.000000,-0.010000,0.000000,0.000000,0.000000,-0.180000,8.000000,163.910000
1769106010.967544,0,0.000000,54.590000,0.000000,0.030000,0.000000,0.000000,0.000000,-0.180000,8.000000,163.940000
1769106010.994298,0,0.000000,54.590000,0.000000,-0.010000,0.000000,0.000000,0.000000,-0.180000,8.000000,163.940000
1769106011.019873,0,0.000000,54.580000,0.000000,-0.020000,0.000000,0.000000,0.000000,-0.180000,8.000000,163.970000
1769106011.045719,0,0.000000,54.490000,0.000000,0.010000,0.000000,0.000000,0.000000,-0.180000,8.000000,163.990000
1769106011.046520,0,0.000000,54.540000,0.000000,0.100000,0.000000,0.000000,0.000000,-0.180000,8.000000,164.000000
1769106011.071673,0,0.000000,54.450000,0.000000,0.000000,0.000000,0.000000,0.000000,-0.180000,8.000000,164.020000
1769106011.072181,0,0.000000,54.200000,0.000000,0.000000,0.000000,0.000000,0.000000,-0.180000,8.000000,164.020000
1769106011.098541,0,0.000000,54.150000,0.000000,0.010000,0.000000,0.000000,0.000000,-0.180000,8.000000,164.050000
1769106011.124941,0,0.000000,54.020000,0.000000,0.000000,0.000000,0.000000,0.000000,-0.180000,8.000000,164.050000
1769106011.124941,0,0.000000,53.700000,0.000000,0.050000,0.000000,0.000000,0.000000,-0.180000,8.000000,164.080000
1769106011.125944,0,0.000000,53.430000,0.000000,0.000000,0.000000,0.000000,0.000000,-0.180000,8.000000,164.080000
1769106011.150320,0,0.000000,53.000000,0.000000,0.000000,0.000000,0.000000,0.000000,-0.180000,8.000000,164.110000
1769106011.178977,0,0.000000,52.770000,0.000000,0.030000,0.000000,0.000000,0.000000,-0.180000,8.000000,164.110000
1769106011.179979,0,0.000000,52.840000,0.000000,0.070000,0.000000,0.000000,0.000000,-0.180000,8.000000,164.130000
